P_twap,P_usd
103.79377126068192,103.16477505304326
96.85355870097673,96.38065575884505
96.30114458622971,96.12289211098258
91.36745341044558,91.0806612078596
98.58387102594985,98.29400992958597
117.16770827296112,116.85857815979242
97.14275393958206,96.9305797641452
106.42059411091218,106.16586798631143
81.19625071224553,80.24478321296559
89.69379034912674,89.52767591093514
107.0206516696934,106.57740562277314
117.91258686783131,117.37086015707509
93.51630386157284,93.41814504064165
89.49656536616718,89.26790650729318
94.54484116169027,94.42104629693472
94.17414982272967,93.24987874789859
91.91299570505355,91.14682761462211
91.98093636411178,91.82800908270467
95.5753491162638,95.13812990072455
99.48423120619853,99.2189284998727
106.94308039865413,106.5485278645516
103.80836525425248,102.93817391154306
83.89663296682821,83.73086691959753
91.34857866527852,90.32868895976429
84.18540380816061,83.11008596621164
121.51507335053431,120.42461596403429
100.957766761636,100.74841635187062
108.82469214218501,108.38064885009325
104.34284154359146,104.20341252770757
101.04907990231578,100.77494085454471
97.62952423201034,97.2134523066298
90.61574604767995,89.55636874740865
87.21696465146643,86.92627276929272
101.28032985212324,100.57847104070571
94.87658061223391,94.65348629404258
101.15949655332797,101.01371714222651
102.8336050490744,102.27573304002968
111.7696246928761,111.61140154717147
89.61173302169423,88.69554762652182
98.41549503629969,98.21902553577023
105.33654020990534,104.96138885714744
103.99983034507133,103.69809969297661
106.17888687538512,106.02670617942461
105.48182338242242,104.97675481564463
90.73560668901472,90.56627484434141
106.96776842235248,106.73005612776728
93.8556334660688,93.6497280012076
94.09734996158708,94.01225938801197
88.53781862310375,87.50549561038174
84.37396861547855,83.6381863332225
104.61747424040915,104.04846101677106
96.32590236421746,95.74492897722995
101.84527974589862,101.6762696571369
95.62526580387326,95.39234331103658
95.7239418500259,95.5360616421741
88.70071180782605,88.52680141406559
76.98918285661125,76.03816637856573
92.60823412083168,92.39027313612405
104.66901951932074,104.07088202439124
95.50852590823264,95.35447368261033
104.12587420245416,103.55709379747763
88.35896960048939,88.0615786651957
102.5775646103314,102.34862008020174
91.62006370678256,91.3776150204627
113.03475854836864,112.70522768429122
102.16877294321847,101.62338594822582
92.17661357219707,91.88305922053742
101.34328183089602,101.26859518323728
112.16013755281101,111.49956366476302
104.09679693456515,103.56183750351434
108.3174915978225,107.8269949007929
83.33611986400659,81.3890990300356
96.64896652555257,96.15145057433558
95.81911305570215,95.58624809711182
77.44316348961866,75.32803696978556
103.48971746525667,103.27519920676359
102.65328664781794,102.46963923165254
97.97006832872317,97.83491742798387
99.08685716295702,98.99099788927066
104.39162578574005,104.25508372873146
100.43397182380127,100.2217969972838
101.01229353939914,100.83548550842973
84.89724961460978,84.4241840629417
88.71167416454156,87.8989019567096
99.37926970991866,99.23812202250767
102.07520401844477,101.72147165385755
101.3055011701221,100.90828337154072
120.3760040343256,119.90349493499066
75.2280057902933,73.2512472204461
88.25763925913355,88.0178052779057
95.81982512277199,95.68193892245986
98.6549812952466,98.53192515919089
112.55727299582597,111.70802636979408
88.90293998440366,88.40503120461338
73.66301034199796,70.58596689627184
108.24163023846884,107.93689589274061
88.9048317241711,88.05044496977669
95.25095220079368,94.81700082441095
91.41124613344779,91.3398663866653
110.95413094973857,110.52650738591434
110.09809971126354,109.93277053061328
91.10411356517318,90.19385778279656
104.50168757161943,103.8483814425069
90.6659446042156,90.13715267155892
106.1597633490183,105.93650243579759
105.4084488696721,105.19985246757815
93.41720542920025,93.1008804740543
94.21423104394403,93.65175956798703
108.5844251451375,107.96695512405317
107.15462893398586,106.91389630841117
88.0270210308572,86.37514248284774
93.54497615716194,93.42117596657008
83.43151323209575,82.73243977133868
87.41815861033672,87.25292217627074
105.730555743525,105.3920499280906
99.56170853526991,99.26138017389663
111.47520897155138,110.8291407871936
94.47146373562367,94.33121283010328
103.19879756644332,102.91624419966699
87.5464359153071,86.97234123828062
90.82380786950709,90.08525037964284
92.80642332209051,92.73136353617643
116.34660238362001,115.81650027942872
83.6239960385065,82.41835976843822
95.43935136674469,94.79103451214625
97.62328771989542,97.30014404197682
92.51864226734921,92.31013034257708
111.39622779199458,110.86923266153414
97.34434074138986,97.14590704915561
102.39579764729987,101.95077411252241
94.31480344897226,93.85204420314706
102.71606555642236,102.4789466450276
99.49038040090223,99.41462418530963
99.06241971200065,98.46726930125799
99.43362100331028,98.91091053988946
111.41653084343551,111.0360795452175
91.58580784304408,91.25262049687338
117.30525502852463,116.73921932662019
99.89732255594528,99.62474165727609
92.91174675948324,92.36308318062329
89.31947529578933,88.95169757130834
85.82338255167286,85.00597195314464
103.61549304036589,103.18480285044396
107.09847555133625,106.71077287862586
90.65601659397133,90.50176974497968
87.69349016279071,87.28343536709542
104.76243513912412,104.43563986148708
85.39879880076018,85.10993494674366
114.82748314231841,114.37740242397551
104.668101156468,104.55673479382581
89.33895964163622,88.94920822001897
82.96704780758752,81.25582398838864
86.0788412969395,85.65864980408014
96.27224556886749,96.09079858421873
76.63276573081079,75.67840383161219
101.22340748453853,100.50650922873382
93.00418284785985,92.79535050241756
100.45725751337908,100.24809795943497
100.13888400116448,99.96076689131789
98.97393117537563,98.89277547396355
91.67128274103105,91.40002824351167
103.78224522245483,103.55056051047079
97.33503322928073,96.75198610594003
87.96708341611935,87.10859363081062
114.14031910258772,113.82224875471444
122.2064612526299,120.63207630622787
88.32947428957648,88.10155541030362
84.26842207817043,83.78415959346238
86.70434225827981,85.46937266451827
89.88125013558907,89.7436689565992
106.33807955678884,106.05723220136029
112.26938864472869,110.76034851902382
104.31508128066241,103.98612853493754
106.08441328526189,105.6543800343347
93.88697008408808,93.72359950940049
109.38293127486845,109.19129462587394
93.0092727794958,92.3950748485681
93.75220317180981,93.45027761679124
78.50497190843357,76.74611756667076
94.11347932722092,93.94912578490741
93.79543576618686,93.51366809232661
79.48405423352443,78.34296666012388
98.593944020223,98.4882317542819
94.65668161149635,94.44046453683139
87.45194788140785,86.62726659971712
103.17337943223018,102.91973962448716
95.96097830675839,95.61839073346118
87.7634282444008,86.46349769106864
87.5428010604667,87.30984239025645
96.17188911391442,96.03297983521438
104.24183222716233,103.97074028558198
103.50463800979482,103.32103989003521
94.42700179212827,93.40879034154351
101.55570071708033,101.44198040421017
130.67628052298898,128.38409630178913
85.38724706281484,84.97156288403959
106.9717074549633,106.81397587247892
98.00668312995343,97.8020716817482
105.88234993391626,105.44532357124315
87.31963539236817,86.75362562660595
89.59264054035958,88.73063012718627
109.95567788744388,109.78099341162734
111.17535347770962,110.96377384402386
86.16530795927073,85.4942124343252
105.31615506989623,105.12012026189828
94.9153941650571,94.70666925953458
99.2836990426804,99.097284120839
95.52957140244185,95.0135873414678
128.42010607421892,126.33086403199817
108.71997613719381,107.97731920044743
89.71730752507996,89.5766773926346
95.84434744878736,95.65173451761453
94.40612259943869,94.03082304699444
93.23388889040206,93.1329266786261
90.65995051076433,90.4411856355928
108.61528746894047,108.39044685231383
83.27278104981836,82.73020171297478
97.10921513534849,96.8603918122262
93.11456636804468,92.97182907782594
107.66829264622969,106.97944445001251
111.34541153119743,111.02185862209978
103.75545595534993,103.06644297768577
101.59057246029286,101.37306840080414
87.51855649716155,87.19837770346413
108.95251766129931,108.59661936615618
87.4198030994238,87.14308048624444
88.9217521487189,88.24384692943588
96.99723345506055,96.64094078664577
99.7285223862515,98.8145715411925
85.90565380484797,85.05954647927564
97.58942817647339,97.47222623065865
93.17052461964855,92.35641431307761
99.81834370939629,99.60889972682804
112.65812068036347,112.4425639867467
98.84465795608739,98.6223737426004
88.5641522573913,88.14491807496162
92.39730162402168,92.12276258969315
95.93887986228873,95.77557977823659
93.29546735783357,93.1269460022091
113.25235830973503,112.91321154570994
89.81424305362103,89.33254232119633
105.34873985669402,105.11370512820325
84.65498729751438,84.20187990520601
96.30549603654345,96.09034191052194
104.81553964369415,104.65375134371523
105.70650532925058,105.34983022232349
85.20871160980536,84.77105541453558
117.58792765397115,116.7002515182284
98.61825839718487,98.2995673399902
106.77361266070953,106.380052974695
83.49819999731588,83.12190350832597
94.56229005948651,94.33628369918509
113.76693057115432,112.46685494145258
92.87386575133877,92.59608948587302
83.84299344873298,83.46144538276243
95.04924312125694,94.92534991392503
90.16953808302827,89.57676594699714
97.49272643207918,97.40867114728391
90.62933062869259,90.4150840820707
100.62882314778844,100.51280575500684
81.96853652519133,80.69682441918741
105.08500546239755,104.9145966365229
84.39261974309082,83.71986502999064
86.66791658000265,85.59318464952821
99.18280058547565,99.04881374905955
118.45706793362713,117.976896825296
86.1377326688134,85.30275905562007
90.0994774508724,89.37921915846253
100.95778017223911,100.41185809653834
91.11950110771096,90.40680093412301
91.14659611481578,90.5926671364093
92.10040829806653,91.64782839403917
95.94675647355116,94.96744534267583
93.39979620564444,93.18812688656018
95.92945116608352,95.88476697374428
97.7183810193541,97.48084968274107
118.8826466536946,118.03839251990634
101.30682231424765,100.81593747627653
86.23667004585414,85.75936778839966
92.78396488648379,92.13399362243949
79.50725831337895,78.93228864552057
93.09405454046255,92.04218490581853
85.88576481340156,85.46987612673594
81.73783514629218,80.74044647617166
98.85126976551268,98.76713175638655
93.83242822889132,93.68042965581458
108.08014835381157,106.67279524262936
98.5775250501114,98.47537845237382
92.29116076092485,91.66719800462228
97.25155351302563,97.08874712075716
92.66430334865716,92.4836839122783
97.8975757489096,97.72081219628974
96.43659949710333,96.1701726221549
107.15897013668473,106.36361320737952
88.30141099076333,88.11864917697547
112.47262023655367,112.24547005058042
76.92442223410546,76.0419837758893
81.98500457931954,81.00599404711713
86.12571951516288,83.53183054979
105.60231407458274,105.36883994682152
108.15464137316684,108.02417421364312
91.39094272197866,90.12378053224457
92.08290728516698,91.58947806039687
100.63892523847719,100.45952476665632
89.94908073407333,89.2016614847396
95.91832879085682,95.69813239445936
93.63963016874861,93.30821035716554
89.0099758362353,88.20820981920038
94.39696464863954,94.16558816300868
89.02549789156969,88.78075465322597
109.26201529727516,108.4016103832717
87.80676651745094,86.78506125116407
107.77253050238166,107.05675400494115
88.99218693940442,88.38418914729716
99.0369330419829,98.72032233685947
89.54356610502352,89.24193571249899
101.98169690441671,101.22741767619576
112.92919878764212,111.87654687813885
94.15228185918139,94.06657116177665
89.06688588395022,88.65796018690922
97.19567633019187,97.09908392958627
106.32469713621813,106.19383868631012
84.74150511909353,84.28203642126532
99.20110302796022,98.96660122544804
88.5472449118386,87.95211751661175
99.23116245648025,98.87360718438724
106.1063260736403,105.99647905163997
89.14244377471789,88.3754186531914
96.31596633188998,96.2346190378061
95.53660291811185,94.63931349001543
103.47326424663508,103.01484390836472
106.89409765412505,106.67326001992022
104.18210033261498,103.93188784385504
89.61802281677778,88.19612971461002
92.41162705643691,91.95529397468502
107.55214834214277,107.12094655430718
80.30709791141291,77.18225300645459
88.93867884375119,87.83980560559392
82.71590195504663,81.85561856063183
98.21818213755188,98.04475447148238
127.71519024156576,126.4418440136382
103.43555698068667,103.20896086818858
91.4031340495997,90.9090057377314
99.52471631129669,99.017496126455
99.2342603987698,98.87240032664305
107.44135179063927,106.61719775675289
93.21714350905893,92.96707140975744
118.60961767167069,116.54959433819019
97.12520327330562,96.67785055081812
93.42287639634316,93.11526189562292
103.52040136387396,102.50640248712327
93.65805540883044,93.29142894231236
87.8143760426657,86.79378988123206
100.22419189992745,100.13063455914906
109.18213763487518,108.95281722312814
92.90557040166426,92.74666191778739
84.07273869612432,83.6747358983925
92.19548055248963,91.93667637227354
88.87611705802095,88.69639334607469
105.95100209130527,105.54306221433414
96.44873173531998,95.8995621512895
104.84574078943075,104.37777461118424
108.07006955428704,107.59576197967311
106.67735637002353,106.26747408663473
90.76156526001998,89.98166164974461
94.0385327490238,93.51751455902507
81.12863279240702,79.19564769329874
95.40995539743048,95.19111748614112
95.76872106704772,95.6154809618707
100.05154208631646,100.00663320824772
117.17252396936138,116.35510809352536
101.35406280146528,100.82261983127879
100.5123479098602,100.43576422692252
94.4157067724302,94.23749957764417
90.15243086913955,89.29861806648655
95.2876966201341,94.99470786954257
109.44594071464962,108.97389258160477
104.3994167333117,104.10104617309966
89.51960795182154,88.45755029202803
93.45908019925372,93.11043924531532
100.37352437576008,100.01829952305114
90.88160207290555,90.44506376101478
127.63734733135884,126.36527127791105
104.09362412231764,103.90924245164261
95.20953964527449,94.79505033375008
86.94046495351002,86.34641144687303
111.05919747402174,110.72063509252146
80.21799784194373,79.331621441817
104.48998868431187,104.12924106851561
95.30875505769764,94.78165913152777
110.27649368588735,109.89927181124304
93.82732250412477,93.29126772902322
96.70983763763644,95.7585089534584
91.05480697844608,90.92027671383272
89.3469542721577,88.92170832039807
98.92757166485222,98.67746300340143
92.41096437470263,92.32772558099461
74.43252442790241,71.98377020515188
91.58732680891106,91.2529291269229
94.66539406461068,94.46709576059091
107.40945124511767,107.3011598692214
95.35687396148298,94.35430945726702
87.92220993235607,87.76405417369944
80.97954180225894,80.48208234817443
99.1870255218398,98.94586156414799
90.45082976480046,89.75448846715283
84.69854541488472,84.13903637365662
104.29943175500046,104.07212795088643
91.0400852484447,90.50019611482759
94.28202167549614,93.94314981769567
96.55194191344488,95.97718844764219
92.0564175434844,91.66224404405585
98.2741119378031,97.89863053165782
88.57291820538863,88.2806099297481
97.5883326345451,96.49089801823355
92.32509941488179,90.59399755327352
116.58442638397746,115.18697186875887
128.47508967159348,126.68823725390517
101.74096288455101,101.65702196032153
85.73513419323237,84.89480341190732
98.2932444456923,98.0578872552778
97.6187155964201,97.5423689963272
92.75096604415565,92.53271526515411
96.5591745058912,96.33804155138183
99.34037935962368,99.11833101696618
90.19844906994207,89.91336212559986
96.54626854286452,96.47820845445186
97.64099812457731,97.397262083225
110.33811985535296,110.14393093460392
111.03504574391239,110.69783246551209
88.16863279074745,87.60677342466562
96.40417752720462,96.30604036241294
84.6724594317829,83.94879896904743
91.92722190624372,91.62555818383746
93.67196424879461,93.4865698524517
88.41393061812894,88.10269113212692
100.86424768860591,100.23617978190744
99.50881665574006,98.33979953981958
101.86685762354931,101.71592457702242
97.93359483685873,97.86020458531888
76.18773279009217,74.88927710394204
94.40754742980035,94.3145986556932
99.97309525987541,99.72244788525005
113.21382315253463,113.08313780125108
111.65351231595994,110.70350468130607
100.00375618123857,99.5941056913219
96.6977309949536,96.28987020465323
98.47258779260396,98.20785877020926
90.91565517951256,90.55712907345085
113.97366370522207,111.87751867003986
93.6144539926965,93.51706816894249
91.55109289455997,91.34783677808491
87.04297111408529,86.66714043565389
85.03602157374144,83.64889086355896
85.9935501827384,85.60372778456461
97.78358505831791,97.63904039970757
93.13409778951244,92.7908825783626
104.1864576040644,104.09067849557783
95.6642620204996,95.50472348563859
82.43125188613273,82.06239516652413
84.32558615817952,83.55678516420701
125.9796325989856,125.0986432214152
90.2733352924923,89.95162159995809
94.19554653659938,93.68930726454383
92.48806955951704,92.03851199734687
93.46801489764331,92.99641173559293
101.46069390435164,101.12427437125396
87.66764186906573,87.53069169316574
78.98376675081627,75.84639615662101
101.29038650191535,101.19249512755431
106.71740692202675,106.37346362097772
98.34161045888122,98.16956112739977
91.52588601492498,91.37651156056862
92.80914078119582,92.48314862061608
113.97162989555413,113.23937625327274
101.94746692973358,101.7416771941627
109.83085361263043,109.60246617023283
92.26833980790897,92.09464294962598
94.36041085475412,93.85895915870243
106.25729472367654,105.85607623543352
109.84564014337468,109.1649870847756
117.10370823205498,115.1684064496541
87.1107987272691,86.7342167691743
111.09101187361718,110.41404883177756
87.35585892875518,87.18869509490851
124.45063846487353,121.2846014172601
103.26279228099983,103.01813657681184
87.5295887875659,87.24115655440376
84.52407878672913,83.54090686189431
89.13967241996008,88.91862363246025
97.47443642121043,97.31898405845325
110.96089649229019,109.5368648922556
98.78395010089274,98.4879603449281
100.78630425255629,99.62257568469678
91.55862738623675,91.10610786085515
100.79253624405686,100.62586834827162
94.75193901542526,94.19750664672274
103.68596735174437,103.42574827067419
90.7853539194247,90.6071651449443
101.63251677012327,101.47560489151327
80.89674041206399,80.14230571346638
92.8493151937425,92.77344523113561
87.39825737184101,87.21399514915268
90.01737990037202,89.71687693970969
94.43800152795508,94.3066467439327
97.5475489789406,97.07029422728633
91.63803508488088,91.03071127433779
100.25136971899903,100.14776784942346
106.47869805138593,106.1384191833127
95.4014403096683,95.12990542742905
79.62565043714942,78.08789114656724
93.249768327353,93.05945480658971
99.4439879835662,99.18938531627666
100.60157014933395,100.45509169451897
85.36502593796632,84.80175212755361
105.03861455169597,104.85916079410755
99.40022815328504,99.18232844016187
84.60885996639375,83.49594020329074
111.50228179837366,111.19138703639261
102.7027468247991,102.5066076562749
120.74216698415422,119.59363362538977
92.1387381924016,91.71359178854726
92.74463972671178,92.43271158176657
94.01217178487943,93.63341860286162
101.95545152745339,101.84775624589383
80.38228115155339,80.14402997441586
110.19268031304955,109.94612462038816
86.38483642601085,85.96150112917216
98.62418239029013,98.24146971964564
105.60209815160177,104.91778704416049
81.96643381776407,81.36158189660142
87.02061491616429,85.91168025511321
87.58140608079516,86.52983601465536
93.08223253845738,92.33422465238533
82.55930816473729,82.14261608214909
99.98023161276681,99.78626093535995
112.27190768643305,110.44634052754718
110.04694806076351,109.50538202425295
85.4796401329561,84.69509588251644
98.56221954739242,97.7417941041175
87.29677692223194,86.09436301503493
94.11815084732825,93.91375745702327
99.96110413437852,99.86685439172467
100.90071654040936,100.62769948374383
109.16754422485573,108.39402468801043
105.45400734016586,105.1415558512422
96.33464982288575,95.90559684014414
83.47020733189261,82.6269904739974
106.44982421446998,106.11558620198791
92.21454107792924,91.94846826358972
95.197620729872,94.54479035083295
110.82756080586259,110.50173541845506
104.32331999233995,104.20758962219504
98.62010796691044,98.32449562219445
92.07525884310404,91.85421787195895
95.35628113608496,94.79367649799696
90.76338596468304,90.5220360792465
104.49470544081856,104.35404088162177
101.3000989960266,101.11403953661504
102.19041648117394,102.03486198685493
82.63901957854985,81.96477859267986
96.2507489803559,96.1051969075011
108.28390134676386,108.13873338278084
89.70821560130072,89.27713206681467
90.12397625304857,90.00265504014104
99.49261415634979,99.27301837060809
92.74277430181697,92.34289219439995
99.12843554931226,98.8478908313436
89.25504765169802,87.52848576894299
87.98437029379214,87.39480533911912
92.92312020896551,92.76368207341521
105.74776828725805,104.46428586472014
83.3084233178667,82.32184577410862
102.08750270271452,101.88559775909177
102.34132420337077,101.78385299024573
95.48958677730744,95.23686507151102
106.5345832270925,106.26370195263038
90.4486013852553,89.06064827188123
103.80141205829317,103.59482809511145
90.62787333945296,90.45301667174733
91.29495464713467,91.07925639167071
91.01538247018297,90.84764461743717
100.69138519983515,100.39357558612353
95.00371131328616,94.53006942029846
94.33860925812306,94.04407124746952
89.49153936808294,89.24782994369617
107.12389518680203,106.99346630462058
89.19613620755042,88.79933925855453
93.32832010377712,93.12153222861117
97.4367673273644,97.30668712420866
88.5567772294861,87.4289701715696
111.82885670238471,111.14252007717225
96.12917859371177,96.05736587966348
108.32405338605358,107.86434131270299
93.72476451384122,93.40480177660586
125.50138184430924,124.04030875325248
105.71957224282741,105.49685559784686
105.78440855548715,105.47092603729548
113.13400341978266,112.4323250626664
92.80791039226031,92.29556533184255
111.55321948979793,111.22891140004127
92.12986918587818,91.99471232251764
100.59347892445619,100.14925444687238
92.21545192769547,91.93999024693991
89.82975642546548,89.07819108213089
103.79721470119803,103.21917900918491
83.47616511186762,82.90152203305357
100.39671309457741,100.32721328297083
93.34408689185472,93.10762986241816
117.75559075078966,115.80588521246976
92.29996045625421,92.14651840445276
103.45910656470873,103.13520131911169
103.4954573963996,103.06769816617613
93.74704873482305,93.01915535802539
102.2106166084998,102.10975055950826
98.51004565565474,98.38917965666302
100.56038075108704,100.19600947399871
88.87309873551227,88.71015747332629
89.08012524696807,88.03965368141345
95.45085059484568,94.93615516585436
97.75362595325467,97.46229601031023
99.48242272878517,99.2411015892999
112.21024143815517,111.43210725306089
98.55687727372309,98.14842522483383
108.15680719154203,107.62034539679104
119.97811532149223,119.08061150307849
85.7815132622449,85.38975663438968
87.27640914858017,86.94359615976782
93.98907682866698,93.81365916499593
100.75200745183325,100.50923658720212
108.49490582186685,108.23221412241739
95.31385650499047,95.23089729618789
103.3502944455087,103.077078037262
98.84500395241173,98.09860796153289
111.84286251353835,111.49117395438212
111.81246165992731,111.61483316405226
98.83632902375376,98.76058079758562
113.99681396036924,113.49078226907496
95.01081983541994,94.68629609239647
102.79041324499299,102.64651539799789
122.06735699967763,120.55326011488211
110.06917457130253,109.73540120566786
94.91300650034907,94.74740506509117
116.87091120348481,116.30655336908764
99.60411784081168,99.31906205448368
84.67279884947585,84.28134450575284
96.30956941898565,95.6814333919958
94.18330780302357,93.84377647633985
86.51880409569081,86.23057240655757
89.9979892076771,89.5644270324615
89.10606198217643,88.78560156525361
97.77005595622441,97.28654193633115
121.32232223169163,120.79207936660472
83.35375863511825,82.08263062561043
106.25571125564913,105.10124622111687
83.66086185519941,82.69827706727501
108.95341091849285,108.71817306212846
97.51116387539055,97.2756992263134
95.35561795344589,95.03072972938979
97.5028401672017,97.09902945011868
103.3706026576353,103.1101806612221
96.68018129849617,96.468334676985
93.17133351658755,92.89687168719449
95.41658163202729,94.80451488512675
97.17133102205406,97.08988826284802
102.11330916040595,101.90706071515973
94.53287572275738,93.97943337385313
92.63240661597506,92.13108132820236
96.72483123915408,96.63152588245941
87.31158198653067,86.45425453456107
99.34713165111413,99.09273934286358
94.93264147078858,94.71660124289734
99.50486604150092,99.368101920836
104.68144891054217,104.41776193945091
96.8983292008525,96.68314302052949
97.43676946492411,96.85635259272898
110.80489518868461,110.36658433146575
87.16611978101675,86.87492132141944
99.01592958254899,98.63795114336237
92.30809878242934,91.91350625165101
113.4732520626274,113.01476404192005
93.98669202093114,93.84717801001497
108.21817605896456,108.0408622527662
85.85830592749215,85.11330314771658
86.02783286324113,85.48339920566991
87.90512910342697,87.17940784064649
82.78984516938442,82.08612323547938
93.4904765834052,92.89023005617919
95.83605992082376,95.54523676788456
100.2963925386693,99.82043906489379
109.55224278682103,109.36058066678
97.84004487801393,97.7571749526864
90.49034375522643,90.22178156951362
94.32700128460196,94.07200138773334
94.90309862236045,94.71796341054399
95.01650103225897,94.3629704175281
98.98456687079096,98.82246883986906
99.1674059861629,98.89965109198593
85.31279003939673,84.88708997980528
114.20929568073721,113.14670394083987
109.98007796440277,109.47116147856198
101.77607938424084,101.57252546112154
99.56641294168566,99.25878446022233
105.24271622107983,104.96500756979526
94.64606088281323,94.56824631561665
87.17855618033148,86.33782131857421
98.43070126595032,97.87664799163528
96.15996338652877,95.9418631545527
97.35499630202474,97.23204477289373
85.64511394555116,84.81994235771245
97.11560314156189,96.75487688844655
99.64528361606867,99.51837380639202
113.20301229874873,112.84464450575906
104.93895280256176,104.71332703796469
110.13483120407905,109.66454505834113
91.74875407639072,91.30922313028391
96.70199581069653,96.53405513748528
99.59540059686377,98.74790605360431
106.85184441726909,106.30453488174564
96.17686597423135,95.99832086058173
93.88322061827952,93.63662689838661
93.61069609843722,93.22898362303177
104.0321963125373,103.66394039793698
113.8403219444458,113.33782335200694
126.31606095296476,124.78180604294707
107.51647035410288,106.39163482411978
103.16222616672881,102.95667126244481
85.9895420252409,85.77534383196004
103.81729312907538,103.43137794051758
93.4120001229141,93.32420817519179
100.36069400741039,100.22098386672046
102.91483056912942,102.69267930360598
93.45736229812415,93.13354383889333
101.9146695684829,101.6554311781937
93.26822526790437,93.0554936628563
85.29250554051758,84.58165649051023
98.3176914821369,98.18278174584853
87.50632056152064,86.76194319703185
94.28821569994592,94.16193990922261
98.29209727662197,98.07001657391523
111.31858930727778,110.33124310666696
115.14947866202557,114.60961790080597
87.2615417097857,87.04932843132042
99.07186892894633,98.63066823317794
103.80861347048538,103.64055145170572
80.08518900704162,79.5978325327114
86.08283147513961,85.70211658870802
93.1434249132018,92.74234087130536
94.86931120080648,94.78551765583452
99.50319473606105,98.95906863184481
94.63440511980534,94.27261320155154
98.8115687787636,98.56823010182225
89.99585044699337,89.20871883102203
82.52168499957126,82.07209206982515
100.94056595739248,100.61233437986039
102.70912772364436,102.02391752354939
83.93442497716886,82.73724261118089
94.01098047715715,93.62949671293767
95.0372772886199,94.77640679208712
98.09300676415428,97.53240966732284
107.68772037155296,107.53715583240142
89.17259042322719,88.80396452680972
97.14992233354101,96.66505704808729
102.83558014528813,102.55053524564637
94.38809664966446,93.86284149594172
108.94810382838212,108.34101621656048
94.48096023854801,93.7133593084565
78.6694492145383,77.71658282525979
96.61097604105966,96.38166809325317
100.17112317433137,100.03540052592848
86.96336567891636,86.37590618805478
83.06110003315077,82.50156458716577
90.00753773249315,89.22088163639326
94.70967497782163,94.57441480127137
95.14942885614546,94.8993714213556
88.85803234708924,88.27380114578656
97.47542705139008,97.2953353042399
89.29357448888088,89.03478541093499
97.56685577013353,97.45250490135655
98.47860265571742,98.2607302396774
105.80083781146718,105.51947840328585
101.77199839246106,101.61358985140048
98.04891842192447,97.93000521419785
112.03751132615261,111.88075230845789
96.75734299990262,96.54545547133635
88.8377289226808,88.5708902185476
80.42568887796988,78.85150231695758
96.4383693729911,96.3519750458071
91.05902255906987,90.23753248539093
94.73109307512203,94.08310311603987
114.63965026777099,113.50749725814771
120.68706001070613,119.88121027257444
83.99582328181448,83.200104303412
112.96476876159738,112.47606911437977
82.26359144469308,81.8338724661422
82.62493181707669,82.09675411601093
95.21782338989382,94.92848231675515
112.81403326072552,112.35479024455972
93.9619706274655,93.82651895920276
104.25145285935008,104.08876297215484
115.90979238840022,115.58372495189546
86.29343496884135,85.60120782275125
83.21289010795617,82.78927194220967
104.14116440359747,103.52898383251703
95.73781299068737,95.6139905934701
97.02633207325226,96.79654733523712
91.43006821511005,90.90917165068211
119.60418789972425,118.1911893457933
93.92663368388858,93.27548685401669
107.72067787576128,106.97757673890302
90.62025485788858,90.29810018905877
99.08841334655199,98.5877736034231
78.46085231252309,77.39057005237997
88.0292644491894,87.17078756010305
96.67717223651641,96.43569477251114
78.40399357082705,77.29454139094932
91.88561749692383,91.62184966409814
96.09021340293384,95.87160632712745
118.7407704909166,118.12851050180552
90.22718947467618,90.05396018240725
88.76968283303059,87.31697110694503
90.32553028794705,89.80516196439694
98.96044179702027,98.82452116754867
93.30813539882305,93.0775243492436
113.76189794841497,112.6338822280266
103.32446257636126,103.08040589553013
111.31135819762268,111.04363434327766
102.10249382748302,102.01982182474143
102.55024983109888,102.45908736252377
108.48700141711632,108.2373101756889
94.93458035181817,94.57634852932262
87.07570886556795,85.9397952651298
90.09183592904864,89.91877705495351
86.40613409894814,85.5278716907027
109.387156575834,109.1926144927878
93.88814357367754,93.65255547782776
92.06239977303824,91.84145328628625
88.40590211400189,88.16609968892962
108.53822991358824,108.2207007428674
85.52564999479708,85.11862873478698
91.40024840713002,90.84177324439322
99.13614113431409,98.98636248114667
104.75303587341888,104.54581736680657
100.5962129166137,100.44407008299925
91.96488317879475,91.19289468343942
102.41149529651484,102.21255511168836
95.97170779865506,95.81123527175993
102.62781825724974,102.33891175391803
92.68992596519035,91.97368065294546
100.89830897233071,100.67422471121517
95.24138428791201,95.08662514689266
104.28433642683814,104.16071319704973
106.32819388378543,106.16336524343657
84.00869822232951,83.43828486474104
92.82914469412059,92.44428940841031
92.9096945365327,92.43929507004448
84.27958835737421,83.97212521154283
90.79318835701808,90.42596957036133
93.54042116490271,92.86704153700046
113.32529642608073,112.36050762098905
78.18690167603327,77.25124845813536
102.53565113061104,102.03761589275835
92.37090554775145,92.00343301035035
85.20810306467409,85.0215980608049
87.03240542475115,86.74069711002609
106.77046599613139,105.98911002800908
99.96689490272576,99.82430206379443
97.20098777380021,97.08935613416351
100.072357328983,99.93968994133533
79.97649958226708,79.54618580799131
102.78754180280846,102.50662572064842
105.02609472377617,104.79669293075324
103.51256214700314,103.08051524550679
111.06583736940146,110.49550913959565
85.02619717585829,84.69864975062038
87.77501814294628,86.94046249615907
111.15171324341007,110.81207182409933
91.27836052237237,90.85536168212295
112.84992994165233,112.3217491961125
93.19823180336135,92.5133126635507
93.61853885059985,93.15835469917026
90.58422221890898,90.04938988913032
107.70051849978961,107.50282575656003
81.54566716581553,80.35484772776053
84.65023111833267,84.14374184807038
92.5750544222551,92.3323389239984
96.48521036878428,96.13253722076621
85.07893575902753,84.43276541111351
106.37219057574912,106.03028460159129
113.21967917550715,112.95361382846113
99.31475525779594,99.14659408899003
90.54094378182299,90.26924694189567
100.29743071998459,100.16090837861718
86.2998132901702,84.90722586751532
102.51513185890269,102.40133493042013
107.17539203631766,106.28312376889126
93.81232014863946,93.20080204986586
88.00471997079774,87.38968934783533
86.09182193043092,85.204696489222
89.76994788624415,89.61354412274103
106.50036969519259,106.3116627599139
92.37978782854732,92.18846730578102
99.4541313352158,99.07698601966139
108.4820832097239,108.33422964356474
104.50689370266632,103.88339115504539
105.74680198989427,105.2837447955022
79.84119649406256,79.0642960340493
87.47287592807908,86.88844509230039
84.17924438949393,83.2076059408558
100.53114439662626,100.42817895916811
92.30556953504895,92.21192714149366
91.54399576947817,91.42096050548237
88.47433311046656,88.00122210203344
109.04553965534562,108.20838601267184
99.72899533697785,99.61184765529453
85.23010647414486,84.40697868149522
101.15063078756275,100.93636602207398
93.1328016866691,92.25591993948005
93.76381108448795,93.02883267519037
81.82203784070478,81.3431535423793
87.75088785200003,86.65656844674878
94.44632406873532,93.85714077503728
105.4608161969408,105.2965145855323
94.6179959936036,94.3757542189045
108.87327312423464,108.61198178699138
93.3491349254997,93.26630263800882
108.0731559623429,107.59994584908786
109.87462324116957,109.59968483343825
86.5687599793839,86.37907158681399
105.35518211507475,105.21770580852939
92.55629497591723,92.24077646719658
88.46538179394501,87.93083845108255
83.13667785788019,81.87859882828772
118.14937787329899,117.3612229001074
94.22472814411755,94.12467743578638
95.3779504569862,95.16152423114886
103.90299218808228,103.63725658987667
98.43480522060561,98.33111256239575
106.70740389405206,106.30679397461292
111.31687855713498,110.3974608347718
102.91992287070855,102.76868388384403
97.95072332864878,97.79771012364068
85.03277675545296,84.01441126608422
92.27078335460752,91.92759873324846
82.47580632611785,80.97628005881712
92.31328519238902,92.2057894301907
94.65385603751011,94.45030543231366
88.36014775158337,87.19228120364568
86.63844753025379,86.13393800956938
97.03311169015024,96.92822767764244
83.62669448736322,83.05195132361003
100.53993270462018,100.17406950126549
96.44771424496237,96.12482062709802
87.48766705812548,87.03059509403558
97.54387185581152,97.487540225144
86.23948884382342,85.9371114474579
83.19245264899409,81.66121351335904
96.12683901340644,93.51451341933392
82.7478149998704,82.1144294186683
109.23649528674422,108.80693251881877
102.54685490113124,102.06854993522865
97.24705726511507,96.28993124186574
105.72643513946737,105.37882207821113
94.97492909265591,93.6202629155556
100.82928728438732,100.69089812165835
88.24192966566426,87.18113439882715
93.12894811218536,92.4902285654706
89.800587271256,89.36825302121424
81.21548696594513,80.15340556953831
95.42660052386255,95.22012193261727
101.94889631995098,101.62147704751962
86.36184585211498,85.96168911226519
86.85075878632682,86.65964371706605
131.01930875778962,129.33641598460196
98.77939241883087,98.67561801840621
101.84022571642649,101.6076977857994
97.87299655603123,97.12637541844202
95.47187912874357,95.20251337140505
87.24140862059043,86.19785578675338
104.1808279711167,104.05766299338937
90.5613793683051,90.43111783903832
103.41367725298369,103.31545011328568
101.43143221458777,101.11642918535225
98.04492386886355,97.94583822430818
112.33992559950526,111.73242010849798
101.20229079495722,100.87184455272248
100.17461653006293,99.95111057114343
107.8391576704428,107.57421999747828
115.25856317499256,114.71451571596573
97.32608660829037,97.1529934451
106.84258409824193,106.47113401935924
104.22739354301471,103.27289692280068
80.8506788559001,80.05380337991657
95.03725778329655,94.93346222950898
100.20346614987578,100.08864768505497
83.67422758421449,81.84994432600683
98.99636586352788,98.51785997289308
98.97231077830936,98.84154293811108
91.32749373116646,90.91285352091401
86.50755698017332,85.81607857577062
98.68258487640519,98.58148426878704
86.52516306155357,85.94399930009867
115.50845585062875,114.62084633010657
97.88346431784224,97.4216133749639
90.73710066347832,90.59621907018845
80.37674784349494,79.53168236730015
87.60731087163808,86.66829857971643
109.75091433996775,109.52865455985533
103.62324308676597,102.26851654873825
92.5739668853738,92.49691726354308
85.44387157277184,85.12442690093765
108.49242665862486,108.3245599219919
87.36692574098878,86.87978020215104
83.15842804427629,82.5057847762004
86.70669889290015,86.13293936547637
90.34242081122107,89.3443603084308
94.90219441783275,94.61276164807413
88.55469171482459,87.88230845662876
98.48499839031477,98.31936258268621
95.13287990169353,94.91428585269027
92.37860731472725,91.93013878171645
97.92628668348485,97.84785445857446
103.83364069445211,103.60714254920757
92.54605844959333,91.74557977942224
92.2952355594461,92.08237034598665
95.36027949717786,95.07139303287929
116.48243632452841,116.0788505041523
90.43895151224987,90.211141395956
91.6901532301514,91.28257088481249
103.8569844366332,103.75364607607226
92.06544535301263,91.9155124291724
113.05205676019612,112.29389996830488
84.35647149978584,83.33878847887729
89.38837539096286,88.94275998752097
96.38816285507598,96.19407209177336
105.43510343011674,105.27579611624476
92.24666295194791,91.78172338214479
91.59850089591917,91.33204009584354
94.31055733258236,93.99428778415692
86.99331144693984,86.25534280927921
88.17685824926379,87.85487601876007
86.8419621046325,86.47540205575395
90.54640181171494,90.01352321275328
89.78499530874596,89.48401572659147
103.70298528024047,103.27213212861439
76.73907551959716,75.71142382796248
106.15713344361795,105.84549932992824
101.80079819389786,101.16052445384707
96.57412825072988,96.0714736943191
104.67836933372642,104.46745212927864
83.67918468212254,82.42734634554363
96.04230196342809,95.88233372602022
90.13869336677682,89.80671179986655
97.8274936306034,97.55136415888194
97.90639095779429,97.81032347090849
90.26065099427862,89.6387356011908
111.7286532828223,111.1309306142015
120.4458993423637,118.27199211652727
104.69728646853541,103.75196609890665
80.54069059845105,79.33244538625654
103.49832087776545,102.94937150657113
93.85057839160922,93.61877267579803
81.98370752256895,81.0503713968159
90.77115184038558,90.26972661390042
82.31806679052306,81.58068736522593
98.05990864287126,98.02233560751687
91.05968463928156,90.82570080500807
70.53953004189401,68.46230595591416
86.8926713626954,85.96070589199448
100.05729230472942,99.78418366065257
99.60317031530795,99.46802734346677
96.15663428368309,96.03400994920007
101.61798122975188,101.17769030561139
98.68749613565416,98.05849770647083
86.40718938735485,85.96958047242903
86.78023487363063,85.19899994610391
96.91908444144764,96.2883481584418
88.54935705916249,88.31107941614152
77.1813835417486,75.15994457059954
107.20179282306914,107.12200095303415
101.8265610918096,101.54797673297797
96.44802193881357,96.33711927505846
88.37214862782737,88.08787041756179
110.05593181458806,109.64905757275403
105.72983907780873,105.52501907281352
77.84428416661109,77.07728620519879
100.22399556661063,99.89338409285234
100.05470386370806,98.97570977300235
106.64718030629005,106.38659225656359
90.31851536409303,89.95039346510887
92.47818142542026,92.28055165015675
79.51684751564362,78.12043450542723
90.881951727548,90.618319628376
102.73828304924524,102.40657473652455
104.28082756880795,104.14386823591681
91.06896062364349,90.47204045393282
94.36046838984811,93.97564432269262
92.30542404900824,92.15881655540792
114.82746722529646,114.3259594789044
87.9134954456233,87.47193217639739
106.97394665113073,106.68344474641214
95.36143198933385,95.28737804088637
111.74832088957879,111.1758534614724
94.72129325644819,94.63951032506127
97.73451376389521,97.54556737405336
94.82774378495483,93.91460735871058
116.27958915155905,115.68905809593359
96.13190472049077,96.0023535161641
121.53634631158445,120.49493440666593
95.45145269755488,95.29463131795278
102.74604477099682,102.35597726528532
92.97042961593654,92.72315176169992
94.48367781745667,94.00921548136884
104.623983863264,104.45124578130198
107.56025319703866,107.38547290111916
81.67203951320818,80.99796688377194
106.87278070285888,106.66531881702434
88.07810640304005,87.26179110136833
89.95093172893392,89.51106768264066
81.03200635607762,79.37322362469882
97.15150284302229,96.3824853574139
119.20206452556631,118.49985352715477
108.41118555507832,108.19585125970414
108.3326489136772,108.1526359358921
96.30709173706639,96.09826002729768
95.76052783764693,95.55831018949634
97.32811402357456,96.77332866874775
82.99057567238675,82.7700946310272
106.14304841159272,106.01584325901354
96.37232068013996,95.11974574385913
91.57430447314235,91.01103862343369
96.73281737676365,96.55505567317951
82.08057086261701,81.48888377822463
95.47056661633975,95.41597896508986
108.1480206719631,107.85754015670784
93.4274724805999,92.93554897151607
100.59452620157457,100.24240169947535
100.77133375886964,100.61024002807245
98.04674481222938,97.63331188069235
84.68459050950821,82.98937561084152
92.36602742290897,92.06859263770114
94.1034861855717,93.34231913248179
103.41612448640237,103.28902883318557
93.65804237869541,93.25975667053495
107.00483798733721,105.51890798568643
89.87994128613755,89.53738643367011
93.9909694999481,93.57396921877431
119.42491157678452,117.80155765366563
94.03691511947376,93.83856827322077
98.29475483188922,98.00555718070429
82.25609756138562,81.85509053519586
102.1840656047299,102.04441606919315
105.62417604756331,105.24644789092066
82.41325690434458,79.72538756565308
95.85632239413678,95.11303420097131
90.93841597023265,90.63540818451806
114.20429526286172,113.73611466193522
90.43344048922513,90.15226371449948
118.37610779565324,117.1148692826202
109.34597650512036,109.0613288653299
106.7046403123252,106.57270000416392
88.60240202677097,88.11773464021988
87.22800808520196,86.74777761297923
97.68956355522332,97.46226737413528
92.74122708545272,92.67320403291134
97.19880892988682,96.82222912925772
108.94512520227198,108.81981830805103
95.92003818037563,95.71625663707968
103.2041369735881,102.98165296343551
93.94980341656218,93.85255538510674
97.35177813275808,96.75437241148047
89.91083918237506,89.71271380338936
102.94251832664108,102.75974152858343
96.60029325567321,96.41236189469653
86.43511519954558,85.86760254723895
106.4580898639762,106.18802831006765
106.54256209492848,106.01244954684248
98.91019794486814,98.70467085539357
88.24683489548997,87.82580867584755
105.27396123139346,105.06370388926014
96.83641119743062,96.53373135839335
95.1965108926925,94.92900616124194
94.92940176439728,94.55943747865696
96.59423799149627,96.25021725439497
105.63525627315093,105.29259704624236
88.47366153819468,88.09346330220781
98.17335269451004,98.05418236009416
90.08528394475266,89.70371257476943
94.16472813096583,94.0168590193787
91.34653168861989,91.17145387603917
88.69996318865513,88.5978884831748
105.41327298899054,105.21755561456841
98.80375174388391,98.55033744442328
97.95053886422613,97.57749433844698
93.14252485833129,92.50415212904984
99.19251239569763,98.81732439371007
115.16408462516276,114.44341911754127
97.42739318074868,96.97322528182187
115.99630726740506,115.73306371073951
80.20167485224728,78.8791966926921
78.01075136862748,76.73951491113081
97.66805293878797,97.50730090092691
84.51246422846403,83.67723871796872
81.14827423726823,80.72081585058028
91.13843737754289,90.62871914439208
103.56739422762948,103.34041798204507
84.33601049838647,83.80195973175584
95.11313277145618,94.94947125583211
98.84033565265169,98.54468402995596
96.66911282942745,96.56213145553882
95.88129621727468,95.48541763609461
95.94456801807631,95.62014404665834
101.1799068038444,100.73857063309225
89.62000601713072,88.85972570948529
93.92799554251303,93.33993982966757
108.11139564544517,107.7872468236862
91.89155696920996,91.61012779758751
97.55458081213044,97.12500887656122
115.14607315660753,114.6680781399149
98.10972303753006,97.94790799691106
96.89060961209294,96.49682845241135
91.68932889112804,91.38870691313242
84.43127136403287,83.81911043492147
87.99756643131853,87.76423823027817
87.1752438437251,87.00793219246735
94.56119108691193,94.35584130811759
81.10763221993217,79.51242753296013
72.22477026081948,70.47586056100988
97.98326071422032,97.69343484333709
102.70919615684696,102.54968521583014
96.66419279394117,96.5211153141118
88.64325112653619,87.71869672943919
92.09974338830145,91.93885997705085
89.64752186613448,89.46519229770945
82.94848684165281,81.08832942379206
94.54490001358384,94.35364531389784
99.71172431492316,99.62249502435802
76.78577717189758,75.73501959216686
79.3635695708591,78.99779673269241
93.08214989578293,92.83976872463364
107.81027687065551,107.15504303078181
86.28568749186306,85.43884973370105
102.51779092604424,102.22003207954128
80.8265871979173,79.47519106407307
100.30466436218367,99.20867017242323
87.46258061729148,87.02128763386628
115.16526721052249,114.98934505687038
99.00297143296369,98.60625499044899
94.10828124663348,93.88935624493799
99.3292373368836,99.26357257200729
107.1232179839055,106.84244604399207
89.80584162572644,89.6679194568099
103.88805238516237,103.4649992628277
99.99662415179989,99.78254218285343
90.81331660454954,90.19438782923883
95.89666176275743,95.72902376452525
106.09831567684907,105.6384091111042
104.78204846847902,104.60763904321333
96.26720854745406,95.80414022414809
99.20304767293985,99.11172940329803
113.4172471770004,113.12918633734529
90.62563524259762,90.47159691081522
110.12472843052196,109.56530144311496
124.77742667881917,123.82452359465125
99.91710013782635,99.85912935864273
88.86308975294723,88.01311494929571
96.47354270487116,96.29333554377406
89.4157687589501,88.38104962460035
95.71094400066568,94.78268775087992
92.72025324319947,92.30630610423015
119.58059783248022,118.98053996693969
83.54484042882977,82.83560295935578
92.53698297708122,91.64857740858241
109.65024544867869,108.39144412044668
94.30619042788828,93.90795287560236
88.91902217465751,88.4808041279812
88.84852296235229,88.60010946436898
95.92342432555898,95.58681375042475
90.48545833161505,89.88599486374373
100.39382701859566,100.28649043221667
84.05163054247966,82.89407816656743
95.68083164918545,95.49070800565728
96.19110977801823,95.78516791732454
100.41395795226912,100.133526679892
97.8570340028869,97.55642717937958
97.045075842613,96.90080898399651
98.38314072641444,97.61125808871769
76.52313253006112,75.43753454133856
100.56493971734368,100.30202204772084
87.74271906815439,87.46261837023616
105.11813850139731,104.78056621057831
107.21523607228099,107.11365791393455
100.4037217357175,100.1269683884555
104.8378997458384,104.6956764075504
102.40762974399253,102.21129499766552
89.4469579594885,88.7673397635268
106.95040667278703,106.5665670168063
98.7349710515193,98.37920692277878
99.68591232501339,99.51228770776376
104.98474218938645,104.86930517187498
113.16186841965008,112.42735705987808
116.49658487214332,116.00784775324789
109.00855403219765,108.75913136564053
99.490402050655,98.45879912224231
106.277025738356,106.17360661174035
100.1866839638286,99.91506717600645
101.387920223005,101.20177212762738
97.83722367129077,97.53143229689081
100.40801342300685,100.25019298466209
114.68283368948488,114.43972345303567
89.08233901746073,88.84412427283425
95.31207063157962,94.72093446896372
92.2696725756992,91.9371953747815
110.5012264116851,110.34838765919693
91.58469312131015,91.3668417657203
109.75869152460832,109.35291687067524
96.78488579640461,96.55715756709766
87.62836971366698,87.47110535064904
106.5556497638528,106.37446468556864
97.05809608232462,96.88051164435794
96.48842106391244,96.12452999131095
96.00796231974307,95.80306266353703
94.22595386166931,94.05372266844331
91.97217204381836,91.69478457062787
84.66006593268959,84.38180066234017
95.22641115984345,94.00852951634052
98.36298073702446,98.15233683308881
86.34991876592592,85.82483786421734
94.96400104175413,94.03029897246016
101.66284958515753,101.43593580557311
99.53296441401955,98.97772222138734
104.3893969614368,103.83733692694149
96.15303992725212,95.68168389828277
93.29154446239545,92.5676755650649
100.41865200969055,100.09551263187444
102.23133848242217,102.00439591562508
105.32842397987616,105.20662158601377
90.31961061983351,89.90018608668689
92.69048342277328,92.17820998996213
86.6549252799643,86.30606456273088
134.42962232697514,132.17123687040888
101.990051358593,101.78518306777175
92.17422016811776,92.0757575213162
84.18501081005408,82.82989702699237
83.07253322154857,82.36929090072083
105.77373793045179,104.59891432978688
97.10097383339813,96.9096940831176
99.46126932944868,99.24912001213588
90.41103486897774,89.95444879632443
81.53117816671848,80.61287045118999
97.42464082127121,97.33316586510533
113.62422536949258,113.20100890739438
103.1460752198949,102.37020595950283
77.45500775797315,76.82398413124176
114.34591585510906,113.74821349161759
111.43743525748103,111.21265434332581
99.00838799895858,98.77865430671466
90.98041844918258,90.44784171115712
101.95251979501334,101.66798311282881
90.48535372260508,90.11883618344962
86.49909423562873,85.37860257866951
88.11891312167258,87.49514777859078
103.73017963840785,103.56886327117341
100.94386525022841,100.43654524541451
92.15058032204789,91.82793424734794
96.70021544502195,95.51470040223526
83.8947345292944,82.24941464687885
92.3819769735097,91.84445253882635
92.57914514430726,92.2099813961254
88.58804175328117,88.29835948118824
104.17596782807694,103.23078083488235
81.55547706487027,80.95642809048418
89.71275132500483,89.44424623638483
104.63452276962988,104.28084039968392
113.25914228795673,112.26088766859633
90.13091152785019,89.74175973708807
95.92566577296132,95.31171640061243
85.2272879634819,84.76787778119949
85.72953084703948,85.5562916600826
75.38023807643947,74.67816958051935
91.72693285029702,91.5357070604548
82.51233565538554,81.64232279357107
84.0504168762172,83.68723244358569
87.64520222540665,87.46045215090108
99.54692659082588,99.41499282603036
100.14175381989969,99.67922307030881
101.78525266636456,101.2972620049494
97.36194531859093,97.08360045161929
96.93122630162539,96.5725581469592
76.65897939804528,75.44091602177652
100.04572685541677,99.77913489509729
94.93657297691934,94.67921311972067
106.99034405384323,106.55293231596592
104.46184584337652,104.07968218850344
93.97232003359393,93.67935589167125
93.01060557056074,92.66957657703558
88.23884437029098,87.5696603914186
106.33413888209239,106.14453298932054
97.03982048555228,96.88289531284367
89.59986816770204,88.6165864353801
106.15902134595882,106.04458596072371
90.34533132237657,89.70175031572175
115.40277427826035,114.85207210006752
93.1176168729548,92.9931316027368
98.17725571283394,97.7854139346421
98.91533407901012,98.60179398319113
94.757576415669,94.4212220260606
86.08288671358119,85.43450213037305
96.66562068997406,96.41874440289585
110.96983704961283,110.63046067760122
89.29795871973347,89.15557688045367
105.26617199379548,104.39900693410189
83.28556579410001,82.61393714544224
103.93831700585261,103.59782766889374
97.30396809529358,97.18353143109535
105.61233499585362,105.520888802461
94.95484569594016,93.35361537193049
88.18946300107395,87.44272408481183
105.477246915059,105.42241884144697
100.60850418269074,99.75476730199459
97.36008625894448,97.23478443362708
103.38024870013695,103.24915383346402
100.15697473691169,99.92784499576041
93.61229871159438,93.18948638819421
104.60683901665145,104.31085971167039
94.84181466168279,94.51093046304055
90.66109852035784,90.50735848287131
97.90918930341067,97.72918449722953
95.97412722235339,95.77610028428604
97.65931640752535,97.42726933247233
88.66291925221594,88.24441015974207
94.21611082934453,93.57549193141749
99.04882833864419,98.89996495104447
95.34531867300493,94.30719758143157
108.41225565373976,108.30990881867922
88.03651018445176,87.8996075777432
107.2116550476132,106.85048228178752
91.16972894487448,90.64032093561237
100.67012954022927,100.20033583916512
99.31712472936663,99.01821428137315
101.08613096271196,100.83014205853584
107.28370016766905,106.99759464587075
92.93445186373215,92.46428997095384
105.08788838136181,104.94088779466628
87.03582417342112,86.26315518492632
114.81390960836609,114.48966484788824
82.45024109716029,80.3015116632414
88.34132930310604,86.25693237610398
106.91476890447159,106.78508783071928
82.18367876635908,81.73063465666026
116.95256048646557,116.06235243923597
107.9049053712414,107.7704778562329
112.00474438128263,111.5573986496693
106.72952028413776,106.38816699967644
111.69920883649354,111.19677800312611
103.83565400974165,103.44653594275488
99.86002684287872,99.77218352412407
85.7404821395586,85.07948952749108
102.01608976946213,101.7631783310575
88.32047183903465,87.69157364160121
97.32988568588779,96.90636006923313
90.09736149448004,88.9399511328014
85.37606453319046,84.78509241937923
100.88811402114086,100.61777422259651
98.88987166470372,98.71789464807183
86.9761852216002,86.6729234048521
88.7632504302524,87.99079657231351
88.53022454589518,87.57103723952997
88.35613671504024,88.03338017774905
96.55692762953511,96.25551600368783
103.576911267825,103.49432907801437
90.11768641976094,90.00595277094179
98.68966905018962,98.4732567445853
89.05973126874804,88.35468458793484
88.15106389652003,87.27819336827254
103.0890289560425,102.89080968207398
78.80764709288485,77.47863526390186
98.82159748708104,98.65037758219108
94.22441871193865,94.09034623924212
89.31746166864163,88.19282763071705
104.63797694859008,104.03909403736617
82.99981544263214,81.98941296594039
94.40306752718438,93.79940011300086
92.178688168476,92.01480420148205
109.44155457948642,109.1022818155218
93.31847936769562,91.74277925592067
83.16783577246683,82.31849487355159
89.79302400973658,89.38438534107196
84.11372298794005,83.79193968249517
109.26354284602071,109.03322596567023
94.0718980860849,94.01470900171137
92.04556603159446,91.59731259789294
102.58915549643265,102.37581796492779
83.98680249662499,83.49899594271334
91.84641520264786,91.21052856321747
112.50905531062472,111.96452152172672
91.573762676963,91.45146724773635
97.2450127474422,96.7646517311887
102.5979823364227,102.47587578358176
87.95039019460292,87.7610291789684
85.3137114778776,82.97756366021923
92.82492647073593,92.62035284117556
101.83266011433676,101.54089700052386
112.25507895606368,111.7688258439874
91.6749776729064,91.37392856506621
103.81209178552353,103.54555026051585
95.29370419467415,95.07128225754234
86.50157873066595,86.24643215609328
89.75454909553109,89.52432862358063
90.89826456451088,90.1598437225569
102.60590963209364,102.38259611686506
96.8661648244,96.73297859168143
102.36353159186294,102.09750910169609
81.98981591641842,80.42121418192546
101.91522000007244,101.8113206875643
133.30351623287078,131.8824277778831
103.04642166446762,102.88446181922015
109.9494106879237,109.31831951873464
91.07662235743088,90.5871061545626
103.00716751873195,102.76806371326107
94.03916981024862,93.98411748717757
103.62288226534037,103.0231112037836
100.87466998441728,100.72138877009343
104.45011427734707,104.35131858371189
85.38822686950952,84.91227851974445
106.96634984910976,106.19043595254027
94.01161052693875,92.9048112444442
99.03951479873513,98.53464246815952
95.16565514010759,94.28984240889001
89.33356276501023,88.46215447641404
83.71301572216491,83.29467561315205
103.91259624062405,103.73542730353793
92.7020869468965,91.88473586278229
89.28573977366324,88.78139502510778
82.56678307752179,81.65472475748747
108.17896858189884,107.85142723084819
104.21372724966466,104.04909496868622
100.4219865079469,100.07511269376543
84.15552706185058,83.67280786792983
121.75821125912235,120.18514157522485
91.42028677057968,91.24411104316356
107.56697205976371,107.09137003933391
85.34144962721265,84.51154794765151
98.60968153568072,98.25129363165618
99.99000399290325,99.90375136160834
90.14669121906387,89.79272834261293
89.28784652746418,89.07470236459035
87.46016753073381,87.09522143265681
97.17069641880775,96.9714762510988
94.67832307017585,94.50337209294528
102.98091341988155,102.88192006451426
94.6647643609787,94.04798622242782
114.05971307369491,113.67567577596742
80.31819524646278,78.52320686453525
107.23997696833437,106.92149301111725
92.50395853529908,91.97909202487763
95.07302849516185,94.85781141716214
91.76230779646407,91.55977754526437
127.1573065488672,125.38690894157797
89.21488708762398,88.28569608768242
80.5163799202587,79.57731315390444
89.15930582604798,88.789060781642
100.45393331793039,100.29750471797065
95.01468754952288,94.34167915007407
123.48052767065617,122.74624854972623
86.13491466689895,85.59680112868836
96.47094549311443,96.33665312717673
88.37057582899048,87.71119259870666
105.98508098106106,105.6966879571872
98.64007481723533,97.98232151339883
112.31454627445557,112.12604312534255
87.05655175234519,86.78475572150423
106.29377452463814,105.9199098431335
104.95927970344333,104.6630092463194
90.79407984200049,89.48319155120744
83.07594008505184,82.68367685161913
95.13754552705599,94.87671526279321
97.47993050616584,97.37077578244615
100.55100823230003,100.46506217677002
86.99215719799133,86.29881063837304
107.23042757485047,106.81357202132608
82.11109319365198,80.45138320633421
105.00588597083474,104.59927262406035
108.17137103848387,107.97817616308116
101.1388329544782,100.98727020491371
83.7453365825829,83.01160805574803
81.78197761262236,80.47547159075458
95.14386371245428,94.79805177788602
101.27289301124165,101.14390655980685
101.94476603922527,101.75256278578777
86.56770439728544,86.42942692443143
105.48184463610227,105.20647838450249
99.2709617105353,98.9992707792835
93.57397539952059,93.42386838117598
94.54529151592165,94.43355832122968
100.7151602427991,100.59066303997317
121.08000914936375,119.82212988949016
84.14357243024547,83.83463039481002
98.36276685731264,98.07174006065546
93.05349004695412,92.68717738296088
98.47271931135361,97.95344812919089
89.3918663458182,89.06934898233321
88.37464050411225,87.74071780284333
98.45884539559785,98.10348074497375
109.27437151531099,108.9643223611551
87.20735214223596,85.87872494112943
101.92457033161482,101.79497053995651
107.06597195896957,106.82607477552655
94.88485746054137,93.73429483453732
90.23594903395202,89.95026399051318
82.29489476447381,81.5951626812204
88.36622763055063,87.35100138547612
83.32936423461817,82.30653342034098
88.40640514870834,87.49633885125922
99.98817744707453,99.90312831080351
79.36899553747348,78.33850131495622
109.07504338060957,108.9050800174128
124.02356301745358,123.36927900199858
89.08947610668754,88.84814768966515
94.81372785267307,94.12165656112762
119.88727004235274,117.34359077738974
95.06251933081604,94.71440574247166
91.20357842286228,91.06569204900066
89.56700564040355,89.37809277022869
101.25472648646895,101.1056784855
95.4202466403805,95.07493316920574
107.68785726722547,107.55752310386012
98.10936792198494,97.85270754005023
105.9502511147284,105.70085761721961
83.07744009519519,82.30745609127071
87.38323964951212,85.54222427260355
105.77518050954086,104.82438731463985
109.50292228195147,109.33133209641113
81.05175814507623,79.09588536113351
88.2388308727829,87.84286962612035
94.37568817986313,94.30501924649663
109.08843698564267,108.48261322295623
85.90157825868833,85.49381471612509
99.14101376072364,98.81629779191793
96.52163501813864,96.25900778092662
101.99559946446776,101.7640697957447
101.37051676273873,101.17285517236687
96.36152588771965,95.76182141374404
127.3775291738647,125.92834262869721
87.55380855559196,87.2696748355373
89.6494548277917,89.55508742502508
92.16873678842231,91.9259400514164
100.73038592846015,100.54737955210791
94.64128388030207,94.55779349921406
99.61069873192609,99.06505852901196
115.63323550547406,114.2882597885337
92.87490659802162,92.57916908471095
112.63356113831185,111.85980868914446
108.24963556746324,107.95153895782502
84.71782151233087,84.07674394196295
102.80461267127546,101.81213634828507
104.91675230843997,104.34962606253399
98.38902293337885,98.02103012610102
96.1008523604778,95.78230158405752
113.02556597832009,112.35656902052914
112.43028974909994,111.88937103568404
95.77884781037476,95.5368873929391
87.25321083476227,86.87231736715076
88.64768201883889,88.27383672833172
109.71486196924518,109.55091163972516
88.77694854393107,87.81335090793709
93.93672744819618,93.09828021081401
98.1905289575823,97.61407207651875
96.27539318283586,96.20464719461025
98.14803384173884,97.80526513370673
99.13918469341935,99.02965759368075
100.6979990093685,100.56191140801488
110.74709520568922,110.16147365842698
112.22442840396756,111.61330909522222
90.19669694074375,89.99231309648712
77.86069140823118,76.43109710009693
100.0626265484351,99.85453973910462
109.53328185941734,109.20218447990483
108.89749710032628,108.57817882517999
91.26666367348219,91.10698985687735
98.78451494324045,98.61402367186982
85.58664846347128,85.31881258835497
98.61278851981751,98.49565157069482
120.38427932008692,119.39864982749951
98.31396386237513,98.01839952934014
106.96081917906669,106.51858089788006
131.00308079499393,128.17088406403187
81.2044916381625,80.08826266720776
104.64538085247706,104.52468927930241
90.48685876517764,90.01538054730283
86.36419297126668,85.97816865953241
96.66595298145627,96.53953050613009
107.07561043430658,106.82482692083529
85.53650609321967,85.30291378188753
93.5001786577881,92.25368984993649
110.07464574795345,109.7960453058086
91.6074463242505,91.36830481771986
94.22702126355722,94.16875051096666
96.5115090614732,94.81316486617901
95.79759821290523,95.55638719949678
87.47567201060949,86.8110662224198
95.95886400558501,95.52141529091399
90.81599184366472,89.66770110267205
103.128837111542,102.85352326551039
96.40495189759415,96.28375844410326
103.08613373749198,102.73786972452552
94.50097598343353,93.92675292050302
95.67471862185452,95.28573945416474
87.65892011251236,87.44950246723614
94.80496317023608,94.39945645170657
75.76090463025,74.95013493838718
88.81817169084042,88.3453473358001
96.33930917857334,96.141671313024
102.02834804808457,101.95702070156126
95.53770241824817,95.3113781267986
97.27341575443116,97.16206092905512
86.4703420277724,85.68265404521976
101.57652264008307,101.47164794834215
122.56037002038892,121.38063460443915
93.631048687755,93.2073246266525
96.81670421969017,96.62771184770676
118.54920161020937,117.23922862797092
109.77301027735415,109.71835828398565
106.12520331042334,105.9635761494689
89.99109981080913,89.71397826853226
101.90482391292198,101.84876438096367
103.72300536919057,103.08911333090727
124.7033247207546,123.16275746343827
88.1030739976214,87.39825669726069
108.68853672096508,108.3125923708989
88.36165742795596,87.7336841765629
85.03556097600986,84.4220888888044
87.67920627072064,86.86165808950169
100.02532333014436,99.83181014873611
76.18983392972545,74.49002170053008
93.26554534738965,92.95890105281646
99.49055567984703,98.92895899838146
93.46730945348672,93.23251232049363
116.23346746751129,115.60077304212591
101.4790388539553,100.71094119340172
96.14509179126176,95.87118151672921
120.19805547659958,119.3818650301898
122.85263734306511,120.93433162406133
107.31160872774367,107.05236040134305
97.9917052632169,97.69763802086543
98.48284382821788,98.34603676282686
86.64551795852003,86.0965909237925
105.77577650503292,105.46879445822482
84.98162243738358,84.60905215533066
93.11319481942972,92.92465481786891
90.92942746153275,89.23624684370449
94.11939736056387,93.52204069578055
102.5742886300822,102.38379585397077
104.65645386806898,104.42594784604498
90.4049345715958,89.8489851315417
99.0118273076216,98.69816955107474
95.65509443969145,95.26702753238656
94.39994850321459,93.87756240828172
107.94893872011389,107.5145439178273
98.55949217476638,98.43048634223925
98.33289505914414,98.06594032101319
98.23565141224937,97.9440855265793
104.57759395446055,104.4358706811072
90.26808960769367,88.99749090424531
102.05200056604441,101.8427278533434
97.1050936116327,96.44838204007057
86.58109349613729,86.32196129646688
95.15399034518212,94.62680325332299
102.95651165675925,102.80748614052862
105.75278772037713,105.36159671610412
88.68195896306526,88.2560725861339
101.56283514772562,101.42190501313203
92.35397925185383,92.020022750534
101.11780815000074,100.74784176055108
81.55404840595592,80.54119542325972
95.74295004972215,95.17831875103391
101.49182909341931,101.36593446707252
93.76964973669372,93.53050454179717
91.1022520457834,90.92798076009461
92.21401555259878,91.99072979737663
97.64655120010254,96.91233520515037
99.01737716701739,98.74174672268559
94.96972505661641,94.89195065854511
112.3957363043862,111.97990835821791
92.3042632432533,91.77923535417982
88.87909267464076,88.36832514215095
97.96386125035384,97.74037607220374
92.46127233739706,92.36366374388419
97.23123322120948,97.0197933061654
89.29366961458203,89.01677334637616
90.91805917695545,90.82072838744789
110.44943956144009,109.90460334678953
94.54550659621323,94.21171633033494
104.37977500892603,104.15292052743519
99.86316754043509,99.3927211597611
82.19308051824352,80.83082092343682
106.7296016180598,106.56614138866034
107.99697728316123,107.60332822997998
93.98862431856779,93.77251725425046
83.26216281615449,82.89902628449747
95.2670118275804,94.97020379162451
94.08247885222157,93.90395073337551
91.73568204181744,91.30390296766858
95.07632414782705,94.88042005224646
86.80271842505066,86.50290595775735
107.30736554020598,107.1097529241582
102.21918467043685,101.80202181803851
117.21495928052362,116.49031068210374
101.08760515248922,100.16622037922419
99.71414650128017,99.51260654343525
86.8917560782004,86.45239203094742
88.89493144901152,88.3990152321366
106.21697733014787,105.89162696362183
103.08955183893943,102.8420199109141
95.99270762387707,95.7060686283934
100.374113652111,100.19118980009625
95.54465803229382,94.70587408873538
99.08519062738766,98.88670198179739
113.01142457584919,112.72378214559092
86.32000494734115,85.90136314105544
96.57689255350115,96.35385512229226
95.79210737830452,95.55755289486068
88.24609408976275,87.53002805121221
102.28596854207679,102.08169966098735
98.7417077256602,98.66295193206051
89.59613501904224,88.73911631370598
90.13836409157155,89.8611410118877
100.12501361118612,99.6517212062308
108.01965921157452,107.47204594798968
89.82457705625248,88.97935033370644
91.43025408299016,91.02589005448239
88.44575142611411,87.5986352507168
97.76428044479897,97.34345084675563
104.04908325542115,103.70817571915717
97.88713204920285,97.7030307225434
87.04295813316386,85.94473594739438
92.86838332038036,92.0740303643345
115.73574066776278,115.102481208445
87.26579154846428,86.20242972200603
105.03978455604658,104.92913210649404
89.63228441264026,88.71913360348097
77.65593100051812,76.51311905536956
95.15557687839069,94.79579817121204
102.43668863229081,102.19787393974805
106.55673722780907,106.19125390282427
84.45603230680089,83.94666657914603
105.14816762396475,104.51965759003228
95.88939996931418,95.74279613341557
107.44313865658555,107.02743560861336
89.09415560167558,88.46532973328048
103.25591083578945,102.97097689146955
97.59475786161967,96.76927463012622
118.27324365797831,117.83239338774797
98.98602758149808,98.89951645259592
76.3251191514146,74.61670145373085
96.72914694128643,95.61987003594356
97.005810483085,96.8373392308874
104.28960060190514,104.07997005799866
101.4447516562705,101.23328852716436
101.857267224102,101.68722488483023
93.94150271096368,93.57791676534563
92.90502701580357,92.65650019237175
121.18519131038302,119.81543795368859
94.74662492452353,93.86539847267828
104.35507287058498,104.17989788238766
96.02522175619347,95.91943659599137
91.13120761484917,90.78207868712528
93.89870095265327,93.71518299259428
90.74608566080796,90.32445639972985
76.88934656742535,76.08857176399768
100.54669109638944,100.03710225972048
97.90212931784279,97.49939914130505
99.31261579733484,98.1665894751939
92.18421796305131,91.26840017233269
104.38656010263004,104.0079718723973
109.91149252910121,109.40887398888354
98.90823183014851,98.51812810772466
91.44300041950584,91.36264137575344
89.82232090280786,89.69428306254724
101.41508658943448,101.27120247166037
93.51791082835962,93.33810474579298
80.73329516355606,79.95092387644281
107.98284257785969,107.56292749361296
83.12221981947188,82.506689340207
98.65044193190778,98.48600700866679
75.97776093723559,75.09416294628319
88.64319433251234,88.33814105468635
94.09674906506137,93.78482887285571
107.20817197027387,106.8738461696411
100.00270935789837,99.39948402157044
106.08470264208438,105.77702913581815
98.22250587985634,97.48212176387091
95.99958564477447,95.86391897376896
85.7750518917588,84.77886376088976
83.35559700690034,82.99530662798489
106.89429149289599,106.5452909311488
89.39376087322188,88.83868372123064
88.67236825219351,88.08108249608797
102.46071873693315,102.23396057781162
84.08076964498727,82.9567479092724
90.7430599474905,90.51487768411825
101.57392228066097,101.15926012565446
91.69304854792853,91.38359489901298
84.81003201234743,84.05973955353049
101.90143402337918,101.61094619496741
86.6762443018367,86.23884201758149
97.21435610002999,96.53167354214374
109.7506091259646,109.6226245477518
89.92518580311356,89.13180112116551
106.88088352808741,106.54646799528003
90.28144430082513,89.83866542296076
92.89782950954819,92.41335752444662
87.52374403205307,87.1782139540159
98.13744505022197,97.50645655043472
91.59272050556774,91.2249157857106
96.75069141908692,96.17676025413637
100.91285392674631,100.62152276202137
88.3807313629308,87.88616738551613
94.10136791652738,93.90948855710185
114.29933357956523,113.93023729382756
97.28128014770833,97.0967572813388
95.03260696442157,94.75813522253135
118.4647067365138,117.58245652412974
100.17409009172903,99.77789722761494
96.72317009878536,96.4922715094317
103.26735155379116,103.18771634031825
86.0504003632566,85.65225826443925
99.38568159144187,99.12732946369466
83.46841645260515,83.03201569381486
88.84065865439348,87.84925904569303
107.86729554324677,106.72226622583928
94.20825387375243,93.81150357499195
114.60776968587585,114.1673475023088
98.91671763560096,98.79536794794018
104.77114264589478,104.65092143231992
91.74364859980977,91.62965070117103
103.47807877872228,103.15759989297823
101.28264618705938,101.11642380508931
111.73503615945013,111.51607163092797
90.07788556213208,89.5399793418625
102.39064929813276,102.19133463053454
101.00390727171278,100.58923729671011
93.933862941724,93.49320142285737
84.04825403093093,83.29229044352559
113.18711567746038,112.73808398887977
98.27523452413715,98.19872184750888
100.41422702784732,100.00896715645277
102.03199624463501,101.93889267820339
94.56806159395892,94.17486227391213
104.26465594581254,103.88632816501402
105.92897928291812,105.68242596019307
87.64121450107433,87.39930558524787
83.50881674774661,82.13413120637246
115.22543906233224,114.4142449155187
83.40313587104491,82.59456750757064
93.05018881512959,92.89674720686683
91.12217738703477,90.9430724364224
96.1921526225337,96.09247084296487
104.10529502273548,103.82774578581257
98.12318824279205,98.08658647762873
103.45019854807562,103.29035508038719
108.33773134147017,107.73339719312166
110.41924268891886,110.1014133892527
88.97139047306447,87.89603247963719
87.15364471150016,86.54327158620268
109.53769168662791,109.36222577778597
105.63188168435876,105.36973796255123
92.8443867543992,92.74196939884095
97.72672362219342,97.558283509933
86.77589281071837,86.26278792666503
89.00622042742029,88.77409157921878
83.55717400015315,82.83207559826451
85.86731373202612,84.72132546132926
88.60207026178179,88.16571406191756
106.89160916548404,106.33144533139006
111.02752731217102,110.54698525584425
97.45077642245573,97.25921011599567
111.19778826697225,110.76842941831167
88.32382707534265,87.66377837707591
108.77743659756061,108.57513325284226
95.26302656833857,95.09267586206667
93.90134791091705,93.76961507179061
97.8403577405283,96.91054305722507
100.04261053954146,99.85031786811518
90.34018560323271,89.27711895899387
94.36224471730843,94.22475109418056
108.32739746800688,108.06034217879814
104.00809593307523,103.69389837620194
107.2704203742433,107.10997166793214
90.1480820099313,89.87434690709124
107.28017179903782,106.76220282759495
105.96818979851867,105.35966978802455
111.14492879022062,110.62183803906039
98.58129410697613,98.13137579881509
87.26631971008163,86.63677933123228
96.19423202957209,95.96263603951789
94.48857652443289,94.13486403428999
99.10047155355231,99.0206389092023
100.5182705406313,100.391044716557
95.0124704062775,94.91758776079463
83.59121417988302,83.0001660287695
89.1035971274284,88.15813275220536
89.41276778582865,88.9395188834271
84.18930393794096,83.55794708150724
104.03275995439104,103.62590695535114
88.6639641088098,88.08594513356647
103.7101770336482,103.51503706317985
96.92731703282541,96.76971350066303
100.86881196162949,100.63191631988225
102.05003771771305,101.87847423931068
99.13993160891864,98.97445982418472
93.2561586864963,93.08851525323784
116.46917735713647,115.92942594049124
94.74284802651067,94.21353955115843
95.22030510734513,95.08575580455856
97.50605673069384,97.38461991958582
102.18094133821756,102.00757790904916
89.45268439177768,89.01692851429208
102.87266841382275,102.71147960352788
82.82970856874246,80.64154265891644
93.87846094358069,93.4584726987582
92.71336643519098,92.62627509025438
77.52213670261258,76.18886707731863
85.07938386278518,84.60701467547239
98.26467463385579,98.14938097406475
92.56011978069144,92.12668149762794
97.60275097489222,97.36838738655456
98.02155939247464,97.651382660493
97.05736592578596,96.83964407990807
92.31938365300397,92.03356772385442
96.61473618348855,96.49520626638298
96.05202954074433,95.75453110214809
104.38836735807237,103.87922473924397
100.60996037089028,100.42461603641175
100.62979885218736,99.7713974423813
96.87726856636392,96.77583334154151
101.51568113648584,101.2740596618681
116.87777803237569,116.41087696559441
92.57748673713388,92.32330899700258
88.57833851173596,88.28046155347049
90.6118039919906,90.41100699924428
91.83769940195225,89.62279466726801
101.39189899063481,101.08904715553203
106.88720183684296,106.54661255176008
102.79776490242038,101.78129451800024
98.95392207223455,98.78964508577148
105.37573120789673,104.90797385938002
108.37272437175649,108.17699727339965
101.30476365817479,100.82226067121266
80.82266221078831,80.31804762078016
100.52164782941095,100.24746214251215
100.84533804723588,100.03082090945979
110.38675982303266,110.14000828168057
86.59137658575679,86.16482473276234
99.49208473221415,99.41269009207775
101.92770112823733,101.50522277049717
81.8625803095217,79.63214774385733
89.11896381874033,88.9124553050921
100.1979734598497,99.96044467625188
88.25677106723815,87.9804149914412
99.0675070013929,98.83389274085398
81.20215033492664,79.94488502026726
100.85198310583212,100.76923894207076
101.48177694226548,101.28676422056004
95.2819328355942,94.92664644751578
99.39069895993478,99.21196915450267
112.7463101272066,112.3983831721074
102.47436966075765,102.15529491279558
89.10972852089053,88.57854782682875
98.1551088596126,98.03547246727372
92.29740745657064,91.53225021887313
85.54819058431029,84.91911600315672
90.09318215471642,89.85409281072445
91.1203015809537,90.347704504681
98.52390991639402,98.12373775848398
101.11004330266427,100.55646342421043
87.23822265231396,86.31533256457814
98.87390791396783,98.78542141005526
112.86505741227944,112.43865419144673
99.3445354292405,98.93828332088538
101.47341242352948,101.17741620549705
92.28419513904699,91.96237866940136
95.50126320297218,95.05859457711323
92.72016876600003,92.55479569397178
100.68763745999914,100.31912349586324
94.00437063220834,93.85696672359337
97.5730464051119,97.50992898056113
108.56304571140046,107.9068356797039
103.740198851409,103.46276529725678
98.00197655226084,97.8641553571692
95.28068144814192,95.028867808254
107.82712993219158,107.52135536772015
95.6121100240832,95.06720411884477
101.7093432535697,100.18646695915552
85.59598253265995,84.92423796612243
84.58927485020135,83.97260631316361
85.42577200347391,84.91390825863479
103.8085941916635,103.61414377817695
94.8553501396647,94.70407533667046
91.38180479432906,91.23573974852007
92.85999307378812,92.72814643118676
86.39158735364568,85.94344961847999
91.92528109573328,91.73860357894885
108.20101451039551,107.70516853201477
103.03842368903972,102.30213118808048
91.9690377486916,91.55578729337385
95.57708740506813,94.77555584177215
108.52427174635017,107.88443209912856
106.46921761687173,106.1925148096747
98.00956247311927,97.73481482555852
103.99113520093618,103.92272881836757
98.47014909911564,98.24670212246774
84.9296992976001,84.49615484234435
109.26861120157311,108.82173209712207
107.13068688376741,106.31398984387965
95.87088822563126,95.4769460787016
93.42903102357018,93.24187034602701
93.09054599746314,92.84664573716013
108.63516290980805,107.83321043223647
91.77610828707145,91.5063739722636
93.80303243268918,93.65457019915368
91.01271280465276,90.80792930118149
89.8827681537691,89.00226732498567
102.72129057151497,102.51148710584557
106.01127037910183,105.16468177567722
90.31113994619187,89.37865939209338
95.69278660155531,95.57957711115111
70.04270684305192,68.21507021832794
122.13478748795659,121.6873662905289
107.75311332042793,106.86632769142581
95.4445165495824,95.02766083598748
88.92547000749988,88.07515490483509
79.79105737915388,78.69494688194713
93.67911855130316,93.41634514598138
94.25292877949435,94.11350938644188
116.83399203651854,116.49791992910461
103.30965521651561,102.87672211808304
88.43194807838692,87.85465488712077
81.5044877299965,81.09278047696588
107.93553038112843,107.55803060786359
101.83513642442536,101.65978641416211
113.57929413636273,113.04851068914736
97.48012423557003,97.38376278965521
88.03615037115787,87.82569591824716
87.4686459674421,87.1765702863183
94.83206474181848,94.45405836780192
94.2761008337545,93.73571438719098
103.13335795409955,102.92420193106996
93.04366028260227,92.60526530898726
116.01925249259997,115.46271332606922
86.41696108808817,86.0713848192397
100.2860195003426,100.21520553084866
118.11274296489802,117.4145999894389
97.22452226878744,97.02122656205879
77.52879851360755,75.93341715783964
84.24495730039366,83.44634541161119
97.38938295162966,97.16446805399241
74.46494012141538,73.2464781442106
82.74885564039103,81.22786131703486
90.89755857062163,90.53967259001422
87.0461379755615,86.49872009751266
95.75330971744864,95.45260533881937
93.26747293368238,92.8861242631705
92.12671806362214,91.02637647885035
108.2559597044359,107.48294731614051
94.37028239917576,93.75892136577737
100.55685858996209,100.35105267816569
97.8944682084243,97.7578248136416
105.98319296224764,105.41755765473235
100.26547784462836,100.13064691243045
100.4213952763902,100.33562533153271
87.78598450778081,86.36647953850208
110.26604471035253,110.11482103771917
98.64877898972652,98.29768815274518
100.24753780168558,100.12441527536812
89.72389392453806,89.42388193632733
102.4631255502429,102.32848875680334
101.23895693384685,101.02216598516733
91.15283455846034,89.6515778302155
88.30624765952888,88.15174313525053
116.88470838897753,116.26024507424562
101.29752940309902,101.1946829929578
95.47928891649467,95.19541637947626
86.3725329562898,85.7621481730301
95.0631172156292,94.9658408377892
98.74320374118696,98.04987099893923
84.84565800621823,84.06262097010287
95.96066440404626,95.57404288046726
104.17250466041683,103.98874674380673
94.7828407319083,94.58441745122117
98.6496643064746,98.44467531942075
100.74904561162366,100.34734454249521
97.9016265656271,97.64607946139448
83.54914252609305,81.61938672045167
100.56503885411571,100.12657881718714
94.99687453360974,94.32658708288326
98.38616146565454,98.21213381591225
89.74878056792355,89.03672738555791
91.54175559360795,91.38840069938176
90.37358121533357,89.75276047698799
98.30755597307109,98.20798144814592
86.52026596094666,86.23686452541907
89.37800899545107,88.95915658693868
87.03128150228594,86.56390000093198
109.42688667384729,108.61382442696754
101.42378288452527,101.15311966548849
90.56379490706644,90.2149296733792
103.85600207533027,103.71545455255823
89.64599225876891,89.30922323151654
97.17516090946324,97.03705691129349
96.70466591106552,96.61084792727677
97.44230606136225,97.28445352602684
116.91955322256024,115.84107446772965
85.03351709769262,83.87903667988532
91.28546590827642,91.05120935508515
87.51162982396771,86.96554452207448
103.49439714880653,103.35853553800682
81.80920763401126,80.41202245310812
77.73197362334318,76.4144743551633
88.28022965017577,87.81753158898454
100.56067354547318,100.05879019614464
113.26712327829974,111.36245723816837
93.75580116175217,93.534399623338
99.90608047220162,99.71381472529517
96.42560545760061,96.28852116563705
107.2614541151631,106.80641329961472
102.34179086677092,102.13725165578866
86.26126143920658,85.40102498769765
105.85888366320353,105.50936179234695
97.46076209173623,97.35226384559365
108.35326398786745,108.17690336721266
98.5165982009437,98.3247783625515
100.34701099250728,100.11669216296022
93.97979791969414,93.55004399092904
87.49012980925023,86.92887443679892
105.5329673811356,105.0715061425804
108.97628662980223,108.44954275035657
93.83653036072292,93.66234606158065
84.92768998540934,84.16088330730804
91.40003885028186,91.11042075275358
98.77894996501331,98.63902926197463
97.88574351869924,97.57763540410282
89.67851475170328,89.46547910633488
96.90195598957493,96.74108661301598
88.25823416231668,87.86160926465637
94.8936785421948,94.50681002988601
114.10397700510454,113.45200388349332
107.12747501646535,106.78905935283855
100.56954225665756,100.46208812476692
102.07871557050163,101.20297817184104
83.47607338087688,83.1414514460562
94.74669102123886,93.88430863976919
99.6759838451919,99.11461845063211
90.07937115171255,89.96015528548558
86.86201382905048,86.66342278190174
116.41156637421689,115.73889803694114
105.18429494650822,104.83988317787578
104.98368145317417,103.78311500923355
108.38493740914899,108.26428927835201
99.01917209163739,98.97517208818695
110.79590361110814,110.20861152814213
91.04714243724621,90.51096641407824
94.46485692286464,93.79026052793265
107.88072353959394,107.35857405942953
92.1276701733251,91.69033649369366
88.20464235705447,87.37332350370387
77.14173970166115,74.93787109015604
121.12526814113839,120.23046938692183
105.68654230698041,105.38587326745174
90.30183960072073,90.02800002213233
85.88965807760125,85.41116740129182
112.44258200233193,111.68122078532468
103.80724090867488,103.63226264126783
95.38034988217167,95.21462617647457
85.88795623336226,85.57030856382434
107.70610986911367,106.6305548521249
94.40610997563715,94.12256878699503
101.06374875437314,100.77449645026323
108.4420512595004,107.57495802353999
85.5685596990898,84.70780709925417
100.7721642832008,100.48602025904898
96.74520237382326,96.24619693667495
98.9388662993528,98.75007737202878
81.24497968181447,80.24628704777093
87.40844917564571,86.24182721737529
86.5152580835483,85.51910349173208
98.60714285878653,98.44036159645702
89.46060873426342,89.03984848541792
96.90087947127866,96.68738255539405
104.46297822272669,104.13111802497932
93.02860128331712,92.3557230181134
115.22748387687945,114.33612016345691
86.1889832620448,84.85237496711866
115.41205545607252,114.94444929757752
115.15735710355357,114.43615920097251
96.84441756557688,96.03595112773093
92.07615915844177,91.93414233784283
80.52786361149772,79.81617503147979
94.71122136985879,93.92215684488467
95.85485709970861,95.6633570552567
118.68531365341634,117.23990006209608
100.45850633795212,100.19387649278389
100.0915161309906,99.3912097546534
81.23226045882055,80.23657349954578
117.91821011252908,117.12400453715563
93.91349629425386,93.32095610552454
108.77099072103945,108.50574921641282
89.07489186655853,88.52817954579382
103.55975813917985,103.48926316646906
86.18968616491227,85.86684601519096
106.17788777440974,105.5881121927238
93.03286405451163,92.51088496520575
109.31000893393426,109.10315442525228
101.14970250149742,100.44396904605406
99.32600991248007,99.19216679260259
97.09508356961125,97.01532781262902
100.36825184825265,100.11016740141953
110.117168685494,109.38723824474552
86.48859831629441,85.35749324386332
82.5843818362784,81.87123125539793
90.35720242848247,89.89798777991281
92.43307274414278,91.93567573183572
83.14595326789504,82.52879906520359
90.68440429933531,90.58749142363426
92.01290194649168,91.04079348933558
106.71353664093955,106.66773557430471
86.83781933632959,86.1961299917626
87.5756127955845,87.27684105756707
98.1320846561852,97.8740754361875
87.17312630115532,86.7033845994207
84.16311335340352,83.53470498378344
93.94586140630553,93.54073609375176
95.36349134297147,95.20301226245364
109.8899986524521,108.91833404873496
97.12839050501564,96.87365934130702
93.98732626962031,93.59540003143921
93.8838122856838,93.55260128786624
102.78599628258488,102.37152159526536
88.56150288828451,87.98467451656363
99.59051672179918,99.43413268544627
94.71138714790187,94.20116127946078
89.96060999498518,89.7183904152821
88.7294732394206,88.47170166290348
105.28893748920126,104.84557674463512
94.2761029472193,94.1238174645783
90.4653756442962,90.32795839007217
97.16252177765213,97.0690733696571
94.99441712241662,94.14023216509119
98.12311939732925,97.49178223045982
103.02895435505064,102.78962539655805
103.77072084485539,103.69076380586566
105.90406372598221,105.71159549677694
93.73281677595152,93.45744029980749
92.0767090044152,91.2386087212882
89.62687241270106,89.29786328527678
93.9357044460486,93.25605538206648
94.47923794068207,94.05595348947692
107.46640865361874,107.26213418436694
109.10289650333017,108.77355235815295
83.73319207484572,82.48624759495475
100.48792419516496,99.41099777651641
88.33867254085695,87.81119547848779
88.83395622871514,88.47877055007451
87.9014516275794,87.3349751576509
126.13440850691376,124.90628752938316
102.53961794355045,102.22444420806598
102.81116377565944,101.67209650105062
104.59771658756925,104.45648115024474
108.8666693128179,108.44747281924897
87.16873296802784,87.05353620302162
107.91632763152637,107.74629846039433
101.74776487244532,101.52351992249925
95.58727610592017,95.21466338851342
86.85948006389033,86.03580976869259
114.45558533283771,113.9653657276563
91.8350990239929,91.12210689228914
95.53106873459268,94.87833343971516
97.12156612139427,96.90483486970493
88.74612823048874,88.45673858070786
96.65368333163849,96.11345300341894
97.00212490113266,96.88410967345054
96.312944516,95.24985496434498
90.20447611665902,89.19802668533107
84.03695358548299,82.62792456356583
91.34050119573372,91.11074697639167
103.14726415085323,102.98309864436564
105.22827052216417,105.04864680446275
111.51076706580389,110.74904169222869
95.35411511948003,94.42387433530098
87.35980581991893,86.83834044352076
99.23119026866378,98.8887262258549
92.44056817523084,91.57610868752558
105.2402936045099,105.16133121513836
84.48168593848712,83.87731667595463
101.13235340588415,100.64306875623355
101.80182066264538,101.73579571834118
80.9759179043582,79.9391338805199
87.26487529398122,86.97217843520166
91.0040045839187,90.27032272401738
94.21701445543995,94.1011736499285
90.57300160181887,90.35502043894664
97.46586667723984,96.78682181987543
86.99037897766111,86.74153822301743
88.0545510569892,87.01825199386214
106.49662870604934,105.75913565288394
102.29725750067456,102.13075180792754
98.9770958677454,98.9036952910647
90.13325678584525,89.27850834288388
94.25923783685349,93.55262013955479
97.23927554278639,97.03387175545609
80.13137261494617,77.35118294517886
81.12732076389878,79.6346255763766
97.34533087926685,97.20668182984703
87.87276401654121,87.45005142787375
108.38039741914515,108.14400535259438
91.04207495069873,90.40888482750302
96.56464284495058,96.2162400924785
86.51782636718835,85.3481055310795
109.6272688315755,108.86918405349056
102.67533105575104,101.84856729567747
89.98795061008242,88.58422729758837
90.83976452628886,90.18884718768031
113.20555685050924,112.92995234416844
110.32616639849982,109.36121045772906
98.85553182151334,98.69688095967733
108.1082176412566,107.82658051427462
105.40507385027021,105.2445880058559
97.17318114529711,96.78252062234368
89.89729428458146,89.1997980908665
116.32670279602922,115.58941403329285
96.26709371609121,96.00087136876245
85.98957005499602,85.38339823390946
94.84579389954214,94.52214265401024
87.70111546624608,86.81483135118063
86.38942633170163,86.04004259893803
82.49423742701994,80.70695576707159
119.64199667293879,118.95118847359208
98.74361736613372,98.646479278286
101.99249117472736,101.8072228596552
79.92852241474708,78.8848479415247
87.50514724290612,86.97376279341748
91.02852711009692,89.9368757751863
105.23960481534773,104.36480906664556
74.88024563383769,73.3018435865501
95.36830732906591,95.1957712583588
104.20934281046435,103.9962932367663
89.86821928110523,89.32429459160122
91.09959434099565,90.62738430181574
88.96228449568238,88.80598646604798
93.36866300641209,93.20127295946442
104.86415770418468,104.7304032301579
93.89173753100754,93.8023406160575
95.69117336018968,95.33637479502487
94.99468863998506,94.70518424836152
87.50715533965823,86.34883890650427
101.7372391579646,101.54683754767717
82.08969510013918,81.22895863759062
94.9741327728571,94.54430165903607
98.57662700347456,98.50702160259732
92.24238944408738,91.9820386476564
107.83310470551265,107.52031907719096
107.50411165265237,107.29077985285232
84.22673583696815,83.5508220512898
103.28460266802978,103.00496575767943
104.66495085098938,104.07989275404991
99.29588901759833,99.19800782849816
90.14292039835962,89.71734869142931
90.2724539345788,89.59078096428485
84.78603027589779,84.49709671871082
93.1619153530956,93.00019464948763
105.69101805630103,105.43759818748725
92.98002369932522,92.8703225411668
105.57960208509996,105.37213701513123
97.21634252948992,97.14368854961485
115.30614848082818,114.50279164359324
118.7976975755855,117.28352364356563
91.00654938762585,90.1602993125747
97.36931611559699,97.18465993143379
84.57425208701977,84.24015588703128
101.79776610848941,101.39056940454773
85.8890218376136,85.36201811830882
92.95091308059793,92.75341728387336
99.6257139099885,99.3932806624659
94.43498732478895,94.08641744365715
91.00450806698481,90.85695248981123
95.48279333701787,95.37790007312596
88.55199664036145,87.93160403918729
92.79265822724035,92.56182844176942
106.46791262940586,106.12932065819551
91.85223965604214,91.44930281895958
88.9806420689984,88.77339570109304
89.77516640453334,89.37839013845611
100.20255854879397,99.91089752648358
102.52477849133534,101.74364169773646
103.86383838510503,103.69892724172605
92.85686035301545,92.55912128739243
94.34862474989929,94.19303989754567
91.35383147356274,90.53057963768252
93.39861505523582,92.6259422873762
78.12117229513102,77.69773276781605
90.46464186075205,90.36834041639563
108.98399676201728,108.66728791253102
101.93711573686848,101.63742102055221
108.4890713774843,107.82765108758092
107.57433684854941,107.31332441612439
98.92765771203334,98.66412889240178
94.15163223467641,93.49472120543906
102.57153986706568,102.31020396382206
88.0176592706785,87.67794240544592
98.36121971272169,97.91518842550572
88.78753452060708,88.55129091616375
93.97386653364534,93.79380942514726
100.31366117290126,100.06913847351599
94.91341995278928,94.74368268560514
91.50316987208626,91.15480460454596
100.67047953862604,100.48093125223622
99.98707011464674,98.7423136354193
89.4669986505242,89.04608517987685
99.23763879645445,99.10703916672318
84.6651201989342,83.71295414002503
89.05375310416444,88.49543834940036
97.02827038672162,96.28463798641859
92.59919087765111,92.15427318729763
87.94818553989361,87.64831551274644
83.5948899337831,82.92791159794336
101.54349702276303,101.09847720885047
99.7868741896248,99.65110748962921
93.92216734443186,93.12725923719562
88.55353843882668,88.32633358111734
94.09565040019812,93.29139430763668
91.77173732556633,91.50599246147208
113.11728109956026,112.69743875601907
99.36083728819327,98.65182732132914
92.90794660157525,92.18545168254968
81.29342636762037,80.06764985285955
83.12779553235501,82.41780137030706
87.11078911017263,86.5318807584672
81.01961782523557,79.78666524988502
98.21862458654746,98.01240606910454
86.82595277328393,85.51229806973072
91.80378761108572,91.46813787638555
96.60666049980112,96.37242508693437
95.98500956217323,95.89556763087937
111.60969836082397,110.9448039595289
95.85151323594259,95.6399286016639
113.55289879824791,113.04306495739915
105.61536855015562,105.55565231990353
96.10943550252394,95.77770518318368
112.94117350192006,112.62295089170898
110.8251438617387,110.42487163221381
90.9316707272393,90.76855226097007
95.21930463052482,95.13514528340689
87.72553603071474,87.42628228224793
101.22137071859608,100.987096986157
94.1211160616779,93.95687474197952
83.7505325957013,83.53861712846681
98.3035247050983,97.95250581720379
107.49715949130433,106.85161690155729
107.56156831938603,107.05349323502696
97.32080828379198,97.18739054365693
100.04299278760908,99.90673708851641
97.14613591645939,96.88884834097004
93.93775915232183,93.86450898940913
110.53328371899637,110.40735881596714
98.94807753647419,98.59478762827351
104.95333594926083,104.76519495732838
97.00855670080175,96.83074028263654
76.14864587738538,75.6397676368628
111.46130980230946,110.3879709551135
105.61072876802982,105.1937668311111
89.55111262315668,89.37255984938578
114.09493076462475,113.19352887600009
89.25198237071656,88.81326229467518
115.97485229576995,115.57305761693132
89.40858038765612,89.17148192380743
87.90709551030284,87.70754265116884
83.4272238214983,82.8529031150433
86.53053940820084,85.68997239906855
88.05002421050493,87.12095118806505
91.99568078515536,91.56098758449515
98.51721348772715,98.31298198821314
93.86928151020838,93.34294328198418
76.99044077699682,74.87262147766535
88.5891605941386,88.37339335746749
101.59947909733975,101.27724847018449
84.08808865905522,83.54996090906877
104.75832992473019,104.44835083380877
92.20887450195009,91.50198808915883
103.49522275068212,103.15384160643293
85.36191787458868,82.963471571917
103.14337395154001,102.82621441352228
95.12892324835124,94.96575787779946
88.73749262757585,88.40663049434478
99.32544542494668,99.26465430969807
118.83182281948037,117.83396423424757
100.52473982640304,100.18230663745231
95.01637635279401,94.49811014639286
82.55975180826591,81.68755614143774
87.0631331970965,86.32015019394396
98.66930325459633,98.53341198665144
108.58706494793944,108.3307632469791
97.38914568308175,97.19684255666262
106.99387582865252,106.72778895823977
109.628533249106,109.49514791533161
94.03294425171299,93.1814575782909
102.73990121348466,102.55666578965824
96.41916870684705,95.99973925736309
92.0751043584105,91.72890166520205
99.97959580711955,99.77052112016243
98.35998647850205,98.02435156294649
96.43458231200084,96.26869910572788
108.12729096122388,107.77977832202191
106.08925927321395,105.86019197790813
104.07105643255392,103.94403446744563
89.98243369067166,89.56160808375026
80.93922957596767,80.05148865988953
80.5335554975161,79.83340697811879
100.52370656693081,100.36452995144622
108.99425296579975,108.67217479235916
80.86316812562855,79.4298701762709
80.98950093686307,80.18353230007189
95.50033077461877,95.37532664264056
87.4285293903336,87.25911467426671
94.27165701097472,93.79218526048851
90.67645436204533,90.4049953690639
94.66207640490158,94.34669771513455
117.6546399111711,116.49515011688015
96.94062814028678,96.84985026413307
86.42052412489727,85.09397010865379
94.9568510431597,94.73015672574232
107.28514008574639,106.91207489909536
93.22533414530115,92.97569988505127
102.21799621584485,101.81469166006585
100.31288100868001,100.18413758442428
108.93919091129628,108.70597068354313
87.64140421936396,86.70674591947595
82.32562209775683,80.90544587336838
90.25769472963344,89.65939387662617
116.81660742132838,116.39982457117907
94.20585899747117,93.84004563558636
96.78202858509705,96.29986658885444
114.90183199460378,114.4863864606753
104.81220825924186,104.41532392442889
94.63925473702801,94.2042696881777
97.53569966250319,97.22649381352026
99.00860923299182,98.86354413029271
100.63476106328152,100.34608162092321
114.72482700118942,114.40123770178072
105.96613425072859,105.32696714329649
95.71279576564255,95.47289053724154
102.25705083560402,102.04588266494592
94.98498813421378,94.74441645905027
101.47832906943488,101.28710697797726
88.0056492546517,87.43351296234655
110.59470031633663,110.3188274326125
86.6770134867374,86.29330466780708
96.20725791242718,95.88315276888125
97.96355019374792,97.58137493394216
91.66011839567317,90.60233330144062
102.31265718376243,102.09750632275264
91.64707951636981,90.95656181234665
105.35968675715252,104.84848944122282
92.66748173353551,92.47183312768179
98.98267477525076,98.82274033130489
92.84050775954154,92.6873801228503
100.46275533613817,100.32666630795038
113.88964338967216,113.2704280270827
95.22119789992739,95.10112701981556
88.02441059867233,87.44626113781587
105.30472803236444,105.12755275686642
92.36898972844645,92.23747409287678
92.35470208452027,92.02211813775712
93.33702249570244,93.19847151221865
108.43016154376177,108.19299141867188
86.08974141368584,85.82394950146855
98.55420480207427,98.40235752474275
112.79305994722307,111.84516445961518
98.07438087834842,97.89324615860461
87.21055601148684,86.50551795329154
95.21181270948242,94.57647341597261
85.41915940295607,84.7699164011678
95.91135549549207,95.38781599933598
102.82593103290992,102.69835123594386
84.09881124997088,81.36854727458339
77.3827641095127,75.63233277943596
95.3900523768253,95.17506739231067
123.04144024800834,120.89783206849036
107.08525745829569,106.85728667636707
96.4160855078205,96.27629715196662
90.04692315453934,89.70762229026538
96.32404269506029,96.0153683929413
126.26850446153476,125.33971807815165
111.71805029979807,111.10949137094349
96.02584400668404,95.7796732920059
96.35478837036618,96.12659165398823
94.55063823867592,94.21710876927312
123.46298883918242,122.03366925706491
91.49274169883516,91.2062287252551
101.29941828201022,101.20978160518
97.50047790271148,97.3648730725132
90.30212445890825,89.9895928666401
103.04489944012352,102.9575977388451
92.86013743581849,92.69283834168262
97.72952338676265,97.09448998189814
93.34178624048081,93.16327996029577
96.23663221527812,96.06439620291958
86.57205990300852,86.03922108160019
103.80853318514433,103.65899876568724
101.82658579839679,101.67086968705142
97.75312929403285,97.52569045637642
110.34467637049192,109.67907573459387
91.89085804894785,91.65595077752877
116.73991333964878,115.9672607672461
101.03922130158278,100.63331150412345
99.32744859133237,99.18255996615403
98.34701858653189,97.50148451035174
89.3937992605051,88.83516596476551
99.91316336782852,99.73784631434371
96.53259210740734,96.3602031979089
93.78701828708854,93.52180864191322
86.69559006715731,85.57772843441606
103.10340140146627,102.945909027542
87.37417611560875,87.13900337840285
99.84944547340565,99.70136782074258
85.56719908201559,85.43016838762631
99.59985143214224,99.48532405024469
104.35683580024843,104.08414435193109
100.03218469037806,99.7860599116755
97.88692459649188,97.69362540699483
98.02337224113865,97.7957651250675
101.27625971732974,101.13852447241587
98.21388821981816,97.83035629307302
95.43199788807688,95.26147697984612
92.79090642900621,92.63178786251811
103.06056841525945,102.69643739219106
86.89284633231837,85.89966334690806
99.72113905147484,99.62659942834655
103.23488430821922,102.71342429911556
98.22026041358126,97.88857878648462
97.12629969628745,96.92504707958643
101.61866857584909,101.433442087189
107.08064369437506,106.86989699861508
97.70914457912936,97.50230303254047
99.83211206130898,99.65532989437207
104.460676961089,104.1662525355916
98.67188314193919,98.50868262596418
84.22941411616392,83.9443353609257
97.52152955323545,97.13674902481412
90.37164235728414,89.40350529496415
97.52499450203942,97.29318942367692
93.3886510267363,93.1067110215496
83.01740283036372,81.79097194239446
96.64256693044412,96.0342787796696
109.58376430322228,109.111101398566
94.0952128033207,93.86617262555032
101.6417451284147,101.56405018611292
97.72834963315601,97.66151209907665
103.37742202738106,103.26674961709561
88.32065951760123,87.51231597551919
107.34653831655358,106.38257767769723
90.03659909842145,89.86165832750861
98.05322153419593,97.8327826376645
100.84812248527649,100.17064026933608
88.40527130948826,88.11513376202531
93.84264967350249,93.53292891301933
89.88270803126255,89.57604254327828
96.65863577699339,96.45752968853925
89.30722011803147,89.00099384042784
100.0765056428226,99.81525049007688
103.99275756668641,103.400902628442
107.05520556412068,106.7099651584204
96.67774811704312,96.4483187400153
95.7043240043383,95.49893884707407
88.96235698500612,88.25740041742381
107.79252715978733,107.10383584522387
98.78376420007537,98.62223058673031
105.86199930551479,105.71122841350589
94.37540038898007,94.267938901351
102.31818707507827,102.22956719089589
93.30761591907441,93.18480195949522
87.57315425963264,86.86510287749283
112.05560768192618,111.81233775584711
84.87034520059626,84.35301101229841
104.32339781457617,104.16126985413644
94.85673943003971,94.11919432026663
87.07363739246864,86.15824235547298
95.17822326525186,95.04240806107939
88.88615617685855,88.7535483486882
98.69050065203717,98.4603820622265
96.25623323505012,95.71459146236607
83.68072070736842,82.49446806465936
88.48094160922352,87.77214991057808
103.29240082665075,103.03041363478322
117.81539578772295,115.77710218338854
92.90149602474098,92.73679077013436
93.46756367897194,92.96900813381785
101.0118915659218,100.91923457152835
88.40994932289914,86.7064888633571
103.11106621943502,102.44684702072733
87.73538577119044,87.06034795898569
96.03973116257295,95.90810370842392
91.22375223081711,90.74927299660912
83.64759757051756,83.12418892559917
89.83430939452997,89.5909301383454
106.18186115613797,106.08051516953813
93.89723270528044,93.71694231121977
126.17133630420766,124.3937349237447
94.23642712085687,94.15146745609877
88.5174342331301,88.21131301463012
103.04229087807924,102.502208947338
89.2253530601376,88.46558807930789
88.97200716580461,88.61166750051972
103.54945771352726,103.21764382918721
111.62854905293237,111.41960725355561
96.03637605225894,95.75730022919674
109.27539184701624,108.95151130288664
81.13250701851398,80.72706038727779
97.7919142324804,97.6002688160529
105.95276265001849,105.86248382057452
107.92093546986824,107.36329749309563
105.66500374649951,105.51336321289209
87.4299315593034,87.22108245750677
97.73896879527301,97.54925289221076
90.15667149811155,89.75347391664867
108.23733058678557,107.76432196670743
87.43277205294285,86.94841524132674
84.8890218178782,84.34854758680775
98.54896747812244,98.45215947962485
76.45500199536184,74.63002284044381
98.40193355654142,98.27400926737388
95.9941509090218,95.56655351117249
68.22470614743018,63.82369446641456
88.93358723751979,88.73131835154604
94.63269930842137,93.83034281768971
109.09814934524331,108.91215246634924
98.01748589120602,97.36991112823928
103.55540792280033,103.06357571218116
95.35905477827801,93.73192557064162
88.86498703175316,88.47318762494845
101.94551643820185,101.86110729780889
100.09392973653372,99.6819304839173
90.24177527811953,89.79421557663314
90.65964848738399,90.37914379701353
111.94523274874052,110.56149632718368
87.75279277656476,87.14069722539345
85.42393872998623,84.75064402243682
118.10256530148959,117.34410743566067
96.97844320591692,96.77073319262618
101.39533830920705,100.98496070959587
91.50216965620986,89.96929465638854
82.41701744860757,81.59796672285923
99.18296038022272,98.74332405620468
94.87783714169284,93.93590800712714
89.63488562335971,89.08638937803536
93.67301393978317,92.53055189004981
93.8829956367401,93.50538131054597
105.6968886704526,105.55165162183366
97.52079781551393,97.41365950223104
108.93960307374029,108.33344400100738
86.93716023455246,84.3223112329846
93.37508858779172,92.35839039962634
85.92905498534208,85.60932406549881
85.16079959265203,84.86587569841107
94.52255182977773,94.1690302768888
103.32192413890601,103.21723689877444
103.71100025259028,103.32400286190264
89.06470828453183,88.87241351216686
89.32555135592851,88.8245502084938
104.20393851197245,103.85853152814836
97.96021855915204,97.72723272880827
94.63492008604473,94.33335536479217
99.62821584083927,99.44566175058542
101.74505313980039,101.52916797343131
106.97364201559925,106.69625851478779
94.59830525752102,94.29771123976154
101.69061273743691,101.39100384879549
103.849850529389,103.68776215493111
107.37109040729916,107.30819065282599
91.65787299113207,91.44551641425599
107.67567765139492,107.49908327763076
110.21361967884124,109.89971460495597
114.04037597889524,112.75320575200192
86.07684887184848,85.74982471107975
98.16485388488327,98.06556070370831
92.95603690380747,92.84854507150722
85.36893482599767,85.18044467348133
107.22181177013003,107.04094269954858
93.42546688749886,93.27052509188186
104.6038170458888,104.46970208202214
94.3474007434637,94.09821653910583
98.29458335162161,97.93924925961896
109.54276577636062,109.43317603822572
113.59596552767492,112.2725177362835
118.39498619614692,117.64167410201841
132.2241023296546,129.3769865137308
99.35811996587238,99.1033185536912
105.33199488480449,104.55759719257387
109.6737720549249,109.42178154038905
90.2018816848572,90.04065399455664
87.35025066708326,86.91803343358352
103.12701027609974,102.9028091724698
93.43777241423633,93.20902775546573
89.50957748560812,89.05404508846954
100.09717472767045,99.89022952673362
105.08897015209496,104.87304263274183
88.15822267090972,87.6055383778686
90.76457209435553,90.52119601026806
88.44008480865861,88.15774772669559
92.60589712244929,91.9653619555175
100.87330609374978,100.75222807285587
83.60676680201723,82.57671888625418
97.82768769812238,97.35200228774914
83.23106766994546,82.7036611909879
97.58618727468756,97.1836769630336
96.87811070940135,95.7969591118914
89.26879170642341,88.25971004563479
105.73056768634993,105.3967701332862
86.09721915425963,85.53005471665439
96.98981474038212,96.82687065006984
99.24195195480029,98.916653142334
95.62064942815795,95.44576177888102
104.06310939192916,103.4944064141736
98.10610731771769,97.8272645045676
99.16538678395436,97.74767396394182
105.91082019018214,105.71888807621222
101.26164690984318,101.10281627024101
82.89095883945133,82.35837835633556
93.9988202224359,93.772637452595
113.11883889744011,111.7729523257354
104.35794880235751,104.27024307828093
100.42930843125491,100.12794931721795
103.40989051767147,102.94324489086368
96.78597185124859,96.30837184280327
91.53268122513418,91.27505821773724
92.79127070908916,92.68178875868314
101.06247894578688,100.94324202418369
103.97316841930595,103.25310372112666
103.70199474055975,103.55070513668507
88.16430142731177,87.92889206841991
77.57965876107376,76.72048565669382
90.9312981564308,90.68289423508679
95.05937323596083,94.72935906503436
113.51150690630129,112.83468284797414
97.52367188187172,97.45381313961974
101.89547168032699,101.31382455322725
82.4572047302361,82.09513107915872
101.19109112029129,100.96295452995656
86.04796706275368,84.68259088007767
99.38900218114999,98.47629998462385
100.01131028931599,99.81258270329252
93.41237387514384,92.81931092834509
76.56467653356627,76.00271267647852
91.75490366184242,91.5158652795258
99.02940964974148,98.90175867779908
91.83962023816126,91.20213414082075
97.898245501148,97.55307992802722
110.14492418679856,109.98837525404714
92.90788107327724,92.74920057780808
93.9575783320466,93.8594686158783
106.51841020650976,105.46966740109569
115.60225530629707,115.15119248814243
95.69030712731625,95.39388272328846
99.23006228437178,98.91689869686307
114.39446954657822,113.460213901549
96.80136022208507,96.62781215564536
94.61474587423778,94.32201789566079
93.8865630012313,93.61745110819714
84.4800299478612,83.53961174800563
86.94209040610882,86.27732430231785
101.24579517850407,100.72153583864377
104.01113626400625,103.85395842200147
108.85847496644499,108.61897484796282
96.96071068094041,96.71105477857616
103.15155263742925,103.06993702020287
103.18625546282043,102.82581762380897
98.16544685659055,97.68787169202331
100.80428321866637,100.68932199348029
108.74419333636101,108.17326377802215
107.6571794110188,107.34376023341602
94.10275904270271,93.35551546603301
87.14030668379117,86.6874092629207
114.89292058657219,113.39887046999965
87.91815516788364,87.59449732471167
101.50382895729375,101.19637460738241
99.1073349798481,98.76436431284985
100.99195609749708,100.78380187606216
92.99145850894598,92.71173279669749
108.57100453835457,106.99641232122414
80.75001176468191,80.08928443081369
90.52546421494571,90.10883125915609
82.56983529314526,81.62420734085975
112.48979620481285,112.21595443970898
94.17313340090023,93.35818829372522
91.53478264009046,90.74109357423666
90.46790648161289,90.13119794750025
104.80986344451027,104.48884768848353
88.31832175121643,88.17716959726533
81.30829745488263,80.487391069346
78.36572991257388,77.89326729005286
102.6329758501532,102.23938547871181
101.53904021878446,101.41957908989481
103.63751893193468,103.40644006345435
98.67463367099964,98.45061042825911
97.4917481198941,97.37087249090655
90.29685227394044,89.65105069925015
90.83427470256396,90.63117936769726
97.61661184754809,97.17942386960142
96.17952400864971,95.63487648728822
109.71011348519627,109.10310813675311
118.46281167455733,118.1604048198772
90.64931040634355,89.93479376678643
82.99355620003665,82.5485134149014
104.51848996376313,104.18825713021744
88.66520692951752,88.30711561835723
80.53632569369164,79.69037460432303
95.23292297912519,94.95437207270916
92.10844014853599,91.85767246496017
104.92672203114711,104.30237259469554
113.92932472879984,113.63965363507388
102.63302281422801,102.37482699736702
90.03996783951062,89.60967722434614
89.0646947670698,88.7912658273634
111.81778255971201,111.47124085512249
84.00205170362806,83.55644369024793
83.38895711875537,82.03614154524682
121.8359922662438,121.20149181096333
86.63925194482621,86.26216164445636
122.97036939464748,122.22641553355503
117.82543886742106,117.44899648305997
89.23176363189116,88.37370602228665
90.94306848083534,90.1069081732978
99.87815102509083,99.59694633898272
88.58187615541269,88.29175607880808
102.35926115348026,102.22236357871381
87.72476700186039,87.50001017528454
94.93294820196144,94.76335636375018
94.82279754901475,94.64467397633099
97.50842947564338,96.89202163225008
100.87786379708886,100.71872007931793
75.25176844305658,73.57988978250206
92.79551794588704,92.39589600362744
95.32501535524605,95.08050853626118
95.96405114280435,95.57634277532343
119.91862869878155,119.23103661101251
87.50643496079158,87.06266959411725
91.72593598133074,91.57224552739251
94.27170313529047,93.38444882285444
90.485887205545,90.18990234608518
106.20080990730632,105.98979674873796
111.27581840283774,110.79423804280206
93.48552132206254,93.32134286983182
101.81552328772395,101.56875932809514
97.34746194066571,97.09487567436557
123.36750173094659,122.00498633010342
93.43163600677956,93.25542654353633
85.93914414990284,85.46052588577655
102.41967639662036,102.34103539890691
107.58432300495821,106.92310415772599
112.39167792609346,111.67488663174038
116.68106508798715,116.18639213592135
102.70656094556013,102.5323210532931
95.50336348562874,92.91137179134239
94.22361871106874,93.99975856276215
92.59686450084402,92.05260743778771
81.17480175474022,80.20015858011504
86.27763039755186,85.90233996303736
95.09390486997808,95.01479411767171
120.20198389142422,119.44747991702424
94.19458653501368,93.65039443500848
102.06504280838465,101.9400193598718
94.37872414680336,94.08847590564308
101.02944863173238,100.69885827917
89.19025727071558,88.79237653556818
95.52214787448756,95.38490255477426
81.59188396027248,80.56540151340805
105.7246858519685,105.51440302000996
96.12375903557734,95.75217599498316
102.63579945460553,102.29416117112225
90.32452391977593,89.55840709006121
87.51666351151438,86.98702170014624
105.4486898745343,105.26538012783143
94.20636478327164,93.85832190009233
104.37882445140062,104.29403081392257
104.93141840160993,104.80532502428915
81.27280085112177,80.15457609846048
97.09890601969964,96.4980970396299
107.15083569777477,106.68237643623395
91.85994560546675,91.56319041653357
98.51458474545151,98.04094704762481
111.51418837180289,111.42239885463968
102.32872519071742,102.16503343448133
101.68146340072263,101.32453930362432
112.23514574230839,111.80008807139178
84.5126867646307,83.95676935733128
108.23424305355776,107.95115385230788
84.54221279911259,83.64785818450007
99.93250220989056,99.78997798972969
99.45400148498572,99.29731620655699
106.83882278507328,106.6357903564786
92.42975896105793,92.11857155789629
101.20620318040723,100.95604749581489
105.93491770343431,105.82532234798643
98.7902410155078,98.4879098209722
84.31177738960594,83.68023964695865
94.2456170246865,93.93162907440224
97.41440642095961,97.20741295213926
91.8507639768295,91.72186501133835
107.37109257832472,107.0146822531983
90.08632608897595,89.79109813479661
100.29509744346538,100.08727008137122
86.02374272501709,85.24297239742752
96.55760995288264,96.34201379239119
95.84471703892729,95.31499314024882
94.29293974611795,93.19767516430018
88.45944430909732,85.89884013211703
68.69156352675715,66.48979801778995
94.82091535402773,94.59763148909403
96.41381569238841,96.19496562599298
100.70905727721549,100.38122856410486
103.57038639432747,102.93727975104932
107.202216548725,107.07907798487952
95.65646189580026,95.26244399559047
112.79109462055823,112.27695827808446
107.7335412179722,107.43994486466015
94.04550673804,93.49500701162948
93.6756277518479,93.26509690538819
104.88307532614559,104.56478727908419
98.35930920317087,97.9635550837369
98.5872911127802,98.50546947639613
105.79419751644004,105.65387915444454
98.21617189143413,98.10356657769066
88.20113689725126,87.66324320834478
87.80151073931083,87.46471875331872
100.08340261999328,99.88259496666858
93.03055473826134,92.80719838589157
111.08676924020052,110.87787968315814
116.05990773650385,115.65715181162807
93.18476512565505,93.03911503319908
95.53543096329662,95.40748821299769
87.63477690508358,87.34005980090187
100.50785442422699,100.39257991135001
95.1435812965025,94.98930766330463
99.90715813142062,99.60761825907638
108.21192728243241,107.2653470450307
102.62452224593564,102.43896349452558
96.9353612929046,96.48229982416859
106.84967844390776,106.5780152826984
81.21761316722692,80.28704513109085
103.32228347959693,102.88232726293015
99.11199992061239,99.00932238808886
103.18392729739007,102.73260229110652
94.14368888672723,93.83913613007884
97.57904853741854,97.30620672300043
113.67014024440152,113.11317071234768
82.8033661757658,82.37751198347331
111.12272559264551,110.75070659788798
89.42421441279406,89.14672921955341
106.1232979503145,105.92976875329005
81.82109590757933,80.9963260582675
99.08679319873599,98.98073561004784
92.24655743939212,91.51421040519068
87.87377481706324,87.17676385704318
81.903236596158,81.26907453830755
103.13390139670129,102.85490808588065
105.74041394267859,105.52620287295107
82.80456584377686,81.52771269661243
90.13718798613235,89.89008917522943
97.21667096576002,96.7629114035069
90.37216648409645,89.87121077023654
99.72915785134722,99.64934905065358
91.33274053631175,91.24113349387432
98.08165454230335,97.87247275935316
106.02584805363693,105.63623965635101
102.82294535710734,102.5338941361709
112.0485290668147,111.24204753842824
87.9928160004092,87.73122153139798
79.33755461570236,78.25317815961083
91.99182077744562,91.7498978512768
100.70498714872207,100.58560872246787
87.8948722547638,87.38734282985338
108.45979964579983,108.24925504171777
88.8508627243508,88.1322228832559
90.85862743255018,90.56007176726676
102.99551315698247,102.68008105241721
110.2826859910422,109.57001199153959
109.41599607150269,108.9495170508023
91.90363337286894,91.0212363694429
92.56736769485158,92.32428896326402
117.39908755108141,117.0413202798565
104.4947946944614,103.19552776147998
90.61972471577319,90.28444407738205
92.56401117331481,92.22442490072042
80.0913815721735,78.92613363576584
106.44793117121489,106.18059287324803
98.63579658067445,98.14778983331087
96.45711207588357,96.29887827443319
94.57881339714422,94.28635226333382
84.62778327559099,83.3731147694248
86.96324281928058,86.74163817935744
101.62726283581588,101.42034873215145
88.57122445809227,87.38348841816018
99.65433984583944,98.55493613679144
100.88003496160424,100.58223767483477
81.37127086495741,80.20069017643203
93.19537325118759,92.85555313316574
88.31094580105639,87.7392621309659
88.69580370955653,88.45410484288182
95.33243189867939,95.19067722043293
100.45390244846023,99.64793021974484
104.29687411516772,103.75607251343845
98.43907074807424,98.21798086111515
94.27980427744093,93.76292567739588
89.38037052725922,88.9094808210819
98.59708068472953,98.46376513649084
103.38038705501717,103.21098850753775
88.86786290482297,88.29977809390546
94.13078468051332,93.53857523097113
86.13163900159601,85.0735814890699
100.77978709508214,100.09483017222503
118.02894143044155,117.47041015128553
79.79583570494323,79.00477103131664
96.05396743752881,95.74439397011463
107.27723190184504,106.91547355314182
105.1141905416875,104.98540861465281
80.62895715555005,78.85977079806474
87.64351670092186,87.308366031621
90.39868418052578,89.99958281145226
112.75002092044431,112.09226875495823
92.47431683590966,92.2116536038888
90.72486875888659,90.1200703287169
96.7227831177742,96.49345427842695
81.62424343259576,80.35180080373836
101.94145217610472,101.56869454026419
114.1688703394671,113.8792161134457
94.98366280105137,94.26244078975533
92.96906691577814,92.26127156431717
100.26830783817157,99.86773408188665
111.6362999315627,110.95104518384939
101.9323476339059,101.68127523119146
81.06169446976602,80.47071716368937
113.5869988507519,113.33256874445543
96.84903308606837,96.6043543479308
98.66156763589251,97.68804879130813
103.48278851616784,103.40602881915068
101.40100772091466,101.22661005287554
87.91582511877058,87.56576108874278
100.39765257186424,100.29285373441179
115.7475525217202,115.188024637024
108.90041323908892,108.72188903361081
93.16928092677817,93.0206945854465
107.79120358915574,105.95758840539894
113.95036218733868,113.6992760601121
102.99950600996023,102.7710049439563
88.12182393005754,87.69464497835386
102.83954654762925,102.62093659496573
109.97400586584888,109.5747332337857
87.8545961178761,87.33892110197803
110.11673542674069,109.90403457828886
86.34403503093667,85.01517245886842
97.65331752922731,97.4242681651647
79.07793073567562,77.59099514660696
112.89873101024732,111.99541955813602
113.55859033547422,112.2533213347837
94.96156026895474,94.81076428215611
89.74697705039374,89.49256028259784
94.2463196856557,93.71896457745433
88.07913133483783,87.77227851627306
109.69499897784954,109.30884227134507
116.3649411798923,115.91956100253351
98.4787090610224,98.39902456320945
99.15274503120267,99.01770958872903
100.17309117260956,99.62837764747468
103.60537319828029,103.50594068355745
91.20944666104693,90.59605344729644
95.12485847653993,95.0288741897585
100.65762209519761,99.79607494463974
114.61893048545991,113.6889895384635
101.23684677285043,100.550814811399
94.36745313821895,93.40743369861818
95.47146619877856,95.18115345789967
93.20776561213162,92.99665970595431
97.9609697856249,97.67491356636208
116.56492593588062,115.46251569938745
110.44807138604307,109.9060003869759
93.49154132451436,93.00938198800915
98.16671249229832,98.0821249316937
89.54447063315412,89.20748852385952
89.81210622784687,89.37101974807295
77.7483129122375,75.73336506767252
98.70636427884244,98.48376177372697
83.42713244217566,82.73178378043296
87.34725642029862,86.13053254489674
101.01569497908942,100.88872518634187
103.3360694588547,103.13362675220962
102.6910418361089,102.32079876925387
92.46834921099125,92.06168692494069
89.1577072386084,88.44877041385595
99.16914654452869,99.05538303580683
100.23136927594628,99.9728252182779
80.8470276757356,80.30238763954473
87.98769491649936,87.25876402134016
82.46500886877226,80.86240862087895
91.23204084849071,90.91711139405824
118.32331400507543,117.59725451714472
100.5170833714228,100.28060149423358
87.45835354791872,86.8766912085116
80.89555359363762,80.02293238794222
84.01631752639099,83.20074324506966
115.69354832458068,114.7710547295858
88.42530453549696,87.38253489105594
111.15413218313967,110.86423150262749
99.53650778915353,98.74618101888424
96.7116636718738,96.4406636632994
105.2855850493729,105.05569717868575
106.28275656219654,105.8109685715834
99.04076451471046,98.64804374522754
85.91069027035002,85.25703713409135
96.18596029771619,95.73029776860466
93.06315123974073,92.82262929575941
87.21565845026217,85.66980790457362
103.83836781406704,103.59384728824294
107.63345026445991,107.45887439003789
84.31270969344403,83.87280202453259
91.44053630701123,90.71738114098152
93.53720100999007,92.85507261873099
87.81786508871701,87.59981460892627
88.22607534202245,87.87198333201405
84.41361703339275,83.91439014466147
89.00468594793128,87.74992733480691
99.15898493540644,98.93037095539552
112.20413253262272,111.17660939312576
96.36877087087773,96.09497075259868
98.94492459413796,98.8067762994145
105.1212238626739,105.04383218184762
94.85377536453657,94.31382141062332
92.96952116029311,92.57841832215952
91.19117500365857,90.86180571636707
92.71781961824605,92.23586845195027
91.35887454957903,90.86140116195588
102.04403109822931,101.90276380329549
92.31749015287367,91.80068119117902
101.62850016973387,101.02642281821953
93.69305241381346,92.72929953416288
105.72325683425728,105.02944353605089
108.00929623281107,107.91093534288981
105.9983604358272,105.80914128986119
106.19995953781986,105.76840787879634
99.3703082383758,99.31019066724954
103.20909675687018,102.53835157625124
81.85699505591715,81.50999817742462
80.30885524195115,79.95850691565101
113.51446560028587,113.05956279428437
97.37414352387579,96.9383491216404
86.76333329479887,85.86622408563053
97.3328859014451,96.60294399440609
84.42487937188065,84.14853274110511
89.88466032645539,89.71436819436032
90.66533335520604,89.94563141939203
93.24487176232333,92.71672823143919
101.27520622521791,100.75989690726898
99.5946307995234,99.06086265341678
95.07685908090727,94.89994204435158
107.02652780867233,106.7414420920965
80.18533421642286,78.84051094997206
99.73941597502889,99.52377938899339
104.16611618199335,103.95178585544853
86.62194567583506,86.16389382879201
90.43725638279227,90.22714234946686
87.92869496598989,87.46531008678444
91.4073578861125,91.10089063096983
111.72636188606988,111.43189847476056
99.18184039678609,98.8104970937532
93.07133907073705,92.97353271191949
92.53180506899916,92.273062210659
88.95626168061446,88.27806021918155
76.8908193990342,75.65780237108412
91.24041227077615,90.62907249586445
90.58429764345713,90.44214017634674
99.45052429537776,99.23952945504121
95.34345574447792,94.1342375759476
83.4724941456472,83.11050235434797
90.56389761017967,89.90806606215097
94.85215044997338,94.7205449843689
91.80734909772902,91.30412455430407
100.4012598802674,100.23399589395498
104.80613460177898,104.6507001975184
102.06309164953589,101.96361945683604
103.08969095498423,101.35819463429989
104.49506034388403,104.29345459527659
90.25163786598915,89.82400153544414
92.6021891048779,92.51119308594369
98.13128992319797,97.9805242343249
103.45666212474262,103.14000780762647
100.29910777410765,100.14718361107342
116.39027847887985,115.68199528380326
94.27360732782815,94.14460787093468
74.69316675097001,73.7425971835887
93.89174763887063,93.46340448582825
93.28462751067704,91.73052966442488
97.07711444163942,96.83586778295553
92.27884518737166,92.07865221033533
95.89881844871913,95.53696786860633
112.72352932764369,112.02239013202134
108.47898585051759,107.42868526001527
107.66316236723496,107.19681214672269
110.2633343074518,109.72200423589034
93.47549934183102,93.32977162397898
117.53300148333274,116.08816571651293
84.4033962676177,83.80085403264577
95.45601164037966,95.30577494002793
89.54327887572416,88.7476908630838
92.2426744218744,90.59370068813084
80.49657565222664,79.85315691031488
90.75030090573287,90.34947985270736
88.13097715109443,87.25427954821842
96.60406759697908,96.52655599292461
114.22443709155021,113.15886956337718
98.51991487788462,98.23725886833275
115.82752872117018,115.5492957983694
102.50471989983416,102.19277028485209
90.87223101570022,90.64167989641554
97.19527295240897,97.03354566126163
79.47709513975087,78.93756372005346
106.10771458385939,105.71268283127934
85.41282247112272,84.81492152356327
89.42540797606249,89.2955342272713
85.23532622642784,84.55273655885982
88.90899402299232,87.65627389279037
98.28568403962339,97.76247608465718
107.41755482528053,107.13941127836816
104.35812613740767,104.27139360358068
103.98796275574564,103.82739723708487
92.72561465904423,92.62095097547578
110.39158078314988,110.06932070211279
100.74728347622627,100.46824835717422
87.11326729661933,86.74162551374715
105.40038076912698,105.14235765504657
88.55393736907213,88.31324146215059
90.90269524818,89.84101089239591
101.15092985968664,101.05720590554051
88.62401010753415,88.34286263062357
88.82047614210661,88.54141417949415
79.90738522638846,78.86157039729382
85.04621799352466,83.3771136516548
100.49213247028776,100.11991268098997
109.92405830396763,109.54021867787185
85.64896477070583,84.01148684305232
100.4786646269984,100.17246184150429
117.70225652061778,117.16888022251838
99.44426684740581,99.26017050526528
112.55880724349113,111.90346440691316
96.5573460183898,96.45024961584758
97.79422118823251,97.69825036172082
113.86630832501889,113.17081486003055
87.28303202816276,87.21267985517768
90.76537082786672,90.15372810255458
102.59529041153957,102.39993419542321
96.60240291673148,96.20884065072012
102.24651853445923,101.97127145101123
116.95690914239661,116.61951668061035
102.46144468257731,102.17381985311776
107.28740646230807,106.9794995482146
111.87866035751605,111.28300433734745
103.97355039527709,103.89818520096641
85.27091093723072,83.36906574659686
101.39823741189456,101.28336529215197
104.43772139658795,103.83358286116403
105.29763012388342,104.81315111566609
104.19081771386655,104.07732077828132
86.68183367468436,85.91952199986348
105.62449187697977,105.32096280007059
92.08958612232345,91.43242931234452
101.05184697188815,100.9849055763048
100.19203390040076,99.925587894002
99.39349346631406,99.11765377254673
87.82296748294829,87.64369192960231
104.47939824118261,104.36901059601365
91.0540538175288,90.79342115659622
101.81741314794253,101.46602085380772
118.95120956640223,117.774298469858
96.94004535626513,96.82457799824951
99.52342967057339,99.42215372103014
84.7840066471974,84.41852915818416
124.27281169887118,121.7806961079056
102.55717067811287,102.41609051363731
101.06768058631498,100.59724065096299
101.72366485718715,101.57948303481648
89.49344326274404,89.12871113519506
103.6209968372115,102.85034609157142
98.5435860116222,98.44298239635997
94.31553425631108,94.16247304006869
96.8987368704203,96.71420065411691
92.06844983539479,91.44082091894516
93.92908475890796,93.80648916207886
94.08287693524707,93.93603175061278
99.74395866286152,98.9906732081636
94.43818391046737,93.93893656285596
97.02814438326288,96.28418904574463
100.91967780763491,100.62988464551991
98.91556244122332,98.53452878270015
87.4255704181659,85.88847109101039
95.67196819267512,95.30814207570364
85.67980317973121,84.82970074293013
93.38582790568779,93.11439385266495
99.25655649241209,99.17551673602317
81.88743404749603,81.23792577692268
103.70508340545086,103.2637286297583
87.91710515120438,87.26388567710859
94.63189194372886,94.40912970465854
88.11310164622259,87.21319369735905
80.4985330877132,79.41904774516354
81.49838319587582,80.67793651074321
90.84778450647484,90.65924268274281
94.2730933229922,93.95866233329771
92.2822224850386,91.78507552381195
86.25495515420414,85.8709349994713
86.95962355332941,86.18933687168953
78.05869554298283,77.58505850936602
86.95927098095049,86.2329509175609
109.49199933319643,108.91380874406437
102.70225646215673,102.16242078661672
96.08110397760551,95.55402853826267
93.33610082437183,93.17740615874315
100.88039637863989,100.77139772333523
93.37549820320673,93.1298408728881
95.96573333447543,95.32191356051457
87.27330868586472,87.06464738282993
94.20155598626224,93.49833601216845
91.14578406928013,90.89018961311677
89.65057611103184,89.05162675867948
90.66028596630821,90.4932737008247
86.74908345901707,86.43373304690235
104.06448910181925,103.78366085603311
82.31467051294071,81.54446866027209
94.73935361655724,94.51340429279148
98.76255038491661,98.33149941903865
95.70180785142864,95.50116422404822
94.8287086512807,94.67648168319157
86.2738553047944,85.66959832132292
95.0274029118048,94.73897200573467
93.08587789824064,92.91622390600851
84.97540926914067,84.6100917934287
99.72347224282198,99.38111990066776
95.59581431448908,94.96666270389726
81.62734415743638,80.68476845977581
85.82236578215276,85.00371001195998
88.35302669670598,87.43905060511226
101.39400762793845,101.04119994096253
90.09896079065966,89.8432639562
101.13109296145716,101.02586893190782
104.26281379348566,103.75356174500622
88.27548351829441,88.11059958497607
107.89556065078783,107.8256648104045
86.5834740973585,85.61606322761446
93.23782518648362,92.94807282849045
92.05985403743409,91.21709937324454
74.78274931159919,73.00752774156518
92.2242310092075,91.30330412763294
86.98769844739537,86.70358344601028
79.7638982124783,79.14405297820745
105.75462605909732,105.37473264466033
79.67703331032128,78.44391904943151
97.12973112373798,96.77936877434115
92.22863439549741,91.65061081943162
103.98789631393305,103.82551618989491
83.06660401044957,82.71354905076258
89.2715462137016,88.37637993080412
91.30926352828037,91.14585592659782
92.3310676482351,91.9728549822799
97.98576315400047,97.39870677844051
104.02804519994648,103.84755811346398
101.52531508142005,101.1527691961894
92.72984602347682,92.02919423887157
94.58004314987116,94.26156114800264
103.91197826220505,103.42216058782394
121.2911141238975,120.25814747221544
94.95283249339755,94.70430671787163
92.41542759521434,92.08883900935933
95.6769996948225,95.55044056062553
93.17789329496725,93.01987723856182
97.8440948704511,97.63429100296555
110.08180353964832,109.77130143046548
91.83908662994595,91.19157340194849
81.40847040499884,79.3195654644077
99.76678544509826,99.49495787422391
92.24805693756888,92.12709042818324
116.46180971804671,115.95428197584951
100.74550209788225,100.53709392516072
105.54954717835275,105.23764287469022
81.36613437611844,80.05378963969224
87.49957201111854,87.08368040301058
91.18694228244341,90.3793296603275
97.2752798331361,96.97552324607226
94.44057767296084,94.05644662403141
105.54410562199621,105.19574227088657
120.83479115191682,119.41677596767803
104.04434038388658,103.40012677976844
79.55921924809041,78.62194270505545
101.6405500466511,101.5177706857983
86.13325123095399,85.03236006131607
112.23363862387109,111.35175951190509
101.29086175431402,101.14893088222107
87.22024629622379,86.69231679348624
100.47530251144768,100.22521733782214
98.67331260852379,98.25689897480791
81.96099738976658,81.26738721182218
95.88650690212349,95.25030346910978
86.10351667507523,85.68359360609021
82.48723619663276,81.89231575661138
116.85726991670502,115.67400803895951
132.5570231753014,130.6736966795155
95.8874758439763,95.5305250752514
98.1799755191776,98.07939564486274
95.87889740013347,95.81753395737516
85.61745616415794,85.43714127956716
82.46436781887988,81.3432086477207
88.4643270974848,88.36032193286528
74.27129601753113,73.21624331224731
85.78952672388526,84.168683873839
107.8616685355895,106.77395711284814
107.57721661668737,107.26313774877231
78.84942707202629,77.34136549334006
98.10766524936676,97.6909663032794
93.77257664377471,93.64856772013545
103.37647453672766,103.16898542280869
93.16055175290195,92.81693640940243
108.15758071610873,107.70697721225243
105.84101078264749,105.32133989122559
100.76354606403075,100.42080813284728
84.70142339890363,84.23908667872315
102.21658650158257,102.05944136990749
111.6124980346985,111.2739669324199
87.83089475747664,87.0303889595924
75.41980923614338,74.47248269790822
93.51092023335212,93.2165267417465
102.0572394736814,101.83349580721321
98.72453494640095,98.65046397179337
100.27158482451651,100.15406009296697
88.08551032795349,87.94434069879571
98.99230878150995,98.67330206032503
86.19460551920642,84.83728406896334
95.51520953185062,95.12035946639088
109.40974663881511,108.85216316039921
89.88508801019206,89.43384072607637
99.35264693023478,99.22079163664387
85.109367383344,83.52423401039356
107.1982497128084,107.02093578166588
108.3341876886589,107.76724202352142
87.60679952642255,87.4106943104963
89.45715693881344,89.1339572730272
92.9760937557346,92.59311888471485
87.1650654500972,86.7085781554639
95.29869542402079,94.96263399302777
107.54627360864794,106.89103620812611
97.62878267023066,97.3799040411974
109.41259896605938,108.97177910548633
92.68021174958119,92.53072306421547
99.77899770044125,99.2304103402034
93.38368413663864,93.22381220424828
113.0514276089726,112.6823756684666
109.91108549641888,109.34949074602969
107.43570801566881,107.32003668637519
101.84130370850711,101.75045356710507
105.67998116928136,105.2798222744307
97.76938571743077,97.55840864633103
90.14728579978177,89.02633949614413
106.5304202943268,106.14419190070063
96.93351859939274,96.65436545193276
100.52148399171752,100.27506715787997
90.42060874637986,90.26016594614399
80.33863138237679,79.251910517328
100.55093264747566,100.19878336194266
97.23891177791822,96.82399084149381
97.58389771781762,97.42388836733566
107.38254067644208,107.31914559441617
81.4372881071832,80.92420455559434
101.70762427621437,101.57133511586727
91.33477861286177,90.88242165664752
95.9575424773793,95.69318679380541
90.4089111383674,90.28486353009382
101.31385992592809,101.02834811138825
86.4447243705618,84.80335458265576
104.47387524046246,103.9651073315346
102.92615351756508,102.81667868234523
98.9073043094705,98.50856673571184
88.2603791677918,87.57766775549362
104.91990320946141,104.71366929861637
122.41456417293394,121.48689037981107
89.00871715354593,88.30614194997192
104.7720734666124,104.64666923692148
104.79350583540965,104.62245579498239
90.47970366492966,89.23659127018404
99.79364571081157,99.34185301809798
104.61941748299625,104.48861399327788
77.54175045639121,76.25255190735636
103.53203116648645,103.42575646463901
100.26239729192322,100.13216349642657
93.7432493647912,93.59335712373448
108.47515798056908,107.27350806989394
101.42811952150834,101.3384942925196
99.18343907490721,99.0646231953718
103.4554569980543,102.96793871251101
86.81108550412505,85.25471650190532
98.88301361450318,98.80646145318117
108.17420727656724,107.98118848667228
111.18038122798527,110.96370059404754
100.39735125391806,100.22268788737416
90.26304578613295,89.83944084955982
91.87441256067068,91.64018551852375
93.23555355867293,93.05856765298432
96.76784573494226,96.26737719508009
100.27335688512417,99.89038087627459
90.54233606721516,90.14023429305871
93.45474902959131,93.06507053437026
100.50423946555915,100.38664097345985
92.60646608206491,92.10928443659063
105.88488002409345,105.56730828261757
96.85959692455299,96.5326166669115
93.02365910940763,92.02333505666542
100.23782233082416,99.79849113210666
96.47350536178675,96.3308647426653
105.25424175630978,104.95537147616993
96.6461705910057,96.1583958642497
91.13355866673466,90.13278467116203
86.16515621769676,84.73252461306325
99.64407730854971,99.47285695573066
99.7433666315768,99.37856187345407
104.89478451082844,104.7851607332573
93.41544476605227,92.8509988708961
97.80961757487296,97.73378939299971
93.11985712187723,92.37876872903786
104.68508095287494,104.4224213980366
92.03454969842227,91.88038569415919
86.24230773023105,85.98150042232628
106.33778861957718,105.41829104169146
95.98825662945431,95.79295528788478
92.36230185050049,91.5660284683477
105.6976380072083,105.2400490889523
105.83668633378007,105.55812408244941
97.36834364005834,97.13521132858573
88.58141109349266,87.68253129582035
112.94986943035879,111.9619891568674
92.85874283920923,92.7766735793896
90.13318077759483,88.77839927768308
84.62198693343998,84.1794610087014
102.49146586345701,101.64401699783159
86.14583828628591,85.47598229400114
91.85522742254423,91.72459311245906
91.29102324941714,91.10004159380291
90.8257014876835,89.80673677078266
92.85419489298518,92.64875521877867
94.83582232989178,94.09957318483812
112.84626929384926,110.28174767150625
91.13073527617607,90.1108488223564
96.35116990265996,96.02100307674725
105.15583174777178,104.79716949328035
104.97405625432818,104.79247328289209
89.62638807367321,89.27600542615738
81.73082196885493,81.46256791828232
112.35658001365175,112.09836851778458
98.86990380376594,98.44140682080443
91.38550845995528,90.52651828675693
92.07065409030083,91.19514628431348
96.39808358631353,96.22852278317232
87.92002195821694,87.6786173283947
98.23987484722869,97.99771657796285
98.91730188363312,98.24307196290465
96.19225985684905,95.91344565673222
111.95409388202917,111.74811651808432
89.20013796242814,88.26006146493403
93.04085853592811,92.54446815249358
105.23459811381463,104.75365722254024
100.44784537674057,100.30997489489731
100.58979334624915,99.46548706734711
93.9450413326719,93.45208989397129
93.40993475605967,93.3158430593506
101.73215348365983,101.39008963030518
88.00399894029934,87.0333112838964
94.29958459207282,94.09604681824071
85.33731190857588,84.80422964017609
80.27672853806293,79.44296634727924
81.09698226889122,80.4185735132305
82.5250168130356,81.59663277368216
111.99603169900787,111.48641622831808
103.03521091613143,102.93140625199322
99.64980022437808,99.50643235384825
94.50383198614061,94.20773883454433
100.26878478207637,100.05424764370274
97.46616002738327,97.23445516653531
73.95050783793809,71.8997053524262
103.11871872420969,102.94979804050737
98.03236102735355,97.69494959326485
100.62048312464925,100.47475890182362
80.44650336867,77.14094431671923
86.77103185247545,86.42655489471444
106.70568760035789,106.03937002951741
86.0572051804604,84.58325638422437
90.23659235135803,90.1403027306781
112.08151957794003,111.91607846265008
101.36395401770216,100.97767372792795
102.16032001770738,101.73026912020326
89.89288959040819,89.43169238711788
75.28782341406922,74.15176472900566
110.70563563027768,110.06844015002018
94.97041487388903,94.90591646399213
76.38907971144145,74.83372550651072
102.17557327212573,102.03374128846755
126.4871093088198,124.22184000759879
97.20554290547871,96.35338426886221
96.997741060207,96.77295425580093
97.70622547751348,97.53928191296801
84.23227286439827,83.74184035119623
100.66231357075775,100.53388278864153
111.96172784223259,110.5202592422088
104.63083656273312,104.54356996903223
95.99680054247247,95.44847210298171
101.68069833889223,101.29462843871599
92.15635146673073,91.72831329780504
90.986908047544,90.83169990967869
98.75885651435347,98.44962924829088
82.26128453180951,81.45206230400846
82.34704974449951,81.39968499941048
111.65949897603612,110.16809402660398
81.48123047082046,80.66416946678447
97.21193009709465,97.02699918482058
107.99819040239838,107.88915235468916
99.5096171753273,99.21561491894587
90.37412646879808,90.05133033147762
98.73012497002271,98.6378390464171
91.05221973501448,90.79329826110872
85.01083871677379,84.03825956976318
110.13856026239488,109.72749484735851
81.45421714818357,79.62117068952278
85.43313613809173,83.74718244249586
92.22529167544266,91.86057305524253
89.34704042141162,89.15015422082683
93.0904226395208,92.55817096098276
82.694224072155,81.54991006044727
104.30945788842955,104.02908425911659
92.5893616130224,92.01984547388375
110.27752323822654,110.1032437543354
90.63588466405925,90.4255493785577
77.71959191589981,76.58974502293236
92.06144355760541,91.74969160335006
83.16642648396963,82.2043739862367
94.140961358839,93.79624490978041
91.25312497243432,90.97983706153988
92.00350279999635,91.79024811764842
95.3073009529433,94.9832043275216
106.05212313791421,105.63559909835111
101.90145706058965,101.35077017461059
94.58713033053377,93.84199840615919
104.64476548658047,104.44823516391287
90.81337953673777,90.66405062554816
96.92941248254891,96.7660060446335
94.8134533024856,94.27681341579702
103.15071529544258,103.07668448431724
93.20992122259668,93.07416597484757
97.146204624972,96.66104582867541
95.0130914602343,94.66484123231416
85.8697146519358,84.95890189929024
110.28763565842235,110.12392799123849
111.60598766936484,111.30629486775399
98.53124547260788,98.02559394496905
115.34886633264816,114.26733175603746
92.11798862332938,91.95487509136463
108.20968858622052,107.88348264920357
90.07830925420745,89.51895622214107
93.65426969448937,93.52748604168896
101.6628713953057,101.33382335202552
94.59473206016301,94.52322907474554
102.92577644609675,102.7567243742166
103.38194704043009,102.90361165857985
78.26939153424625,77.48824595179846
108.26315072787958,106.65336364775712
102.02361699733319,101.75820410143884
110.64354181641713,109.9561716102642
105.7351613213784,105.60244143129181
99.960492154155,99.85553083766486
102.90964567052139,102.7143924690307
110.60926834573468,110.21186191702421
99.44088590472315,99.32191095719764
91.35298618267876,90.85492196272574
100.54728149585833,100.38649042615472
84.43056817906484,83.93374105516642
87.6141064642315,87.20401130046925
102.97777881014616,102.85039164848025
97.82535689198725,97.60702299049358
89.21134315111111,88.97873019825643
80.26228428426535,79.61218320907531
90.81314302552333,90.63216649372032
85.20338069292421,84.80801653934981
88.39365986557542,86.96447009429185
98.02026545991507,97.77237730597439
91.43859953585923,91.06118086831404
84.03063818687768,83.69217103769648
87.22853392299277,86.69531396015488
100.54016563523238,100.1326799867702
95.44243021084802,94.69315656634816
90.65578824416562,90.20284120171351
91.63206210194882,91.2898205121005
94.05906124528693,93.82363224095958
113.67326455162836,112.89136440511213
88.64176998414172,87.0854171672228
91.95467457666906,91.18430884061874
106.32091485160328,106.2680103494151
112.04088308250519,111.70385739952
90.9902083355811,90.73553849748109
86.99806069455845,86.68827438937609
105.39039122668122,105.14198418269493
89.82018863067698,87.62166351184766
106.94670956427933,106.40503854006374
96.41580917128228,96.28602544421742
90.69908312146696,90.45726208372416
81.79021255286938,80.69468310987392
95.18157927936723,94.68492082081237
87.26092922264492,86.98181084926219
88.88482228913134,88.49185270689912
89.83164994888071,89.37541592769674
103.82240402231392,103.05976703979763
92.57633037830114,92.28128639702494
98.3522650825074,98.17688977373271
98.75476346421694,98.48796552221349
88.16424586027553,87.80210189629179
100.21600903605368,99.85623799985845
84.82637017607613,84.14772060277984
79.3956808032954,77.47243420832845
94.70802162664276,94.4015456961694
111.69629200392038,109.62851648428658
95.49543461931411,94.95218855874894
87.98943365815575,87.64417004085087
82.3139247259382,81.8336774985591
90.8380084629107,90.16891761509214
104.7977601265633,104.62259796053753
107.5620591426971,107.07959250528334
102.10001727000126,101.90800693951986
104.59229788613588,103.10922788269366
97.19855222583361,97.08679697019727
96.10706650965234,95.95042498689571
106.97576170405466,106.76397772251892
98.50419219617817,98.26294413319229
104.89563444917353,104.81201939969166
98.87163943569509,98.48227980897875
106.52466701317617,105.82208770407802
93.82359311137375,93.60414245727515
92.84943431451089,92.71853031180191
86.37424859244473,85.84201947829241
92.816360714818,92.66255056263917
93.99064457535034,93.79045967615455
89.31885521973305,88.95176395515605
95.83757307747291,95.58126403153948
88.99227130272706,88.49320351937911
100.81636450596672,100.61674517424834
101.77058283158972,101.52535781620497
99.986548858751,99.81457101746145
113.55068006897751,113.01034991493313
98.0199623948356,97.95930985200242
95.69718314608458,95.5233171345365
83.55429088297879,82.69297785911941
97.08746387052445,96.99437394982391
115.3455466946234,114.95943206586794
84.22236599168336,82.59866883988192
110.28722312187838,109.77954650589584
84.6583447555758,84.17911142307969
101.74600498651282,101.47207905879172
96.73701846710227,96.51474207713396
107.6659588717269,107.43958481977126
124.84100501177272,122.95613686807737
93.71754251982892,93.6423132637712
88.43464511431635,87.53880331702715
100.12562220662174,99.57607633418306
92.16714575411805,91.41098553640298
87.85601045116073,86.66323077757272
89.3389051745987,88.65403000016724
103.86429514471857,103.80664831499377
88.70518917304865,88.12788773491503
125.70009001623175,122.23813978976922
87.12408203659236,86.80343100594334
87.07493481541651,86.8112320105573
114.87885305082249,114.10102140646224
103.28230909429327,103.09247091281422
87.44092049578889,86.9242089928718
101.10280807348036,101.03654359452831
96.35937171726577,95.93371992151256
102.70406753676224,102.57147948849621
83.59139713547043,83.36270937108607
98.35102405699352,98.12388431200209
92.80461215289387,92.15902431030828
98.11427990442476,97.25504566486748
104.23831727430905,104.01154349121433
84.85967522059262,83.84199704623404
92.54325482879551,91.94108268644666
85.42931855676702,84.90912210020963
102.10677271318725,101.91047441851956
88.00208656585656,87.77271638802684
86.98365905515297,86.51145346095677
97.63729892377899,97.43094496762757
94.53663599362113,94.44820185275155
104.67785156561376,104.56880627288798
89.95125577714278,89.75787383358947
104.26962126053591,104.06112028886399
85.36210709169823,83.9173229734614
87.68525198745482,87.40768156239383
110.18886199224174,109.96794345017254
90.9528239724653,90.81480651396014
104.92202802739291,104.62693157180286
92.00383749820998,91.20678320393758
108.09138250218976,107.8360948824692
100.92529584600177,100.69615711081424
110.13527911407567,109.86444908335928
89.9333346096318,89.15432601548108
84.94955088740699,84.4747547855142
88.7711672455962,88.55139684248557
100.48022896616686,100.3149284283381
96.54184664621783,96.14220483432534
95.92225990843545,95.81728011987015
99.47375635729193,99.25701100122414
97.7042811663353,97.43589396860145
86.74320904823303,85.85895603774885
92.63113653798342,92.25248166273914
91.92880236310951,91.56673811979167
101.36722536999415,101.13756372991048
94.90112484395443,94.76281715771042
97.6558097871218,97.32754790044443
95.70592665107444,95.02697704509151
91.54452934186895,90.92328549791743
94.63951836007266,93.43737616689187
92.14124695783374,91.91716868445477
76.96308561814918,75.73710585917658
82.41309721374522,81.8104248949118
99.70478853479827,99.53480186834999
84.67388794010989,84.02331371130649
94.24742133257197,93.53453369563917
92.95900973615733,92.76384470807677
93.4021798002602,93.07389494625895
100.41494229586922,100.11309066051315
103.08809908434269,102.90468719455681
94.2795465160492,93.94182974903151
94.51651647177165,94.38930613284498
83.3662383171373,82.8619387458293
100.00753283107049,99.8160506440926
82.24561108170147,80.36328281939912
99.44331391795964,99.0651655836962
95.12877346314939,94.76916934733018
105.65736676352739,105.45341209997457
109.56381772948399,108.6397174463414
117.61876133431548,116.56095706547298
109.59010564403312,109.45965836823632
78.35845507699025,76.18997546661981
99.16054505258121,98.77462052115439
109.82356425117074,109.62816883588367
94.95051182372553,94.15255241390203
117.98137570921315,116.36702576570225
105.59575589992313,105.2819377881459
83.7808409715432,83.21702501870354
99.98869310533397,99.75546513737014
102.69831005432155,102.15939006282144
96.95136662560787,96.76137044229662
86.12310467605498,85.67868682131962
95.45050824613028,94.98332446272693
107.5622664267125,107.19523395490523
97.5239958236667,97.39792014777822
117.6208061355095,117.21481986402749
84.02594930318259,82.90857589218773
100.47827779083178,99.9561552200224
120.43020680471221,119.91372719433073
93.20011658424802,92.54495654264942
85.67474513612689,85.31887231592108
97.39850615130725,96.91386390184083
95.55586310510203,94.60652988065527
90.30770823756778,90.00028584617162
98.14583386456094,97.91993524293072
96.03623815612048,95.42946661979344
97.42009134365092,96.93357327468239
117.19443374540535,116.74793259048934
104.71452104421482,104.62741077063941
87.55098970269437,86.7140955757163
94.512914913097,93.69545462503223
103.17745587148107,102.82018854998392
88.42427803056192,88.13691753509288
84.76009162011576,83.76988685355396
90.26764308049447,90.14778412736491
102.6733966274624,102.3392367000003
99.63590954911726,99.3140269303963
88.4563991477026,88.12529912816403
98.45350803529247,98.26141145155341
95.00943809064033,94.65160062903254
103.38611442142117,102.72439936340906
97.2867140225579,97.04940281693813
79.00417431798796,77.88870440745453
98.08648295198621,97.84084689211159
103.66329506011412,103.50479146126935
98.14680245974463,97.64351201400855
95.20511965639547,94.56319962786378
94.88034493218902,93.98959874631197
86.71996461806145,86.06867748510808
92.78053167081212,92.50713929667948
92.34786513250815,91.91397191850504
98.58827797504864,98.41712159977132
89.57155093409892,89.4335653003056
95.01605061664287,94.49013985120037
99.77440671522139,99.65480890859452
84.71663015726057,84.05949990966312
90.5128775041857,90.16866421699872
91.32555275623396,91.00694643925476
94.53258850281132,94.37209335897249
98.52280158217535,97.03151557838277
104.64963042405628,104.57985204798081
100.11825909865632,99.85832037229889
116.19976727376441,115.65167262064477
97.42579596134412,97.22976945017044
82.2337344451658,81.88818193415733
99.08254097770603,98.83077667893191
85.1015692504068,84.64721413042707
103.33903459360596,103.1353485659483
100.62892922724853,100.35637842899843
83.89161187188685,82.89962568622487
92.11798935992016,91.8013389400895
102.65213059568974,102.41507823274077
108.9689420474104,108.65363274779016
110.94447428528018,110.54597330862435
106.09282111177068,105.21344296849188
89.71261997466048,89.32827886679078
105.00450938291533,104.73211734752688
91.72442415029568,91.5442691404346
105.61243006860995,105.50020199896906
87.45954684205788,87.29699739458366
88.73821047275297,88.05547243922908
117.74279363968373,116.57537592720749
97.94798016674696,97.78674950164246
90.44566865965692,89.28708694265187
99.95054108431701,99.8077347120719
109.15227898526283,108.66820644708176
86.0441199939632,85.62598936999746
101.03634148503012,100.82064540531937
86.54490875636222,84.85331260788789
97.06924375721538,96.95709239155256
97.40765670044077,97.2893094759142
90.89264454672015,90.5008462930252
96.25731511995471,94.71593819628019
103.48167670099696,103.286484127858
99.9717301771416,99.8378642070592
93.07776455914357,92.43703552296593
104.28194006967331,104.13196975384295
103.55260811243768,103.04389674076695
110.1038307821596,109.56955593283094
101.99176092970062,101.77327823555623
96.072280454563,95.75181565358814
94.71917880679587,93.6450788703959
97.35489028992669,97.2139185589562
97.62122751103047,97.32391725748636
100.06406656402176,99.94833358408978
99.49533112106144,99.13704779720807
99.57568939525098,99.46996512229019
94.34517101986995,94.13414834071278
90.2024257338635,89.7901750059515
118.76619334471539,118.04270452940297
91.54151775998069,91.00663944741477
104.39477393050403,104.21141396940035
115.1228972978944,114.4441733437965
110.96773313270855,110.54149328627365
78.93475297411294,76.3489613048809
86.55573553839888,84.13546791531412
97.12599939292119,97.06237382797363
96.0098338443823,95.84116110195593
89.5376474444488,89.1569153612449
96.1094642768042,95.74136289182998
110.76724927386793,109.80008855655718
95.07787991306785,94.72611367739546
82.59639482655119,81.08313970786719
92.51229360155635,92.32043941847344
88.80821597044314,88.48433897959406
105.06831456091147,104.56051492561933
93.4033541286489,93.17359496356326
90.46125381096806,89.82838248571517
96.97050224995304,96.48392062437443
95.01258954368963,94.88143682266292
101.70332835798895,101.57568043610343
84.15293817892623,83.67097010211907
86.85443396819552,86.65074010644162
106.50926766081858,106.26133763381578
94.03985799910406,92.73851835395942
93.85657962169522,93.30035468265767
100.30572768201604,100.08882389699806
95.5633270102069,95.4777005039344
93.93860061570517,93.63371391549678
102.94749205682348,102.76339818397507
100.5452769411196,100.28147567498232
99.08574147059856,98.64056086201262
96.19602333103293,95.97582766547013
103.6048865876033,103.23833244997944
102.7437382025932,102.41000357568028
97.64550409610978,96.88380924996235
108.99740767984454,108.74342355228602
90.74055091261768,89.65173005335917
98.718072793374,98.45132861299851
83.35977521502639,82.80378094625685
86.92407265366333,86.64218931313732
97.45194772440536,97.33284810341733
97.52105505503864,97.33869599513967
111.2322757643831,110.58445675841679
100.35167138133387,100.10342171494031
91.65864480675806,91.39173091935224
86.53970872687685,86.32934368779152
88.4077395586889,87.59996049110322
107.72756317263612,107.5826376705468
91.93538713885202,91.75559411900025
76.65339040507263,75.70189612895877
100.57373827682069,100.49626403817898
96.67810513388426,96.44455195214474
88.5413467816681,86.31604426059795
109.18953162396934,109.04515262248808
97.02619531894156,96.78765608458167
108.2054962764269,108.13012148745261
80.67407323372501,79.3116270023551
92.02225809903521,91.74081159817045
103.34415556647292,103.13857601798095
85.16044911743833,84.048837305468
101.03194840046486,100.68731394238893
85.37445547907761,85.08748145128551
116.68886746447886,115.00248190540778
105.31967283772904,104.99922130083633
90.9548919701138,90.02791843877809
87.21636127035006,86.8482462896787
103.75736239057446,103.42431673569817
85.68263011341058,85.42819571303123
104.20646319478912,104.01972510121622
96.13495928295619,96.08938280964608
102.97768248464354,102.67508883928745
90.59097447898257,89.80420260180308
103.74276143817511,103.57995379172996
112.79747757998217,112.36003965155732
93.14383636899939,92.49548198005118
94.4587425053635,94.33919793984951
95.05476441298264,94.73761475366123
104.79328080338186,104.62443828377444
95.84373771718226,95.54520007059476
96.51834136242647,96.18848360014694
84.58241930731026,83.98232408711719
95.27825203998782,95.11661357627987
80.08890308530198,78.93689477970369
98.95927328613995,98.51059233246097
98.64620521593002,98.45878222813246
92.6646836555093,92.3324372550608
91.61420660269569,91.40591409531646
95.61875431009138,94.78425157517938
92.08621997760845,91.94748344456971
99.48551762889429,99.12828719408766
100.31064570574239,99.79845625934317
98.65369078965927,98.44313355845767
91.91624448420491,91.17069259664757
105.2874493854739,104.90843802439198
96.4210905080374,96.3131631014922
112.70265203470684,111.80211332733253
82.1506983458275,81.49538773243242
100.10399315505192,99.97930766055227
96.25922738861973,95.95746452598215
95.78017136983536,95.66988096545575
99.94989600210926,99.6884053577491
92.70056379790391,92.53154959148715
94.28093259861416,93.91336048239735
103.11369330772169,102.38850567657765
91.05218855659575,90.93236369264862
103.15058811187784,102.556498978092
85.87870162735285,85.12827309700435
94.84765894361702,94.24987118382678
119.3283986650987,118.57536387736758
101.43978597278341,101.22553876125411
90.76618756993007,90.46699469421829
96.36738396765098,96.18142888099733
100.42229527918593,100.28586632398957
98.1550178758688,97.9111609503107
91.33285338872311,91.15795310276415
116.23213565691881,115.32968912098194
89.97986620369383,89.63466012371804
104.91005352222105,104.78491983666267
92.46961436657973,92.17472947689755
94.08953094642052,93.92147714509477
91.05225641151168,90.62890931675801
104.09115471554058,103.91141377700657
90.320265926838,89.54920467902494
95.38481877493338,94.73560493330108
87.26540746235308,86.90206821234356
84.33336733608492,83.72155495027698
98.5528642860717,97.32389871000318
101.52383961888438,101.16482546016272
82.4233804660634,81.74192651273677
99.09214966292899,99.01923525870933
105.53063267735523,105.29830977367187
82.20067659572986,80.64447866285172
96.94166420062747,96.7791578716859
107.96696065326108,107.71550586458498
105.04615952445074,104.83691088161348
94.3437870190467,92.96102557881285
99.01121877732793,98.8439710040201
96.37846609025532,96.18493890753471
96.34007276371734,95.90662713233411
109.49302835687274,109.39004161505365
97.11286018335322,96.91945146600214
90.54554184606825,89.61189903023568
86.24509609600706,85.27365907564834
90.09845361569042,89.49716824259067
125.59260813872544,124.28012855898007
97.24937894938941,96.94807678594339
98.22902126294224,97.81717739826912
99.20048638015194,98.87389095416009
93.41382143953894,93.09477580636624
89.46627973978852,88.94977560103156
96.37077351895623,96.2095779787924
97.62071888778911,96.95602227473387
95.61551209480426,95.43069903016982
95.52786907976456,95.1520232690908
94.71953029369384,94.5852617967405
94.08463446977139,93.8472684910674
93.87067578895295,92.59837581835698
96.2255426853604,95.93007174708717
96.99697487243449,96.85824805917656
78.74491680797124,77.60759439031065
75.95321075486366,72.10538266668705
112.593750955183,112.18128821761177
102.94362780171406,102.65167116635045
93.04064027197009,92.96478631933182
100.0575124379153,99.90889103442258
94.87485454317576,94.38251478206953
112.52466772578002,111.31203728418294
103.85232884419798,103.60561936731169
88.4775250649194,87.84567557339611
102.79093667533782,102.51672349962388
97.53624247248325,97.38778436385641
93.67000305899487,93.38341789905222
85.2299524538247,84.87606307245545
101.08173320706173,100.3753283057826
106.78270912340737,106.28494005805702
93.03207109217918,92.80355338897785
100.96013750761966,100.7257336341526
84.50433913396083,84.12309996695035
93.36626202124184,93.22194455967949
87.32974222371931,87.0300906284489
98.7966269014518,98.52596966993275
96.87557426553398,96.76302372775535
80.54944208518693,79.20064046366397
94.17345621560911,93.80495820538987
86.15931635052833,85.84062182312758
105.26183335731073,105.07509794219008
97.2890854377691,96.8102341740403
116.25377076895683,115.93419398941882
94.42811471283925,94.2854144822123
83.36118762161914,82.97091587822506
106.23213961827177,105.67999028250495
107.32547194627027,106.93803796631327
99.28788261018254,99.16913261640843
81.31381828998855,80.88573692623736
91.90460919206818,91.71189199586655
94.02220234390883,93.73703691353165
97.86099818785702,97.65212689893237
86.28227265676708,85.3185296144204
106.4413372972768,106.04343006343714
95.199005125214,94.86023680390613
80.57743633207534,79.80837264172098
96.81670136112845,96.75512451687084
97.66695991506417,97.511474654686
107.0794620580797,106.55992651830442
96.46013708961532,96.03458854511432
84.11001822808191,83.4700505818442
91.46559601419253,91.23423656189061
105.32173292918318,103.8338503329896
104.59127812729858,104.33156376425501
94.30538713741454,94.23224627075285
74.67923268409602,73.66670084351755
91.46665311135028,90.94818356736062
93.24531672322551,92.88892178033967
99.12163802695949,99.02401295035665
102.45166543893676,102.07335601274639
86.01067408498015,84.71483546910959
93.15832243707494,93.01723524952389
89.6790261938499,89.25701972658406
97.26874455757195,97.10615396390317
100.28614814698594,99.99020662401111
95.86735786769304,95.53779648170568
84.56810021530806,83.95963639423817
103.73538582459976,103.63021420853393
92.41751825289029,91.99412633635258
96.9203638813463,96.57041798208036
100.19139308548446,99.84311104288665
88.79371359138551,88.33663119748361
93.65618475985428,93.42692649785819
113.1784398974166,111.76769065687904
81.77342354026038,81.43482265297759
82.8946220018319,82.10820062030083
96.29790820382942,96.15432899430665
83.62766719883737,82.8350709431416
85.69830977240376,85.11777495855902
110.73502355995191,110.30758167675424
104.89060102125612,104.39978172267448
84.87920877389928,84.1774888080708
97.52073894124787,97.03190655146597
103.99507488896593,103.69096300137853
110.20746312827292,109.71399432951564
106.9621227302714,106.82736049581354
93.80092382597662,93.29236261464902
104.39512918711704,104.14456005264418
107.56208142202293,107.32388268111306
99.6718684461275,99.48379587778106
96.3086590767951,96.12845102299161
111.19698500370956,110.86704289857231
83.19425609112936,82.69002708688005
93.8686319830333,93.64791124012659
99.89117892145867,99.69939785883837
100.74405311480318,100.49926809955163
80.67231106055526,79.62471423013496
106.53973928410676,105.88072047371976
85.72930280240898,85.34627786853075
95.53589647571185,95.21631986278302
104.539699896025,104.3100701905149
98.01707855088834,97.80459279048956
90.15804267371927,89.74422117784268
101.41184374705087,101.34806398630283
104.19916883792278,104.02656897577559
102.97917688254967,102.82425866058152
88.49452368758888,87.10767467633629
95.90827772166921,95.78172941258994
106.64523754051271,106.32963797517993
109.93162705838458,109.56472927184721
94.16523358797622,93.41798021745882
90.43955949925177,89.79019204390138
102.59003702849488,102.3562636339474
110.04859139807371,109.50539094124501
108.18837531347278,107.94032748468472
108.5312595947131,107.75700248238199
85.96932436945454,85.62309458748773
84.5060358001365,84.33594374751166
118.03957344546727,117.28643013596657
102.9344508952684,102.66720874492057
85.83018012223597,85.44012995172562
100.8381906618486,100.43195302942267
105.60187063212693,105.38961391702489
91.20203777113967,90.99950501010547
86.21467650147893,85.56232675266234
90.69125517383165,90.3515234908513
92.0994748965923,92.01767389917751
97.35975094217213,97.23207579408422
100.77988389932968,100.40493358912573
109.20743824262193,108.57260201278038
92.10461605491574,91.6530704508951
93.530511716772,93.33571021009281
89.77628532829227,89.59768547608041
102.33159477214366,101.9507944820972
87.95605250420108,87.25338549428879
88.77828303860996,88.58792234503827
98.53853624308957,98.46216292656602
82.96398700642762,82.0907122812766
92.93879022811734,92.38828936790007
113.06298118988806,112.73269997858874
90.9072999145551,90.80701990767963
105.14882852206834,103.95516670587118
79.405129804429,78.07797991469425
89.78689296908968,89.16197564559023
105.41780361521822,104.8919041632638
101.3267570670101,101.20882093396698
96.17146529216879,95.93138974195905
99.818143454285,99.64160228737093
104.78741877929218,104.60589467548691
97.66942063632045,97.58786892373804
97.72167389133249,97.58348871050707
97.04944230946984,96.63469755447905
106.80124758518879,106.58089533198371
78.8430628097746,77.83235862865544
95.42600893771277,95.11421706676697
79.8734574142368,79.42162086422049
98.9645148444643,98.79727897481494
93.91614241278408,93.76532583202525
102.82705946253549,102.6781007047411
96.38634713469875,96.1277999818604
81.42056474715571,80.40475893244133
104.06129799916702,103.61605059491609
101.67091341919226,101.41801358314203
95.13145102565365,94.84150887002326
103.96076649698601,103.69535373182131
88.86885263643825,88.46076798097133
109.62592944255799,109.40715420839861
113.1717791755587,112.58010555584605
103.76045514316507,103.60177183573094
98.6139013706772,98.39684900384556
101.193874065921,101.05456254712652
101.9458925434088,101.77165432977728
103.12916874478451,102.98182038953686
96.46927568299672,96.24234295276338
86.34508233518132,85.18537252741237
92.7481843425952,92.56357849958627
107.51602180948903,107.176573079842
104.07886607424693,103.70402624826541
92.23960670667668,91.53044902614454
106.8264054370053,106.7026483334856
89.31289602640194,89.09283387797907
95.51947861435106,95.3424736386129
97.99359932706986,97.8273446009977
121.22572466267238,119.10691807507375
106.08265426765236,105.8867861024801
97.10652699934779,97.00246130169648
99.60095090659772,99.19668430710664
92.16516514723266,91.86521068158463
100.32413074264403,100.01766584991643
99.3901585669794,99.05488279369034
91.10881971290614,90.7636283912192
97.58957052906726,97.42810176890897
102.19247751203727,101.63804037164175
84.91701643961383,84.55537142399429
94.98125211619846,94.72892621470798
104.86407908802568,104.61873515862814
94.65909215240944,94.41392156350588
96.3423404731182,95.86668528089842
100.42990866279371,100.26506460564696
96.99964907314101,96.7840150772276
73.7194715980098,70.98614798893213
76.70392006680477,74.85316590047906
104.57490588662078,104.21526081853463
93.57162481698717,92.90510364940806
104.19529079853427,104.03615674027552
80.40112709001427,79.48451543379205
92.1981122343351,91.99740397694795
103.60959869039223,103.45294853294705
94.36680061675582,94.17232933003675
95.04046780886173,94.49219991872239
90.44650912979856,90.34627716726514
103.84955706755052,103.64250164800389
101.99443207814949,101.7998446889133
96.73041387498118,96.53413014059534
100.77346933307635,100.37710214241599
96.20166997963088,96.08278708946885
85.07894554448963,84.38331374411129
94.12132462099777,93.6731681441173
104.84034181163901,104.61722062024553
99.89484003035756,99.61699904288396
83.61380177635746,82.98036845407053
98.26213119040908,98.06841575802864
107.78054464193525,107.57825952948865
105.35753640437315,104.99931971477584
87.2849086780892,86.88545109244441
113.34162056603743,111.7819320957155
96.1410547352141,95.80136454048545
100.02558246177932,99.90216374299595
100.55224113520535,100.15383431319965
88.27850992164369,87.9078474262924
97.34488148684117,96.86624037688618
83.36233069599983,83.08054576449672
99.09950717474214,98.77612260040387
88.56246126459318,88.20481163316049
102.86694255539463,102.32223023675884
95.66440116902452,95.08069125727744
91.25296741977414,90.49198174618775
90.66744087520709,90.59060198413843
92.91663638261534,92.7150592788565
95.37953171500675,94.98164159544268
105.98334964656333,105.71381552324027
106.50459673202575,106.29497093984776
84.55174972918896,84.25064925033202
103.10567077276247,102.95211851092887
117.78891840404907,116.3008466485918
101.19935053529878,101.13321378699848
105.41791011923037,104.84148554883647
91.46625611934569,91.14426676166835
105.05740459388873,104.87445362771369
107.2095346334234,106.90805919590285
96.1978896685709,96.06624508518415
92.45444448379399,91.57989722403589
92.5315504901766,92.28019458075752
81.16379585840926,80.02676835112845
87.33715704980035,87.11218146000306
85.22418467973893,84.77961509902983
95.28304558450074,95.13036519769166
78.17506626770961,77.19613702178088
88.44752370635887,87.97802959738905
105.68693944656617,104.72282127796585
99.40180373302098,98.93936471394112
95.99772623125038,95.83375021719057
95.18955858603914,94.95785505681431
90.05179243756817,89.71108544120519
90.78399870163567,90.20391779554176
103.19422493823699,102.53319141970404
105.0330118036099,104.87950404051668
94.62772370920764,94.27204286648757
101.34478574166711,100.94736716723713
83.67141222861262,83.17182384651254
94.79165541889039,94.25343240279108
85.45816409601156,84.58240686795855
100.31713219908983,100.06123905894552
88.36422239142343,88.07640233973589
95.72692193440393,95.25118873283094
89.41139166408657,89.011557460742
103.48374674921635,103.20242463983371
111.26584255300676,111.03607879627718
109.35316179584608,109.03079880198504
103.48698504168414,103.19339552463822
95.38636893111722,94.69669769920343
94.06480230596215,93.5538858103328
94.10675747857059,93.7557407421918
92.7276528296871,92.46055618910003
88.02701095986058,87.65641813281376
97.99293600220989,97.7538791174089
87.12666430567332,86.91365482858868
90.02567280673878,89.08446627940039
101.03601525218195,100.81496622048309
108.61161972368004,108.31115187982418
105.30956856438723,105.13744335743998
96.53358690653015,96.34078018543296
97.28618140418617,97.07503091457471
89.89258616174195,89.70476887776121
93.79360499165257,93.3870767753899
85.40673944299027,84.9788569888531
108.27928585448306,108.18100967900202
96.31461683657666,96.21644570516663
99.75352699468169,99.61989295664657
87.3821483223459,86.11450028560871
97.69974303430644,97.12733675106809
96.40017700616004,96.22714462087708
100.47445200747647,100.30173625554987
103.46566178399723,103.37437260122675
95.76640086260284,94.62598125217956
99.90412368122229,99.82143736654548
114.43345151054896,113.94487219697207
89.27227784117002,88.46895647763834
97.56661607541447,97.06301379676788
91.1987874239972,90.9642925856613
98.0289854111118,97.82454444450457
92.98264723159002,92.52813039153067
99.77682767732554,99.66108269588908
82.25958206326187,81.17931090327025
97.41953667208078,97.27450579886883
91.59904415940413,90.9119188713335
79.49404293870437,78.97391631352545
83.72112388159292,82.90777506602126
84.80203428502259,84.05346219756625
95.77811756195239,94.62492085718948
91.5980177023927,91.17290040905506
111.8480114296378,111.22691994407973
109.57945419151916,109.34829295436629
91.1575892329824,90.94232594239489
86.68390327167896,86.42542979463606
92.99410315769103,92.66820683505246
90.56226502546419,89.78669191072379
104.16785969351798,104.0258304669982
76.07682729065804,75.2067046954182
113.44516044401509,112.62275363526744
89.15965840517705,89.04229604566763
82.48240549044854,81.66724747958031
110.23541765420245,109.90699622669597
80.8330542151375,80.38606434863944
98.90962048439901,98.67042820438449
90.03952122693563,89.79718052361955
99.5192882894529,99.33905982433724
93.98537455236381,93.70071278384526
83.97839656743373,83.34643215170466
80.71798649595877,80.14355636866642
82.12973899253862,81.30159952483767
86.88979492360663,85.53377323575147
119.41485459589121,117.9269682767136
86.35008889386461,85.58359254745586
99.89696416231314,99.4513384505165
99.06889522456244,98.96222203318402
106.98992013082469,106.46318241566838
99.30082851712835,99.15598107251562
101.22829053095606,100.89435844456816
83.87891817713594,82.88538939605499
77.92656958454481,77.35632136987044
94.75117709492602,94.67573055430424
105.90217176729097,105.43339023832173
101.5250709204225,101.37353976247934
96.26143808866367,95.49183221780511
81.92762449381807,79.71480050203792
96.52037073236835,96.42146732647669
100.77677498315362,100.45304213045796
101.11158275267132,100.38340999044496
107.30494790023569,107.15418332192486
95.88723701443469,95.50351650206284
91.36917143068649,90.19374900378004
118.0597784897945,116.56100195342934
91.87252771504681,91.44357704415991
96.1699312282196,96.07505647824294
97.16481908110637,97.06035550767244
88.75274364474274,88.31549444746082
94.53503609381163,94.20742793647669
90.49583871295917,89.8717999871777
92.42137550220077,92.26643591531342
97.7168023079363,97.55511254597256
91.10840734249612,90.97682885796122
109.59587205464412,109.32145641783461
96.43365351004641,96.32440437352457
100.35255468712283,100.1249771486169
104.49622183894733,104.2139628569946
111.38172666823215,111.15680457893363
78.64436388093819,78.20076134704661
101.14912645681348,100.90673295169545
105.04000094599749,104.87864240524799
85.70770143206838,84.67456208522582
98.9667952324302,98.79979741108156
84.78909326729745,84.51602657451288
105.11784097971129,104.81311887464393
94.57219232671305,94.37269569082312
93.19945620573057,93.0803057307396
103.37387474403067,103.23437668370785
109.22830539952508,107.88640416437866
74.43610169662226,72.71914059354121
78.30068890029891,74.65225460089944
98.89049314758194,98.53455584708871
116.12708291984708,114.30868516814844
90.37085321959829,90.1928602387784
94.02238494167658,93.71205632243637
96.02672674011346,95.88579435968953
85.34990536603341,84.87523608361363
98.43295292898101,98.2450604398746
102.06435376022377,101.91817538180841
116.45665145331644,115.71638497126152
112.43702063867536,111.80719452858123
95.280697921359,95.17361268528673
89.75884225228724,89.54908942072156
91.12385826837267,90.65837450225831
97.6778792661286,97.46083643376237
85.67230636940596,84.58867860885016
113.99302317985763,113.30322648652184
103.43107388958435,103.3589908234055
102.20249224348488,101.99080850991281
89.67269926751946,89.40804271986438
86.91193001605788,86.50677565869361
102.79426794158832,102.65645183383721
109.58694689733916,109.05047434476718
106.24307073527258,106.17941320290117
96.96435378993209,96.75327627792306
95.36936790161866,94.87805472592346
89.00687179998312,88.48723028667129
88.76695691552086,88.45736450647757
103.49460500977764,103.30156254592934
108.07255921009481,107.66902407560961
105.4398153651872,105.09331784901555
95.25996116993981,94.91354089151525
98.36965468239212,97.85300851230257
83.89619590049129,83.1200597988603
85.06680072934356,83.6907686639993
102.16143408496491,101.56115869681095
99.54514081333011,99.39678717530408
88.2015063082295,87.45750970708569
109.82618809611571,109.26415775221473
103.00095015892623,102.61934119985288
104.75302233533735,104.55578221139322
88.88154622511614,88.55368528268036
93.56963198763874,93.25236057980267
93.02134790990111,91.89066271508943
123.520261735315,122.91340367377256
106.02061746670341,105.84280639502511
95.7212281792567,95.437666299911
96.10143868591506,95.85497865891175
80.75159541386482,79.97346011814425
94.20140929595097,94.0901665840631
109.20213164125482,108.91203619506281
93.46681533836781,93.27222468981293
93.84439315483307,93.58524415726124
102.7600729142208,102.36141012858812
94.9331209273871,94.78122774253916
75.26687985856691,74.82308009993132
89.48136171085558,89.36381795223129
88.00903529441814,87.15575143849989
95.62093104644154,95.49205483137148
101.632733839542,101.46856630299685
101.51513638432709,100.80188295173457
108.79378877347347,108.41190139806837
104.61325476434524,103.83316628739915
92.93569904933099,92.63002731079442
93.23308386244265,92.757164382838
98.2884350191105,97.6581872270723
92.55843794336671,92.31253922069743
88.7742241176624,88.34443545511634
92.03907426502154,91.8716910793713
109.11353400248728,108.81564952120398
91.29058856022837,90.74907086699388
100.04837716113951,99.88255434039648
107.74498377375775,107.47217227194726
100.1421581831941,100.01488764088856
101.54251653818379,101.14007519584146
109.32558217851096,109.00077869248962
109.41948329913055,108.22950860650603
92.84670103705074,92.44453415327078
95.57548759449392,95.28471928777763
92.51113222191627,91.22937118851854
78.24980448751025,76.51584620414405
97.20366869168375,96.89602349681628
99.46431596223196,99.24579981714197
91.78955698401528,91.59975360156147
99.9628617515979,99.78628302925341
87.7366786777725,86.90754294229814
104.94773855864364,104.4997081110748
104.58882095588471,104.38760275516888
106.7478425579048,106.53921957558482
104.09019093630967,103.90525342187479
90.17405519558959,89.96468285744656
91.13215139365215,89.85373927309568
99.20450219248285,99.14006394870528
92.854626908911,92.14148014868631
91.33706816520356,90.85190033704711
114.30648976169562,113.20841257784127
97.52073443708233,97.22189695228849
95.56432050090717,94.98649329758427
92.7375761240871,92.35801385664719
92.6847011176224,92.31035597973866
94.12438863660662,93.86301285398059
94.08051570442744,93.6242075020987
70.24877897496339,68.1550654733084
84.98686688260385,84.13852994283538
98.6840217754504,98.16304707914261
97.64931704261937,97.46256688334404
107.74804830020186,107.42697570516768
88.99553149662688,88.72530624117704
92.81711777066927,92.69433488835851
99.88781569841284,99.39041560280893
79.77817112018829,79.09049506577009
98.2711472573646,98.14232221409252
82.35585394291891,81.99098200761863
105.44746053579377,105.22450495703681
82.68670894062532,81.82842718999962
94.50699371156315,94.11483168572333
99.2898019455346,99.06879157355485
99.2646249660016,99.20174047101584
102.27763869943882,102.20115817596708
102.39219914825345,102.32592930360917
97.59814202522789,97.22146066622247
98.85823327722152,98.77145408591618
98.3205254578986,98.18336291718241
95.6620490098312,94.32534944989379
85.13487482043035,83.72358944495237
91.89074269581644,91.24284714113358
92.02535400268256,91.63757686338836
89.56262332968612,89.16191451222349
103.91857633071244,103.48885846652607
86.7856169021203,86.46333418406563
97.74865611752358,96.81597348704594
80.85228855841156,80.1088636497906
95.93656286956497,95.6937190788496
93.12917246782936,92.86836834561865
107.80618701847737,107.58494845999665
96.69088019940726,96.58561654100758
90.88637062157127,90.67816520636302
94.91831511345897,94.27998853477422
94.0279601522786,93.84462753972534
98.22660037897109,97.42635977735922
106.00711773911983,105.6320096783589
90.4132063448083,90.27878092752252
93.54559879294034,93.12163747699807
92.391464010678,92.14802283416141
86.1137995100029,85.35085212056819
103.69903296978035,103.4068692177173
83.80358582284103,83.7112803259269
97.3833982408085,96.99970199207375
94.23214135521975,93.63813666039778
122.48627234885218,121.39663690984544
94.70148923755433,94.58819362741978
81.0287734630126,80.54428958411351
101.73187377945987,101.58888355722571
88.47889418772746,88.26837841839644
88.22833214452189,87.8806862135773
94.90705388458109,94.81628173286819
87.43526739736875,87.2231182688798
98.70614229331898,98.52642871701438
85.90057811462916,85.53892719807764
94.30332673737092,93.66920080534734
84.15255169118393,83.67572037794923
83.18885321965776,82.82666254879939
89.0353364577634,88.53980342938759
99.32486844601173,99.23864871898014
80.03019140048725,79.16605433136353
83.22247541005697,82.72749459628825
123.9740164386621,122.55298442114007
89.58381466138724,88.97748190334292
102.13929337733519,102.03871110545275
106.39141460385575,106.07053987898934
92.36831328111558,91.97674366396238
99.78803555770315,99.68200349631032
89.23282865929531,88.46897841070786
102.57035362387316,102.36154740955972
101.04160720672073,100.90127231547432
99.41367657070414,99.22217836726922
83.60822314139524,81.98145083507993
92.98751321453652,92.9256077755259
100.01858444077871,99.86146274768537
87.47979395345028,86.99574710686562
91.39480297026337,90.24904145018255
101.63743289635053,101.26592924037112
100.16248967656288,99.3580040764177
81.06153285762598,80.27571116140986
95.05496536834671,94.57795190078639
89.95013066594895,89.45028014932144
90.70576484447008,90.20223019035517
104.5991453107268,104.29854887505289
92.23162373505518,92.06162083919352
68.45976590693533,66.23114715125674
92.33428758621392,91.78505066472873
90.2019153029849,89.77463935518345
114.44172205826727,113.76356467926097
100.13311932995906,99.9907564035204
88.6279332150271,87.9382589507838
83.94333892469966,83.630544459788
85.61675134239924,85.38283094653335
91.08106360663515,90.75692598809346
79.05371238178614,77.70158371338795
95.28209487483674,94.83064974698091
100.94768636467914,100.79432980098795
93.89656373916849,93.75799387140104
86.88409804312836,86.52744278848373
110.47993975317559,109.92805909288849
95.50465470637866,95.41344363803688
104.09813931016423,103.76810654638865
87.65518847380025,86.73010661442746
85.93310619885565,85.33449029700274
100.01881081780411,99.6070313862953
89.2858757143674,88.77951254016668
107.81127495407712,107.61267932722814
111.44805124000881,111.20323021932461
95.83190753158695,95.5947925481326
102.58713328215904,102.44086433591958
106.82224941007365,105.91949630423369
97.1719440971386,97.01098157523762
99.14664518879752,98.93187035848626
98.08528053329078,97.99158027937139
90.65496722149064,89.43690062186487
102.68642691094655,102.63390942188151
84.66196494385362,83.52786054053735
89.59927724761073,89.40708378855835
103.16699338804705,102.55949863317608
100.88891317502434,100.65289407167606
95.77578928339152,95.3994689957135
99.11950152642441,98.90854769607509
81.31765707652175,78.6054008321135
106.22602091066082,105.49655728963172
101.97814812263812,101.42534978566763
80.63891625225507,79.48593664359295
112.21462523094057,111.81057445276736
102.65197674609466,102.47304427325997
93.17436900558661,92.87309143795319
104.22560492127838,103.96350481370793
86.71802859258824,85.79843200422556
103.09457714008033,102.74866587611527
100.4420681580971,99.99832476853479
103.50261121314186,103.33244250297405
89.84998225113635,89.63812640200335
89.52042913424728,88.91154589914434
102.03347767511248,101.90308685828782
100.30825972089251,99.79582746333934
88.05638613909254,87.78584541158196
99.06305828540826,98.86115045112689
90.5308207257723,89.9097106544503
93.21753661810102,93.05613745218143
111.0026739573873,109.91437167789823
80.32065934370402,79.51796720083486
99.67438834347564,99.55778473211629
97.23087109466049,96.85981644940254
85.365112806181,85.05857206669143
97.38582526340731,97.25134385868421
108.64151581523976,107.88305138287011
82.73786084939503,81.33896120323463
107.27404110743541,106.8144706246572
104.30575136302534,104.03126767985373
99.24336448370585,99.01499786343517
93.56557851169333,93.01570774150012
88.13056260641171,87.45594632262741
80.03284363684402,79.23423688270717
102.99200855090616,102.930470531313
91.86539103700416,91.1282552705969
98.31330300189707,97.0079808480233
93.46761270272154,92.50234314081386
85.79732504029326,85.44817888698495
95.0157930383642,94.5973434735358
100.25824792954948,99.99288354617745
108.5100420410357,108.0364403747148
92.92442641014584,92.57538270227396
97.17072649442598,96.9857001391433
76.90672258327419,75.67655747085524
98.59363033324718,97.51244731722987
104.22787377048685,104.15722058047257
105.39533277169556,105.16167039209141
102.26962226087804,102.10389455604586
94.8862363068363,94.56439527782463
96.6969856558045,96.61717538055282
89.80909822785168,88.17908650049108
91.5243992859494,91.39337929578281
117.71320848885185,115.68945343307404
88.30421695401529,88.07258594240868
83.78939405352592,83.41363943858045
98.4371278733777,98.1412481587579
83.39785447849357,82.21242723821351
101.65353498023102,101.49259727163583
97.78837128684155,97.27180749511203
87.4747004744044,87.12829540454979
99.11515952056068,98.96641885738845
95.70776661566926,95.45176291794569
122.59883238420161,119.90331827175342
106.30547651778893,106.02520097694428
97.88191125079858,97.5520702430164
106.0046775222797,105.6852974483236
117.23430275266728,116.48692765168902
86.41118619574394,85.64711516974343
109.31269338680511,109.14067581074663
107.63987409213698,107.51021995975077
89.33257576224038,88.98342321138084
92.41055158611843,91.85769586024848
84.01217606784095,82.53131747205494
106.43944969956729,105.38083014235
94.33296653434434,94.14834532375332
98.63630965448503,98.53978138404791
112.2582902225772,111.26766188439203
75.58059344488615,74.92841849122533
87.00077470750824,86.32764464787397
93.37902562436089,92.8110698406117
93.3156927366546,93.03566439201131
103.84905423393461,103.71118922447003
103.80592201682921,103.41364812584929
89.01645212935654,88.37192901919009
87.72570251139078,86.70042590587421
101.98480812239751,101.74366728011987
91.08620331883952,90.84910404790527
85.2223041236948,84.91976920309484
98.69002778134046,98.55227598551204
94.16766725747328,93.7284821683236
103.9325415260833,103.72170889798622
102.34378341602309,102.08646008848113
96.86144354397409,96.41791651926778
91.34040422155091,91.09959933064955
93.84598004736172,93.75948169724397
107.76333488101407,107.15933726847604
89.17264967057909,88.70589726344039
101.46791284111917,101.11875116585705
102.32187779886426,101.77236924185857
91.8507679546306,91.6416784853581
95.68817670039907,95.37701782472088
84.591458701386,82.86674551582269
94.93461393678999,94.78117042037633
101.18794746527463,100.77326711086218
91.66085417371306,91.54442162893521
105.01619144810643,104.93199323937817
111.25519513574943,110.86117874818603
91.34058733201307,90.3602435683498
77.77395734637386,77.00346078752177
102.63356563982565,102.37436803352357
84.26654471786873,83.7152756630329
97.00837909759852,96.46240931424079
92.63303426941036,92.25740188511932
84.9839957854381,83.74436294959077
96.01718811850327,95.69040256004355
114.50318358973585,112.82165245383455
111.3788328500641,110.83487159594424
95.5659653260798,95.12002107076715
94.89896732882036,94.75265404141403
97.14959509141947,96.82563173663104
94.4591022993335,94.09181760470676
101.82786733817343,101.49311320830613
100.86041857312195,100.63104514376327
99.72805998056668,99.44289115967584
89.07193135442452,87.85790292869059
96.07836475676763,95.83077426636079
102.01698981518157,101.86782877860499
104.01285841793282,103.90447575203869
98.12088643989213,98.03931816245473
99.57687863719165,99.42973050474845
90.6147208171737,89.7818525214168
97.86485268792813,97.71023984688549
92.69478209395338,92.56175454820647
109.21068224835426,108.99562585141224
84.74805350997946,83.78774659536249
90.38769452881097,89.9632818846676
115.36656349786661,115.10478252811241
92.17924497140744,91.64844072614103
112.73468864434959,111.42723216605688
107.17492100445688,106.6163463513621
96.25403071886383,96.16498457546643
101.01195387817421,100.80452330587475
96.49087976064878,96.24592117713485
91.06232047345148,90.56110234311303
96.38312941211683,95.95484061779922
111.8864958637181,111.46267141267062
80.90898019746652,80.09714337495485
84.37829385916784,83.77216993858542
90.16659023881137,89.92083129172731
90.21071720423053,89.83442434834582
97.78848409831875,97.46774465292073
113.9755014372235,113.2922753504532
87.90573058435324,85.27462824907877
114.81895313041734,114.5251952160539
94.87381955892516,94.7089012967517
103.56781969146434,102.94896865033324
95.3191131824624,94.83580722814442
102.16528119821201,101.90477361160534
85.96674722409827,85.35328297055122
104.56045984520625,104.41588635022642
99.63052297099752,99.43899390872353
84.00189784823408,82.94498557167887
100.89992906891862,100.76671549272038
81.70857508369282,81.13079561057205
109.77297461956589,109.34281952643576
94.46287932322868,94.27752195671827
109.93214282883382,109.60320430781259
89.4662004931072,89.03860075551596
104.2831983958984,103.18785732899455
84.08690949876916,83.65622842759149
96.82787675787314,96.28175584250063
84.14617932893646,82.83509569630435
71.47517240151521,69.43066303804196
102.64299645227992,102.47615333893769
88.26661367319346,88.03981352027233
88.04078654672759,87.89841885448
93.75752963067096,93.47216337267164
94.37607594423233,94.30505830370639
109.53380538876101,109.32688781131029
102.31920953599649,102.22410442203899
100.98437700048704,100.68298585469245
100.8889275828978,100.1352958992359
85.01722861934005,83.58274263547234
96.68151098435638,96.52877784135626
102.60593851091346,102.47157241616918
91.07274164456865,90.92043620212915
104.73921521188822,104.51240719914178
95.68084417223909,95.45062739446142
102.48925407657251,102.35226823084996
99.99197292331849,99.90729621923573
88.99204990127082,88.51062224310887
94.03443481586582,93.32386364758061
93.52419852340029,93.34287352074513
104.4402383808777,104.28531126614928
101.16172897842274,101.05261285244987
93.81535967276949,93.57960638955281
99.42845239389098,99.35585905821299
95.76267592251655,95.44346251248554
78.32291084326782,77.8265157671282
86.65693311341133,86.07805401812877
92.00118465525168,91.62272651125696
85.03915481410615,84.5749775878662
95.08706343416519,94.91495274982324
131.02087494267727,129.12334343089395
101.59337501629612,101.49801999188387
89.82149486991308,89.57770207278611
88.0344767003692,87.56192588637354
121.66525661137285,120.90260856405564
117.01935320518365,116.67446116187547
115.96381732629092,115.71752947804255
88.74849056243941,88.4033580612021
92.03847628505095,91.39849747664789
101.94566160201659,101.842004077932
98.7822579055478,98.61573356148985
93.48448877997251,92.7859342748046
96.55715662877094,96.29140429573
101.73691761843372,101.60057162800085
94.22384065399716,93.74481110399879
88.01871722417093,87.84321146998367
110.36897388895514,110.21445324188835
88.88918689289687,88.3639091389316
102.60482716863062,102.54701822675783
103.8001324923991,103.30382852271167
89.06287771554136,88.60480350038276
113.86506288685585,113.23673128015298
103.91100812895897,103.03277672475632
77.8431835951028,74.6213943665414
95.52604100576934,95.19801777196595
96.75398259108393,96.22020295282266
91.2415513572609,91.07780998076056
96.93438452182863,96.82659017160958
114.21979128320805,113.59128400578383
112.7541599416898,112.42215494917603
96.90154834701082,95.9270285395436
99.70122697587533,99.59896414352143
102.69721574910758,102.46070720734103
88.11565404740233,87.57048346417575
88.38928534568466,87.64273962384166
92.96603393214238,92.68605767013723
85.70596464838867,84.66046871645128
75.16697511510588,74.31727796742658
104.66439360269975,104.1997276363959
94.31746089049983,93.8377770652857
116.87244107646744,115.31126101909966
104.32248092320516,104.07895270878186
82.8857966875888,81.34220308113508
99.20995607635946,98.64159037626585
96.97287330206423,96.85101161895008
103.46475953034839,103.30914716281868
108.32706598560452,107.93145118948281
111.52321804085365,110.93895489408384
93.44381329925586,92.64673107020344
98.68148073416589,98.52978878473232
97.67951824817266,97.36162515712739
89.48288130956261,88.77450797909219
96.06660032639084,95.47516847877893
96.13964783332568,95.78371247341707
85.25325495765257,83.87893402433666
99.18463716045356,99.0230551014045
93.15857460212841,92.76289114181792
105.56012948437136,103.94557230153065
89.25978241165369,88.96674342274247
98.66425817784805,98.6130576319714
118.86228684546903,117.94186940013715
102.36230682485095,102.19478945688296
96.0048663565698,95.9065095128414
89.91409464293609,89.52021862107665
85.70326966110356,85.40895574706008
89.1934288432309,88.56601534119834
110.89173972348583,110.67979275934653
89.4842090386109,88.56672654886422
96.97300300538656,96.75335963000363
85.67881272763493,85.4093358626438
82.41920063792439,81.8019414664741
102.46179469670955,102.1729514330932
105.33583966569847,104.38816071437235
101.99411136481206,101.83768655242457
82.27741438311277,81.27628251701564
102.76787547137963,102.25502153477318
123.56210001371124,122.24305063507947
106.9594759712,106.68790287376414
100.1642023790572,99.77614474546593
102.12840811872385,101.9731831294003
105.74659782573424,105.36978264251947
105.35650629802053,104.26594857182823
97.8822046827002,97.69282800270705
96.89369860129734,96.72553803434778
104.85230946840225,104.44063354527825
91.13489289310193,90.90285440398675
94.3216499108046,94.01486829995332
96.70769637775622,96.36911675941737
91.63235184253736,91.46768263106566
113.66672134068475,113.01371004725557
105.26755881794139,104.94994093271367
105.08375256968915,104.94661547109263
102.87295881701279,102.77342128314437
99.78422379539013,99.45964322828826
86.63991619644683,85.83723175690353
104.90972822249974,104.65259465297913
87.76009785850638,87.40815894215017
103.04369811946968,102.5162020897903
97.92730736409158,97.56263618774655
85.98154501317367,85.62045020120314
92.70280040692269,92.54112082708532
99.96567146612956,99.84009166559751
94.96470453724635,94.72866610898257
81.13037486539355,80.35867123766977
82.5419481502837,81.41456403665394
74.67348924464278,73.92011516921801
100.39334800481699,100.20054259362318
79.7138969145817,78.39004799049583
89.69375037864232,89.50065376984217
97.1692756589554,96.82636146745327
96.49724674650393,96.31531713356101
103.88919066744015,103.68259107055786
97.77659424469856,97.66132575486515
100.99102557816215,100.77056251796932
98.39522234823761,98.23121125153197
81.07580809166214,80.64153660889639
92.0075684921213,91.86863435822586
107.88488769675907,107.51808762156031
107.04879146372856,106.92685087339422
104.47661618117054,104.21174807351225
91.7913795702747,91.61206823269995
97.96550695922389,97.77923047059893
97.48227610272241,97.07934144768376
84.23975661541611,82.91442845643373
97.08710562925249,96.89408872069077
121.2591206208678,119.67665175644181
88.1132754381984,87.59063122578648
95.52332961451772,95.1334945615232
95.90876087930742,95.65590218603366
100.56118276863086,100.2266701680513
105.84825492173132,105.53728205882955
92.21214501871718,91.81245981019173
97.61841281198402,97.42934554867449
106.45963910836281,106.08681638972992
109.05852807787282,108.37113902683807
92.08029975615986,91.65931651879572
103.5621288727725,103.13745664732076
101.78646951401127,101.55842724117205
83.43446080562676,82.54569164231968
94.07386012609238,93.81725570297658
106.37363421533072,106.17254749288736
100.6480109020906,100.35412894613181
90.08037034751219,89.27630555165781
123.86965353706363,122.08658295774786
106.108500068647,105.77049227814176
101.15424224460654,100.84767829827874
108.93817173050373,108.32215769236242
102.83376278411517,102.57121321128322
97.08791009287727,96.7068265138655
94.55111410291524,94.37641805190259
76.43114188155295,75.2737473540201
98.14883878299491,97.91252867208428
93.6767233604084,92.98186840015828
83.90124248366628,82.87579302026028
94.46484344924588,94.37168628955436
104.02289317806031,103.81239282979602
86.96058393572821,86.56586166915665
119.56880908097835,118.8296300252945
94.81759879059318,94.65887290824753
106.94504116600675,106.8241261692011
126.3696168150156,125.5862696736701
97.58083304326796,97.46128050253442
94.02149084699903,93.81599268789368
108.89137521456517,107.8233883056047
112.45736300240713,111.95046398984438
92.71404461366937,92.6156703722998
109.29763238373248,108.87080526586692
85.15177640237793,84.7093897489964
89.78878164030773,89.24969960383046
100.10462971211271,99.7706105873566
98.50232272668055,98.24473173632525
101.47623457086917,101.13301805090724
109.31522188248205,109.06553820218264
101.78635537890868,101.41970680635967
108.3198389585706,107.92259501079388
118.2965472165412,117.80138802009307
93.44874234414056,93.14985585950886
92.46088994163841,92.00176192651281
110.81450842953605,110.23319815882104
91.0158595138622,90.13581444512131
86.56958348866068,85.69199417204487
100.72147678963483,100.58475302506668
113.07509167295392,112.6552712848028
84.15414656490802,83.03928225781259
94.71005497187988,94.2513858837858
122.39761554716108,120.83588962875385
90.45465538536251,89.99294116096668
86.79142804315808,86.12003450421716
89.63437958438293,89.24026652438029
85.93135005057917,85.41596316669641
89.74805276752654,89.4414009688049
91.78977532549307,91.32983041700655
87.35189813803403,86.87209662099737
98.05741958987177,97.7739555014637
96.01346099131321,95.91431986404872
104.599841560246,104.37255378736793
101.54204259612871,101.11914083117338
102.91101820238698,102.66032695568819
100.83408748013906,100.47745323345247
81.12398553111515,80.54533772129375
95.74491546722975,94.93444087851866
107.01263022490049,106.00473591750591
92.78545789652637,92.28634487778108
111.56844370114632,111.18062835863776
98.30761201924139,97.81546082745338
99.25557223825491,98.99820897170316
92.91355129600043,92.52267183475469
84.04623363368651,83.81771678688348
91.97328597875122,91.38016598646098
89.70042636303019,89.51249080067083
90.39356682149524,90.03092789854075
88.88767988774767,88.42260142221016
79.93789575109416,79.1106166105129
90.78085948870026,90.54931151389044
90.2549945112989,89.5408821266795
99.54131804885448,99.29280984256404
103.03452964520424,102.66542378842918
87.5650497690923,87.1520302439837
90.82259238703948,90.48216085391964
100.20767395208982,99.97088171265402
103.79356214633748,101.94050678073349
84.72404690942622,83.34420416596859
82.09129675766482,80.8911657098802
90.74870878424164,89.99357943410085
79.06138405443416,77.07626543455027
86.45470220330623,85.99999564185053
98.46124388181767,98.38062382416565
91.45615768842568,91.02160417111426
95.98690466114009,95.83154748078512
105.9882796087293,105.80275373178686
84.65365337108227,84.17397608783064
101.4254354427807,101.27455189291346
113.5425487293016,112.92737112221094
91.76776401700882,91.39790841726384
106.17843655906044,105.98391458975762
93.39769892467505,92.74490007250125
73.2988698354921,71.50952524947495
99.42598791588725,99.26773094104442
96.64870353772403,96.35416867339937
117.04625818128035,116.68520011071539
103.75483354964575,103.48135822027801
86.58553826730058,86.21277691497788
104.55423044516614,104.04624808993036
83.66964666365396,83.466145892795
107.901211508416,107.56520512615143
87.14990028956687,86.73088782375203
107.99260373937035,107.72063357494908
106.23675492121713,105.6921171500874
101.98567747425655,101.44836523780812
98.33553550827918,98.2727857706479
82.46284927358167,81.29665890781384
115.47230369211324,114.4903057878937
83.11321152251769,82.65515048146342
95.33302985673684,94.97992355848565
80.91799482184022,79.31738495694927
130.80957931710552,126.09300224702707
105.72826806414425,105.17430356622933
94.52371511856109,94.29654147672078
104.27439766793023,104.18639159828183
94.2190995517945,94.11286550533679
99.72649610739265,99.62556090684816
94.39315916056461,94.19124764481404
109.06350508413568,108.78497278379962
90.44725566655733,89.8799485249079
107.90901881851458,107.79660610531177
79.7667689574824,78.60150684164634
86.41961053519773,85.76086982559941
93.35483657831,91.96623864174575
100.24171108533275,99.99496717741172
99.5050412924146,99.20533610316993
121.0376163997263,120.35831587473405
85.35883801833808,83.83049514762654
94.40561131502251,94.17654527793484
94.36395949538135,94.05840314961782
99.43503904289864,98.89795944056355
99.0265770611738,98.97866281900075
91.69595108553067,90.03141152613843
90.83674273944995,89.02386689448757
95.79306413973126,95.50710074046071
98.93170053043919,98.6767789111742
88.31200608789165,87.82538733623626
92.99909593720655,92.5738562641731
99.9619241298234,99.42172233348678
108.00893461650054,107.64257701935897
93.52132076962614,92.49491326322182
89.92759304296389,89.2754463430046
89.7266074270311,89.26933212759175
107.2589201754799,107.13139258011066
91.529236482884,91.06210630328147
112.90593604010053,112.74828365284479
109.50438957895587,108.72375878835827
89.86709121724164,89.20763511647239
89.93214464539966,89.6080117188083
117.99296325012305,116.03415965288903
99.25149809549298,99.05352174929345
108.01298078651769,107.79979698981244
99.74414699586943,99.67645044194178
104.16343062815447,103.93430399253084
94.47113093239146,94.15986358873367
99.48964453397289,98.99569758312616
99.74945885016183,99.34753655035762
100.6510835812781,100.36874627585986
94.94480139678008,93.613223255093
98.11800184611118,97.3174254553118
102.44256954535769,101.8688752359468
92.82667426146236,92.41857948664193
91.9955617664057,91.86435587766083
93.410687428231,92.74789151921252
89.85428382037239,89.65846494454878
91.29478834064479,91.04805696005059
83.9315985497356,83.20113362351472
97.5551065181959,97.39585844599924
104.88497279348171,104.73636772314556
81.21873969607698,80.18201256485821
100.3477196649532,100.20251502752038
90.13140019424594,89.7259956420487
90.17090846756659,89.8208426098709
91.60975718849124,91.30808962491257
100.17703416688919,99.72289016325094
96.19924027834995,96.119138375943
101.04374760422473,100.71006084341174
89.98783040343714,89.47325157353747
85.8615210889171,85.65615298720802
97.99603116367076,97.87456759107381
103.51654267818309,103.37738987334967
91.96026200809672,91.30297011050644
103.49540834030424,103.44717423321516
120.63591281631366,118.98845109342976
85.11379854244437,84.36773432107557
95.09347900633118,94.74773202990194
102.67641762518564,102.56546718610076
97.25958367457797,96.55259899920136
113.88584306572653,112.41144477442259
86.052988162566,84.72668037321361
99.9807156750791,99.86876682272141
102.58211196902522,102.40913010045522
87.65042116960714,87.34160315352428
97.8366202076912,97.54371540373675
102.10948156600372,101.38444048424192
102.56022546748021,102.39696661178505
96.72697459347935,95.33150663078688
92.58479865909793,91.96647696548294
104.55948149902349,104.3120199959512
96.57689629397588,96.3222889944741
103.07711171710946,102.9660711619863
104.6538656530974,104.46387564811626
112.21885851795074,111.0895090475438
108.58182409395667,108.2844622856834
101.38056870348377,101.11665034047549
96.13434381244224,96.05845557705406
108.2232606040865,108.10041058751204
105.0559341863529,104.65706085680749
96.50736750635009,96.38545441424695
101.1875480142903,100.91364305870441
94.01700605608741,93.55871825701814
99.44501625891989,99.17832683428585
107.2279884632549,106.9054711369134
94.82291754220904,94.38789107922412
93.84624762030809,92.71450338298783
86.88905754186626,86.41207960945512
102.73055524322926,102.44284002168078
93.49983671595275,93.21793704854375
119.07269718879208,117.85042979948378
94.74397142823567,94.26607012081543
111.10001592709456,110.7503655096023
89.83910389769521,89.74599006887416
84.3707516244362,84.00943418111056
96.37319047948249,95.88648883486864
87.08785048791243,86.50545110969557
106.68039121347094,106.3272196929702
87.29188724929942,86.8043027282269
98.0666222320383,97.46865497176643
85.69494413739338,85.02169233302985
95.98501627279593,95.83206580363348
90.07721934258514,89.53146554274286
83.30716858215047,82.61516571162895
100.817847897189,100.62336273343587
85.29066451998453,84.8689986633151
98.51766351264297,98.23472363333303
92.31120732719873,92.06251042916641
103.83943995247546,103.7815179703431
104.82318371769792,104.06955128633815
99.360850098111,98.19032838137402
89.34054747128057,88.57660168061366
114.90919712543479,114.31210011009516
96.80437891709985,96.62961092865001
107.21498845361319,107.06462446906541
92.89704265152692,91.27541629738302
97.11427375370823,96.87162254177454
100.14004379946779,99.71213792439914
84.73565325858577,83.59842222531694
96.88593190762293,96.65389205454987
97.13670926213712,96.77353599981186
106.94926880462707,106.3356834460182
102.96106720100414,102.85899082163222
92.36401439277924,92.15332949235192
103.37967000980147,103.14367431444586
103.6333499309103,103.1102757485188
106.80152955936319,106.44206611035762
112.65978634954034,111.70784595907381
99.81170917974825,99.28839525160242
96.39712817261744,96.14606135622304
94.57260067401144,94.43705999508973
101.9525856530376,101.75987291348211
94.5960859401287,94.26083374270911
88.15787328015736,87.86676795448858
94.52236213729775,94.01847710455567
102.91728299618269,102.66022524088838
79.27884901160536,77.3613118081334
107.40717398544048,107.02774234859875
98.83470465469878,98.49212922432955
93.17355848117269,93.05066935726408
102.82798839434767,102.62243088221187
116.21923869613003,115.550657216844
88.91277132755543,88.6499353328445
106.02770088672418,105.54292961123174
103.5152241214477,103.27832454373616
102.67255011600015,101.95215365656227
92.2462186289327,92.13617047749726
91.7679245834492,91.52936257567579
98.05100708263531,97.3634914888085
99.01452580249303,98.7381961410068
85.77602193777928,85.13460738021728
105.24190672553658,105.10924128378396
100.11474704587657,99.9752247036172
103.9870340496212,103.55763720076521
100.38055607069091,100.14718177347783
100.34077875783059,100.26200584929519
97.56340967198898,97.47647480778987
101.10676013026934,100.93797778035469
95.18456711851084,94.72074910091882
97.22947224327577,97.07293061163232
98.15957612062667,97.8897014828258
107.51840212683551,107.43151611053672
94.11029709050425,93.75299531250869
103.91291317232293,103.70900690860618
112.92202824744356,112.54712769794112
87.28686406324289,86.49464089714346
87.77228148639702,87.67482733248579
100.97948543453184,100.46377319406275
86.96781769099849,86.52577994542467
99.23634001300078,99.10664812691938
93.52999885965872,93.36904464562075
102.97114123093793,102.70427229080882
106.38586521489268,106.25490116990574
93.82712763185401,93.43802398001411
96.62399874557507,95.96996079413603
96.74410732925509,96.08472014552363
95.50052406880957,95.19212771393943
86.1190798688864,85.12589350639014
95.80656882074793,95.52526895998294
110.07978006940428,109.52769281627484
87.95041513727517,86.86811400122724
105.52244485114646,105.40516653889684
88.70285360766873,88.26637077062071
110.97032144407491,110.57702722337149
95.44922426175818,95.28067846623257
92.42542588997301,91.24832537911357
90.95361949532621,90.23847537234779
94.8172753481332,94.51747551095809
84.58720774389121,82.57366133201113
91.44987243247739,91.34877584607534
94.8769851640141,94.55609538539915
96.6731702470451,96.61474160785345
91.81208033787573,91.59647383597833
90.16452163610833,89.81468052777831
87.00851655858203,86.39877863295446
113.4729336738424,112.3394504456938
105.09261015996437,104.86593233114617
98.48857608518962,97.98111849274117
101.81971957365877,101.52690201008784
103.44015532708445,103.18667723966006
81.50255805226661,80.90726291014212
95.32876408280585,95.1602603123077
103.97046523541496,103.79796599653626
75.05595794997932,73.89536766039214
105.59484852391508,105.3256833035527
84.69494580206882,84.0067747299689
100.06199625958871,99.81480449669317
94.30779234510956,94.23532157987727
87.70458451810872,87.14371671327221
103.89636644399371,103.77699306120232
95.09352740873005,94.60926834742024
101.66995292091059,101.56219553839752
96.18329429302544,95.7365197017422
108.11675542151033,107.43483037595081
98.13349025316859,97.99685052533388
100.1414780511328,99.9740447814999
98.77773140017251,98.44028483597263
106.49528254186667,106.26104548091354
101.02920168436704,100.93759419958143
106.6963024097239,106.39256801145245
94.10078586081292,93.87656073697019
100.92711000308361,100.79920599401554
91.88422888115421,91.61069354307239
92.61428165617183,91.3455432652314
98.39717622007949,98.19938225165193
105.467178931119,104.37059275051772
97.7275055610832,97.30501565398156
105.33863515018227,105.20556512727308
94.36888915905269,93.72635396000338
84.23417972570718,83.5786095828925
89.49987307062115,89.18035596797444
83.90538084145706,83.40664242568292
101.81385634891281,101.6379766595541
100.02541635279842,99.79965770022446
112.04679980190208,111.81323188738668
109.06615243706021,108.576873891873
96.74951037139425,96.6750092062969
111.72514194593947,111.50835402521795
93.6016781056345,92.8867773925954
97.7909752456356,97.6888468130232
86.56935131592348,85.86884288204196
85.92876992607509,85.48618906756133
93.49400318875496,92.78555946117451
84.24989751564044,84.02559115816186
90.0798272042042,88.97844626828942
95.73115832122649,95.61511260114845
94.32256480427883,93.90748157843825
102.16193301246098,102.02832377188808
92.55960510208938,92.43351895326936
92.10174683649953,91.79271464500367
113.22120993809762,112.07276578184734
100.44778197744334,100.37904180458015
94.30231456033401,93.87745269095007
113.88099942334814,112.77630193385744
98.20949577804726,98.03463680818682
91.70203308748593,91.37546947195287
108.64020996549047,108.09047407753599
85.55674130072019,85.14091628908524
95.54812898532008,94.57640885455908
87.22350180396816,86.23936672738883
94.17952856905677,93.63340094679636
113.82720271500308,113.1775199482394
85.81857115133454,85.20636372213265
88.30366772430456,87.5262688035328
97.14277682663294,97.03330908498508
88.15336925748335,87.64217501257399
98.67953695975199,98.52086315893833
95.10657450835761,94.77123972353364
98.69453141080322,98.37274778041838
88.96340566278116,88.27632719346863
95.2398289033183,94.96949194479845
88.42463203734236,86.61077877248556
96.27806033529558,95.84911554132944
102.78909393786516,102.71360879884645
99.32479011300194,99.00480093442852
98.19484793066756,97.0316867975714
100.31420588507478,100.1266112152538
79.24484815428613,77.65583639637009
98.44271929735092,98.3021053289651
99.239711904217,98.4352300466027
87.43125121778401,86.59874771003503
94.57486299157512,94.22791331730727
102.31773558790961,102.17490711923851
68.37017678795259,67.20094795881286
103.7008195064717,103.615616315335
88.59996266533003,87.81068393836826
89.19645287293687,88.19205610924206
95.0922699038634,94.57407741419632
99.04897783997102,98.90042128437373
90.91179088332365,90.67001194342254
90.61470394367376,90.41989332938915
89.48373288385378,89.23895450371096
97.5874741028198,96.97138622570516
111.76274937187071,111.062445045622
94.79061160400148,94.55903900524305
85.87414774397993,85.39560066973361
91.80345107317335,91.42950040149388
88.11809934499304,87.29425367646111
95.2317375247346,95.15179479723913
91.98547479676179,91.24671186008119
101.0426084481487,100.55642457757256
91.15170774214766,90.97014215945188
86.51028219477075,85.81775054201916
110.09266825085218,109.4521277926827
94.70634429435285,94.64239437411479
109.94172711436146,108.72756977932426
110.15448864436861,109.97918238962237
86.31129236793508,86.07478005695525
82.60489654124494,81.98438899058374
102.85054454494768,102.60187980560406
77.27189166832869,76.1370798759484
93.01341838471969,92.5838938801959
110.53925666981694,110.1416408776663
77.88680105496616,76.6992363250216
81.54749040500124,80.58047573741777
109.41467474577667,109.22518087478032
82.810429750375,82.11566329396042
92.3806992507408,92.05198170214094
94.72540069730016,94.41091808424052
117.8769499976547,116.76478237824888
97.04905469438236,96.85758994134629
104.4475301688001,103.8384418936027
106.46808484057848,106.08796353143117
85.93373223828179,85.54345633038336
81.62277315069927,80.33987383149976
122.67483629372543,121.66169288547809
97.61798030768941,97.49281882610033
94.16269224513616,93.95512431300763
101.86085836048525,101.45754716217054
105.57604437650758,105.2058118158216
95.28822245783651,94.88313908476346
88.00269678471142,87.64146337801387
105.6813361458007,103.95607521935352
83.8329207672966,82.8392363239128
95.11274967100255,95.02295858462762
95.44967707313057,95.34830326791675
95.01732082359258,94.73109143440418
91.08379993324124,90.92073475638246
110.0892351032486,109.2155762854648
83.35609734772888,82.8751473379818
117.73048731621383,117.22540991847833
99.24235377753365,98.99085282984412
87.26809787186343,86.24571684863729
97.87463457846309,97.73537124231675
97.91260104277039,97.79473189601383
86.79038507507947,85.95276772412612
92.42055526284848,91.92118909236459
91.15769545270851,90.23616645818475
94.12167451973777,93.30665121966808
98.79380507240897,98.69563465025404
85.15731271360495,84.45228163106906
79.52582152184246,77.9483208859103
85.58309123139381,85.04066015869905
103.43653697211167,103.2476018788619
104.23998209841734,104.0658203253386
99.92571487263675,99.77288526269524
101.15003926706447,100.9234917754408
89.09006231447184,88.71211624464243
89.91604449837891,89.76789860845314
93.83331606283149,93.710904328242
95.78630067482474,95.58714485238158
89.47993299636383,89.25212977090028
92.69782358921279,92.55336267221898
89.71104625975917,89.0534678955386
101.02411985293853,100.86823580798595
103.67620221561259,103.47971531557378
99.3382023011395,99.17712060267647
109.95570631101836,109.67569595725911
88.91103291756595,87.34839725951277
111.9754035872862,111.527935499543
91.73709002247077,91.47950794319215
94.67904751726142,94.37247750440729
95.0605225749887,94.95274853352802
88.69925601632659,87.90190172143275
102.12046694988932,101.81689620922891
85.06582755136637,84.34766538689412
95.75652870544077,95.67564541025527
91.92552427817296,91.82233487059882
97.51913208387747,97.3906233323911
91.65736374969381,91.47694688959766
103.38580469926592,103.1436147305385
81.98727700886322,81.56001338345503
87.45600503188156,87.2317449398071
89.39591384101614,88.88346016741275
118.58174366598938,118.20738191604867
95.5336479778342,95.40196643158198
108.64008119525812,108.22852558662247
90.76022780821866,90.23550624896241
108.44563386351923,108.23234533690712
88.18357643272728,87.3292570356228
90.03306488904119,88.37685972758153
107.37509260881104,107.23792047692822
93.9304135576344,93.76170613591017
94.19729402368598,93.99472106874786
94.28150693221185,94.18990734915633
88.05601139169897,87.60345198147166
93.4503826171075,93.0445700550663
108.42771331223211,108.15934530914208
106.16406337935562,106.0433292499171
78.77666079914819,77.80563349970048
96.19855029108098,96.07309724023324
97.04129569033665,96.72884412478177
96.91832266096885,96.77872078737221
99.66333466283959,99.54328915535878
91.32302888145568,90.2841795650194
80.3217250627262,79.5590088259707
88.72281088050073,88.28915119639426
87.82802467023306,87.5390071342642
91.3893898779399,91.13997927800133
94.58000139593756,94.29097715165102
107.7403614636008,107.38504123609844
87.79524981191862,87.30076181176656
88.92957869418919,88.82230907819458
96.85146141622354,96.48259281121379
95.39999973221649,94.98276166444106
105.10495612758366,104.84516368315464
100.57945482556443,100.31940346866607
105.59373372102544,105.5148470891495
112.03932316096578,111.68113882388184
117.28274296666734,116.62757918254597
97.40425393321375,97.15947351818141
109.7402358776099,109.55819580619577
95.29732094181522,94.99164315574143
97.23422940257952,96.76543431308093
98.18714738488048,97.93283986075164
120.1324774098544,118.97376360377243
100.68650552400388,100.45724341812675
101.11354200662593,100.94376013473725
106.41436931015234,106.18416668989462
109.64023485457946,109.15837450667317
116.0664942067242,115.21144464383498
82.5431878174034,81.06695003457614
96.11856034598591,96.01276477561828
109.69275877957891,109.34131171090948
95.76624230003881,95.60321897796243
97.31159502210424,97.03883667037793
89.8744309237014,88.35305813828316
100.04777825491257,99.49988647752903
88.59244905059917,88.16890411042345
105.48283462894692,105.16998835092141
103.48495518939615,103.07430606711561
85.58249179529543,84.99047664593054
93.76167331429733,93.34229757313588
98.57058985069287,98.30727011038822
106.9810209758625,106.88160704483813
91.71098687623434,91.3807732726798
105.94881887683,105.62912442175768
109.3442745217754,108.96766386979232
93.17027285333766,93.06378668656822
99.65780642800615,99.51166690463606
99.61098326484144,99.31642733085943
84.21404939324559,82.86643562730357
75.36924593504548,73.65007986698618
117.69661017252766,117.04454182754634
98.81665701441949,98.64735205426481
92.80161353946761,92.60964050867058
100.54831565782602,100.48749117525996
88.97427354473648,87.42232471664794
89.77922946458665,89.60006383812285
110.68183927477696,110.25203908940473
92.93967913509525,92.10995171147738
94.05751608621428,93.97555357844693
88.17569650927527,88.01233509231011
96.17762574806808,96.06747137474775
91.38322683338505,90.84859919899974
86.50538734530446,85.64706044619247
86.02335220901186,85.43851929329213
90.09203162895929,89.80515453633411
91.57497725754281,91.2544449613192
110.63488413267586,110.11881506360609
85.1060688046473,84.35484649779009
81.9489726707422,81.2310770112284
84.88273339577587,84.21379739995103
88.7582283378782,88.17714569510915
92.86602560712409,92.4347092375673
91.8983499246544,91.27062174013965
87.92983069633769,87.27501440411979
99.8307963921767,99.63141732237203
102.97360063438526,102.86053079907477
92.26607282618481,91.64460701167506
102.27504317860861,102.10048879297503
91.54658523912005,90.62160388086126
93.49679221774267,93.04788304560725
86.78842391254098,85.99038037461227
101.53575320364314,101.38164642856165
98.59812538276421,98.35423458362484
106.38076191734613,105.93511816100549
85.3066435292009,84.99457514747209
104.68723391509022,104.52236528663386
99.82535420347592,99.61289057470492
105.06945208459445,104.91290962309205
104.02519205997547,103.62109044853972
100.39617172889298,100.11317944718856
90.16250396828245,89.4578191108057
92.11653655924789,91.51032962744105
99.41952775112817,99.19502942470864
86.27691573319395,85.97452972730152
100.92162769879704,100.6047388644709
90.19964965367984,89.59840770109274
89.57124080551408,88.51929903519013
95.27393112371323,95.11216197886264
97.9549562729629,97.81540189410049
101.04233565545965,100.88310233276223
96.59905360011275,95.9331588094394
78.16034017673765,75.97734149539191
101.20153531323939,100.9581057298547
97.89547988231998,97.54576882802606
89.80922658780554,89.14791993523305
94.9125220701324,94.7648207424681
106.64063700545621,106.31023796783765
105.77801054528547,105.283906349514
100.66925694253591,100.54927999982606
95.01795491088349,94.57577525624497
95.20516994125794,94.5078019903136
113.90954589336101,113.7637054978418
99.70075401401309,99.02762829232803
111.44959605464697,110.93708260375152
79.20530292833396,78.1039234564245
96.10372165511511,95.88911574501245
86.05715531233422,85.16003088247024
102.67132720817666,102.12985071914889
96.87730067296496,96.75653827162934
98.03029430933131,97.88608864935419
114.71421092585283,114.52814646867209
86.95478803408263,85.10906784147987
102.0251243546168,101.80478556178551
84.90575464911807,84.65112877280582
109.76856135588162,109.32007166992508
88.9726273976744,88.38150465403662
95.72845947870627,95.47074097180362
94.48827944083985,93.81539282755931
93.40872509551022,92.56221099294878
94.31623562917594,94.12431326644025
92.07730138214552,91.69845175059169
93.53674832754767,93.3315914739637
85.20476394734253,84.4472232071316
100.23886046455831,100.06378618149175
96.65167862356411,96.31055291595091
97.41866446608056,97.31746649208701
103.56471219421263,103.32789376709003
92.32537903237328,92.09485643418726
83.79843743048747,81.76939840145042
82.09181666506771,81.08110900963895
101.5945888530582,101.3852901144948
107.17758855240513,107.03591481672092
85.26028812910653,84.93571080447136
83.62156593157285,82.88615932490379
102.51060400602242,102.36576122598463
83.63216229429186,83.18329091573965
99.0436846326463,98.88901908007661
89.87485458388002,89.52316928022312
110.17617172962412,109.95206594247561
90.44812057544415,90.06865864747769
91.94926240743203,89.64740889114515
94.03619542432656,93.811875640625
95.6002090684624,95.4897353836205
83.91318157778133,83.59834768310283
93.06731507040271,92.69162386357641
82.00524700720051,81.3480166284207
123.26469835058957,122.69300508041592
104.82830516827005,104.72878596861678
88.83186676879646,88.08467167040962
84.4990058073837,83.70324160560394
97.81854198101935,97.64042540197434
107.49894345941728,106.89468693829497
86.79797832097607,86.33299799279153
92.03121873769501,91.89512833453372
88.56412737535837,87.66109827341948
82.17075110749461,81.30880298623784
90.76998382027274,90.55708320762837
103.93791609540905,103.78747880526831
85.79186253874921,85.51295490770684
88.03864436981861,86.50052242219165
103.36160030015833,102.77338619854362
92.55549087831164,92.39093641895394
102.80748152192213,102.4378928109513
107.48243189364928,106.5871582522102
98.91454207249484,98.80539028639522
96.36608791978598,96.13066646600605
103.02120524808215,102.8355687745329
87.92156959703782,87.30357009197824
95.94266822769683,95.77965916540832
86.479993131141,86.17919297594352
103.04974724089793,102.74643252292661
96.02153439225789,95.82069496360623
100.14874601009765,100.05324807058864
107.85376939976844,107.67104914466984
98.28978588214217,98.13425005736215
109.68878439380808,108.88223331726479
96.5469191109516,96.18385274793064
91.49999175029048,91.34368901539885
87.77892201915145,87.41630802674408
81.05044180949228,79.71442285194425
104.01804072856672,103.85630326751875
95.13280502121435,94.89094062999855
74.68123239278034,71.0553316745853
96.1600843418173,95.87039607064865
97.29307752005757,96.9568776448961
98.4075667150837,98.14775429292258
83.45206083117215,82.42474810623612
86.0635431714313,85.62870744468859
86.15178366364799,85.73726679227563
88.04833681467285,87.77956800789914
78.04068749297075,77.1539982074538
91.06245882258965,90.85713858866369
109.35282182455961,109.14650768621495
89.17040577468981,88.74580912777624
94.97502899229825,94.5598995234316
84.80328859412249,84.41423499619924
83.82986269448415,81.60210924703968
112.10332941245245,111.73136470024949
97.99201929475105,97.84254767435674
101.26065242114659,100.30111535963893
87.9471912447408,87.64009720577758
91.22544945954094,91.09385323795398
96.45613371363658,96.31388550990074
98.79122204069095,98.57611729632964
93.26336815613342,92.79671458552392
103.21074888714033,102.793776912732
98.2840173586052,97.99938895090176
95.59732681211041,95.41433348799485
92.05558714380376,91.30395449813113
98.1732806330722,97.84797709474493
98.4953914808535,98.26246772693975
97.73687213433226,97.5508831667231
89.42089005336244,88.57880736746002
92.9085608391732,92.57375930265411
91.4214198472737,91.16467782431691
82.60517818755618,81.30093509156093
106.21615029526433,105.51217720275694
120.21681878192578,119.6297587636084
97.62937242069553,97.52107909855611
86.77305375576934,85.3235274739826
113.41302307811713,113.00153783306233
102.0077552915771,101.79553640852576
92.4173325075302,92.30170964168066
88.97615403597918,88.12745114077369
88.24192506428238,88.02911143060624
82.78324714549828,82.42875757522977
95.32849410264924,95.06916263105506
97.15853077017006,97.10613472358575
116.95764062541477,116.57620550332963
87.80349171358131,87.49548356320044
94.36526363796766,94.2927424550158
101.98930458893788,101.86670999781792
105.02043148172315,104.84332534699715
103.52699695334859,103.40152578057433
97.58882896065171,96.99216729795205
93.07714478890705,92.88189324078411
108.21961162533357,107.98365652928538
89.74530878462065,89.535861666911
96.10567227881602,95.52142671747539
112.83707115163158,111.928018360457
97.4652482235738,97.31507327320794
96.68405485645383,96.57709005421881
87.39192599448803,87.11873067492131
115.52289993641439,114.99191038451633
101.72786246672719,101.51114881240336
95.39470479346186,95.21332854686993
85.23640874051412,84.2073413678056
97.49755644811908,97.0059405039702
110.90705204551996,110.10724189263372
94.47861776503329,93.75402035990402
92.21620127803621,91.74895997863297
93.64415052796544,93.32729191854335
99.56235563683462,98.98295540955199
105.19063285494087,104.80394161133086
87.07272632114088,86.60425420518335
86.76919061803345,86.64304293773706
91.38306900104668,90.82213570176765
88.49062146179367,88.13018868373831
97.37628445210022,97.14510834339242
96.80846466279854,96.48919071987301
91.37213578061274,90.72684852698502
109.7257368189774,109.52917811715957
94.23223890777335,93.94657610891194
77.72107645903561,77.38384056433296
92.28415668574688,91.70770430587571
92.37159655047222,92.14328588792313
118.25350849251565,117.42478127349614
81.6072021535544,80.4481301930893
99.89592257159293,99.56741974604711
85.40096867630695,83.59611604204825
90.44102950414376,90.31714941305783
103.73075344922665,103.57734390189769
83.61213627687431,82.16863342318526
93.7866203149634,93.69115698529276
102.07880845177529,101.71480116238003
82.37169605767944,81.46441186356
88.16629504897155,87.41612811769426
107.93445786974691,107.17312412544668
96.25210798365032,95.74351520850507
95.53912076751725,95.37078748021725
85.79852119072392,84.11457281118093
91.55897480153821,90.74940973162644
95.01428971077023,94.85453554970844
107.95027634507107,107.84932987402799
89.91217506610491,89.7240171658641
86.37997596082643,85.46832428321808
114.69313249404757,114.26357573199063
90.73152475030707,90.05418508106311
83.16512711792387,82.27947540884257
89.7331672012802,89.24866706014387
89.2529724437556,88.56202377874644
95.23118032739534,95.0419994512004
96.23878649681934,96.08600649861289
101.31258728287406,100.88159731406498
98.90850998361215,98.69236154949584
92.34617499278636,92.09987623254023
84.9378922521854,84.49448168578174
97.79592958122934,96.27804394689439
87.5509302385622,87.14194586630461
88.03517114944171,87.08298138591654
84.70838075495205,83.39250170979054
108.36074390931117,108.12029901963237
98.63728747160393,98.10902814843713
121.00790768828143,118.65259530271705
122.78812367102273,121.80504474174161
102.25764273526347,101.96278791780331
93.04326912206103,92.77663369628657
77.52141191326501,75.26001067623658
86.3978068036405,85.22890586864696
104.37780164563543,104.25212211895733
109.4638160087428,109.22413094945152
96.69225393232972,96.29619452491787
80.18425864033543,78.7239525588284
100.6988196353891,100.18626567304737
88.96483540853883,88.694822902782
104.59904560361306,104.4868128373543
103.0253122373545,102.86833802631578
96.0504097677725,95.86577201212438
106.90233382190623,106.71772623606404
104.36872755689397,104.25510082855158
79.74964071009475,78.54911019154476
102.14813862044562,102.06687425594107
103.74769734873652,103.4240964829086
100.23103716775903,100.09044610956012
89.85451736479367,89.46227649346122
105.38483214556759,105.21936689167906
112.05591600958985,111.54532168779363
102.28574323847324,102.20135039266928
81.50530259803767,80.75951092788972
75.82730272358135,74.02944221151287
90.43348646011658,90.35600741779314
79.54832503106876,78.62782604121597
93.58625656404085,93.35337691650714
101.2333817716788,101.02354410783104
100.25712845955759,100.03261405881685
97.00330878416037,96.81765474969998
94.1472551936305,93.93979552017946
95.35789991484839,95.01172096248362
92.11986021748373,91.36504997224243
94.81208669481558,93.74826220299018
93.00902092625611,92.36390747916444
112.7225456205435,112.30600679544965
86.4360858941361,85.58976103374313
81.6777425838786,80.09089285443385
99.6533853774182,99.54610845347344
83.56553579609836,83.13288177659048
86.987772751569,86.54159867798796
99.50374670744709,99.35444823754251
108.12596043696485,107.84621898384425
107.45053382319162,107.06664417611094
99.24023696900147,98.95195637232601
110.70715527116447,110.29342008253492
100.2024244597458,99.12127489757397
98.85446189034357,98.73981590230595
98.16321584869337,97.98412675235313
94.32319846646948,94.02205230335764
92.60420593075783,91.48415477526125
113.1443209594518,113.03349028177668
87.65527378657978,87.18192864846824
100.40801030437916,99.96169431752226
98.93504815533832,98.3270153902755
104.20124455528338,103.57057027557835
110.72883922566649,110.33963840402008
82.5995795919209,82.33477218298357
98.94321014083907,98.6442360854064
96.59144643036721,96.13584105825045
97.01345657237418,96.92503319656745
112.93633230838164,112.46748683923077
95.18307635284309,94.95178881168016
113.24303794570993,112.77457066319622
102.20392410173366,101.96279824244012
94.41163685637537,93.64337833123437
106.7993585124385,106.72578986159441
117.77310919221618,117.09977685897837
107.11566995916407,106.83428792592213
87.04974608976494,86.89469341664221
108.9439591326529,108.7429452411291
100.86462736117173,100.7056071177702
98.496715488999,97.21791777968306
89.486283224388,88.54114230278414
87.83550550001404,87.29580144747166
103.54051363579796,103.41913088446915
96.72623786792924,96.66221733377533
91.64972569754809,91.2281285444612
94.52292913354718,94.25660986670641
104.53562599657289,104.37287547185385
99.60754640552463,99.34387149935274
112.45067168436128,111.85409575202651
94.90234799234896,94.3786392642974
83.87658388496108,83.02713631756293
104.74312071005319,104.41180447347149
102.82684191435132,102.66017465512685
99.00868128687874,98.47033365251394
92.26285154195095,91.9267759255909
101.3967439247246,100.78764705431486
97.79027386307168,97.0211049669624
83.99980833717741,82.78926110474016
93.93152040769297,93.78455228654886
99.66554784544738,99.38017575888753
101.24506286529467,100.84931519803563
94.90391995241765,94.62154310852472
88.08355818673677,87.91334602602734
85.73679146142509,84.40398134880175
94.5376602658363,94.21842018528919
100.19817636107621,99.98442119497238
92.86398094092237,92.72708327683199
104.04529843422091,103.9003566637596
98.01772733635516,97.94264640970701
94.12258444731384,93.98975046730222
90.40986675083586,90.3214876040199
80.22533613458967,78.83459960231775
97.2201701304963,97.05223565671737
98.08059771290796,97.92708228279166
94.4167807662046,94.30737318040218
100.22245182295677,100.08662777979856
99.2613498376935,98.96189441594767
105.3307747722814,105.0554170723074
85.77363897837029,85.15140752487584
86.27667014017146,86.01330488584139
124.13424225215236,121.84390744403963
83.82066891880744,82.7843816323831
92.72036670381632,92.21470553609555
89.8073539453752,89.71133337915384
83.39834091834429,82.09368782145698
103.84164211121917,103.7489412525836
106.58747517713516,106.44657009743959
95.23657802794831,94.91340737138735
100.75555534442783,100.39205680443395
90.44870752779192,90.19212855515875
98.34657692150188,98.11244623344744
103.60320815204192,103.41451236159247
98.47621486421504,98.24040041538325
89.00831976783132,88.61074961795887
99.85025639578473,99.51519833971173
103.86864135434548,103.00258032631677
124.86611271653875,123.89977045916464
98.4887106336956,98.37374477882695
118.28299487939688,117.54024405679262
88.36696646053086,87.46198478146057
106.3450135322578,106.23333099675742
93.94603515262148,93.66511508986024
126.26383531554171,124.36190387207073
98.16266377039923,97.52148207059464
97.78426039256928,96.98332633895656
99.96098176766223,99.78978174253167
92.01788779245362,91.7490245793148
114.73824911414151,114.39597873666483
93.5478928082074,93.27160824361123
97.6594762747837,96.56941921166914
86.18067386718143,85.87507352209205
78.67746387548812,78.26817542798875
95.57673876208979,95.30620305689858
103.19000712188323,103.02288697652801
87.04246100514969,86.39752412001683
103.3311158287824,102.84037444271563
85.99516144153937,84.99873591873327
108.39509465764696,108.09045959939779
106.65702968132298,106.48805842435709
108.66177741966017,107.67237218752767
117.6185622817968,115.89843542019105
99.97863246811032,99.70317067014034
119.22686317268672,118.35370040915801
89.8404018924412,88.33616179334226
89.61331801358743,88.77558395192668
111.43813220965228,111.02914142487195
100.41298751902121,100.31144260902629
93.42976382672582,93.13015972673205
85.64142361550819,85.14927360125603
93.3411466465646,93.20403638050355
115.27933929219567,114.62575240418929
114.23924230128733,113.89531326439277
94.50319044086609,94.3995387501875
104.6377824270396,104.55290962825367
113.08561424087176,111.97174503977516
100.70629401271528,100.15832620027012
101.84262507385975,101.6269845424789
99.03618177641567,98.81060399889617
82.29169374321677,81.52405608581802
112.67637276240677,112.44908137141167
114.3021161742856,113.93104041217772
91.17657226403931,90.40225524446038
119.30880278730332,118.56227640612865
117.66946018120389,116.52511636968336
114.04293021404087,113.24593386080326
97.82216507385564,97.57428849761448
85.2604297348873,84.6082849507022
94.92132992749629,94.78875513409507
101.23173132083392,100.7161980798702
105.48152578132893,105.30121549040437
109.38329075326698,108.75715560205626
110.89033105479561,109.44871624187036
91.8530958865193,90.98439246571913
93.3691510692497,93.2093652683714
99.99314009612036,99.70668176353747
93.84632896544657,93.73669359099284
100.82313949115463,99.98646249292518
90.34113064903575,90.1776099140384
114.1465215697976,112.74032120568482
92.26250856574188,91.99495349574192
107.28991348197206,107.13557890373362
102.57373424566492,102.37178355321831
105.74524515415852,105.30270552120294
109.97034366870301,109.24077972371285
91.22983601112954,91.09368209220979
96.81068961073686,96.61588866310503
116.0842724322206,114.93401749671692
100.6160166000846,100.52928398178206
87.87716616115857,86.17791723568523
95.9720586847075,95.83435299157858
104.57252570113715,104.17027054812542
93.37577961863519,93.25329105723326
94.91963175791753,94.65383676708304
98.83336576197418,98.54490581020976
107.18209471733209,106.86282372457995
85.49221202532952,85.03455719141937
110.15175036905144,109.80195289288358
106.78456657215781,106.57202214516792
90.05849869686134,89.46059632562906
99.08842333425005,98.80957469677996
90.28271678532205,90.14138294485052
88.36450765421185,88.14346834899327
106.37800697370547,105.90062022151679
87.14515411273345,86.56580452126045
85.437897500915,85.09762368380187
90.3784336946885,90.16676541608275
92.92342604196689,92.28972958378573
95.01404677735374,94.90376257042367
102.80553546417215,102.19798064841866
94.99940591494047,94.56822951286378
89.90094873631381,89.55997380283604
107.14050542141337,107.01083992801178
91.02437123481882,90.67480660798793
99.64244501007343,99.44974613156054
98.89299410514366,98.65248336263278
90.32589831578967,90.16375800568974
102.78123503409927,102.60686404426848
103.78784671110915,103.71265925820009
109.71068970297118,109.40189985982549
103.51213400456226,101.83537426304582
104.55853122388737,104.3071287954741
95.53170976548614,94.45431065776914
87.97391120177788,87.05337353255014
85.01899767981539,84.32044349060044
86.85600606070699,86.49330681365294
109.47726301712972,109.20230971849347
97.6949263679245,97.53785941653031
112.0987749356515,111.47311385310931
102.37626928394106,101.9380338634831
101.23490890083302,101.1575776159513
102.86920555048599,102.77683544989755
87.79971880713083,87.45786941968433
86.71633083350949,86.39840517919231
107.78223747410966,107.15678100795918
96.47355022317201,96.3196035990131
95.62134501571964,95.34635105395452
102.41543676945884,102.16726024422766
96.93327540324992,96.47174564184132
89.50540763425451,89.3477533804531
87.28005745435688,86.62991747626506
97.82175508622396,97.56421284333052
89.29643739262274,88.90138966592797
93.86684057997277,93.79181123714847
97.27333831456886,97.15590529379587
87.57546746679007,87.39806720691703
89.85464578902884,89.57038062811056
96.76139759581454,96.04658263442595
99.3983611224812,99.12674893670531
95.45902646753855,95.33860997454181
111.80407474663141,111.41538139629444
96.16187274977533,95.77002924489965
77.23091504623513,76.3481694482915
93.08276003334394,92.57445023779188
101.90000657056585,101.45575360220614
94.9412314260335,94.7308807396217
89.48044240770844,89.15244749578035
90.38050373249061,90.19310926088367
108.334633637744,107.97719949251531
90.31750273737934,89.47977779028152
72.41181280487648,69.71190765059683
92.64933657411522,92.05648713091097
85.9541508885921,84.8562081634566
107.3050459884339,106.82803458039612
95.39674648019776,94.94484818845714
99.1256380046107,98.94856257706073
84.59009501299379,83.69260438144231
81.01886076682527,80.12481156943721
87.1836205722809,86.88930773162446
98.69182552499733,98.39864006297685
103.93402121089821,103.31388199221229
79.8039595591159,78.56133809243403
110.30219806760648,110.10558302969842
100.84448662867167,100.62887250126481
93.51395568019807,93.2768131968954
84.93614865523867,84.00491220202647
90.70370092772238,90.59983499855443
93.63278341854442,93.51303664650095
93.96441534802925,93.76225373478579
98.33250805394833,98.2124612711675
101.7579314384644,100.97592494939308
92.87554945444109,92.67123213286564
93.30306719146853,92.90967766885308
93.67957156711594,93.59159956034493
83.07398964340646,82.09865502031185
102.8129415497005,102.47477648332554
82.2023635344907,81.64328406439658
93.87939530666266,93.67471143196428
84.31133479997408,83.81872999560936
100.37850019249416,100.17457368040654
109.35743642659546,109.15157106175499
98.71802117630456,98.60356870713646
103.34882303998138,103.2449688098251
101.48988622834321,101.33844806329601
91.15157646114028,90.86624050956353
96.99819289019334,96.93725220753197
107.14099516451512,106.79123279156265
95.99805169989135,95.80652604627139
102.17640465439074,101.5120947803545
102.04402545002183,101.87325675257665
84.8250922908987,84.30243494881415
84.61225651580517,84.1219685518217
120.54546736549975,118.07763991976145
102.6069723815254,102.48546454283826
93.74287993956945,92.67670789706506
109.85522258736131,109.68329755063027
93.51239760328644,93.08987269788568
94.79586046081592,94.60100667428033
94.88966826645718,94.62677346368991
121.3131816468823,119.35138670273324
107.06293236539113,106.79043537289013
95.92938384303123,95.33559594171797
90.97554889826775,89.24846697698679
84.87580022585436,83.86090523604177
96.3873473038274,96.06465549968189
106.10847799144331,105.6397396598617
88.0210883306361,87.30464963194396
112.40845459144595,111.54113985137859
100.33958049896091,100.05142590183428
92.40555205690096,92.08539061173968
87.08705810338643,86.87321109854877
108.33568494247838,108.04235380021348
102.13339273936501,101.91725792165352
95.9362477669148,95.8018969933943
99.0512762358551,98.89184489956055
90.79087610461201,90.46403554280195
81.34087427839404,80.57010996455229
102.6715069511053,102.58684756059776
92.14313753623341,91.34165889238581
89.66119574202234,88.78014008027299
93.25913974982481,93.12728781654891
98.05283197534467,97.95288027349659
106.52772156405172,106.20731838153733
101.19936512684426,101.00369473429404
96.8307421515518,96.48079653338101
88.66421296273107,88.49378347401486
112.85016470339592,112.4905594436987
102.74068145063173,102.13398120626786
119.2179180557245,118.07835018235609
119.2833529329874,118.30891342873042
94.67646467712817,94.35738879869578
96.02564032694819,95.72525420411125
88.70841573869917,87.14651552340496
98.00245673794436,97.9352582596121
92.75853683945024,92.64032496832165
91.20499544994341,91.02671831596584
111.16950130927643,109.71095605172682
94.17525657189533,93.85176519110003
88.3036682799262,87.84877363094303
108.10735726579789,107.81236501808371
114.22408572383775,113.65936279392781
96.47787193638301,96.13741703476755
105.79711648908433,105.653110984295
98.00251718924234,97.84086719999598
102.19757183053703,101.92126854656945
109.87098767555472,109.49163591901265
96.22705478591627,96.06877463059784
96.1093274265297,95.93105256873052
110.63714548712629,110.35707258682727
88.02293330634068,87.25750404338372
80.91301963112598,79.9929159527388
97.27832946849801,97.09545980705086
88.16338770151806,87.59881033673314
121.8055158160162,121.32594903058902
96.73680573105817,96.6760100930804
102.40870994546181,101.8727255206829
96.92697061924149,96.59951147925834
95.62482916329418,95.51731030977184
113.3223405820251,112.6147776048272
91.6376472491716,91.3541582075259
98.21515738824168,97.90749594371984
99.86514626564077,99.25465616571238
106.16058442101641,105.93167307586835
86.38128799485565,86.21316712574271
95.94325107199192,95.75374593528853
91.79275841788291,91.65445936933669
87.72462230390279,87.3724475546137
126.85107956674776,125.71069591384214
84.68156071557158,83.99068270869552
98.427481607069,98.28092062518073
89.6894829359453,89.40595055333478
91.2605859655633,90.47073573015224
96.44948264898814,96.27635965894507
90.93485014964622,90.14827140457369
105.27776653891922,105.16233290274683
100.73962983178026,100.63350634447494
93.06561206899968,92.6448396770817
92.0046088676867,91.39845161297688
105.36878187454386,105.16662614890762
105.38905074613787,105.23993953579262
99.2610327210879,99.14059167943255
116.05381905455467,114.9965757546781
105.86588440128884,105.62140066344438
113.16797040663873,112.45802695208891
103.57877789864303,103.34556164101272
85.52691086996214,85.10326473629199
95.74471481072379,95.51458332153953
103.42605015035733,102.72871284444959
99.94339830930986,99.74952423162264
99.90119779585628,99.72405115656161
99.97693423279004,99.88326330113983
100.58268814471367,100.44798646384343
110.94284194355367,110.11558744124268
95.5137048268791,94.75550261708213
101.9680678883757,101.82948397128852
98.81617616825677,98.2434176919591
94.56767637353744,94.11502248479256
85.05236119195143,83.1437448355692
101.67816805505876,101.36964040688702
112.9497494743017,112.3570522501401
88.72256806041138,88.43031868242217
88.00085670572429,87.53010469560623
103.93491848843563,103.7032555156639
104.21956619723662,104.01817849494896
84.82225615034514,83.17381325574196
93.83613520647371,92.8715200852982
100.39099822738328,100.27348428287905
104.09774661325444,103.93415268748589
105.78393740433384,105.5229932144179
98.00011810196162,97.70518735148157
99.19879003860093,99.00618686252625
104.53465705539853,104.2693181524354
103.33891356721188,103.1722583344288
83.74268310013085,83.39339836348394
125.32604970363805,123.46205981738514
104.46714660842802,104.30981702589398
86.90515880064132,85.6503404508132
95.57033160329853,95.17767145343328
96.68095648629155,96.06531169884256
90.13167188268761,89.16977052994856
94.13777639849836,94.07108513697699
84.46482587426263,83.16139190353054
99.66246981422269,99.55215843694236
110.37602044544707,109.77531863941944
90.22669132927831,89.87669641673573
103.02733018766206,102.92250477792584
92.06476234341973,91.82975342972263
107.14268611087203,107.01174335353674
95.68142387335013,95.53281675841154
87.76113077901495,87.39201433776687
108.40767796541668,108.31512969044535
91.18523112972926,91.06122739127392
92.51923501858184,92.37787819349404
120.28301150942738,119.88801450197731
89.42032877914252,89.03075590859207
104.5652236039773,104.26118562221554
94.4116946796838,94.22608695577264
103.18373518006399,103.08892575352108
101.60131316716584,101.47907318095568
92.97292783016785,91.2443493484352
107.51110538237174,106.99043626381558
92.80738319862418,92.54941164437821
95.31145344005589,95.02291813603557
82.6637206592959,81.8503823865315
88.04586098200087,87.87880774297543
102.79982936170455,102.64639625724833
90.0288138812436,89.67804525186901
91.42457558566804,91.05327566692264
77.95608707997425,77.14308820012151
110.80229504701101,110.39996255909158
110.97588523922748,108.7133216235589
112.45947245940603,111.90170486770235
91.66021514164692,90.64532295966129
91.31243096009528,90.79267907688289
84.46659238956482,83.76253417708409
98.33402759855483,98.13840431816075
88.48901878685696,87.9820814598727
101.73842608322643,101.4745586206011
113.323827520712,112.21070990164667
92.78912692818066,91.90915990919262
111.01994077263666,109.24847755557158
105.10338022550886,104.53920919607143
93.57264042669563,93.34245053295778
82.47784737500854,82.16121042997064
88.12811951829691,87.66441871993491
92.4155063045853,91.99172935972136
107.24696981837673,106.8921290833408
98.39562553946304,97.93590438832474
115.84152765944687,115.47637168639359
94.25835314830454,94.11711911220641
104.66719795426326,104.37735211949368
114.16669952833769,112.04506910086222
105.98807012617661,105.76505798332607
99.843115308928,99.73810089620879
81.4729544928785,80.54838042964985
92.5943345957773,92.32752337222408
100.1147430600825,99.8849808090418
96.25308478517088,96.09185282139515
95.39584535567941,95.15397897595304
109.3133227193897,108.40286980890397
85.25186175671192,83.98266568515446
98.75803075753038,98.53668790297267
94.05189972683416,93.63767562383967
97.93252652050387,97.18381618966687
93.29302002067449,92.77964166755649
105.65188874849005,105.45497773201122
93.46729846991686,93.31434230770355
106.4482888908112,106.3209150109271
89.79117272065761,89.61684457410095
117.33257233343146,114.91449782958915
95.20914834454014,95.09247793771546
98.455971728553,98.24624109714712
95.86551639987619,95.74377799417897
113.70055040124024,113.58243881260964
100.0406022273684,99.95681801725617
87.3379820234834,87.07885304292117
109.58749445459225,109.24883751179647
99.32098263445855,98.96250711150309
105.78435919081252,105.58586115352374
93.44850762741875,93.28094873348874
81.54690835237581,80.7226954397766
103.13103814721808,102.83305160204159
82.81537806089182,82.0427828320949
93.76440460299149,93.24668258526674
74.51654994812874,72.17779913106997
107.9713798239271,107.72369423734126
88.9720655904216,88.60828865230044
83.34751453741626,83.10916344314226
108.19039768074923,107.98887229655192
107.59682881523344,107.42036117413498
95.05044623497069,94.31095164203514
107.47381730838701,107.00439721416541
86.66095101406377,86.01786016785188
109.50193742203314,108.86591154781391
91.08458183824847,89.86465103854181
79.45550641989034,78.78616955370927
89.86544490314748,89.51919165367748
91.62329076402914,91.35204062565093
97.07732292238488,96.88389310543418
88.7648448156431,88.04027762876747
97.24652117706468,97.00651713574658
74.24103875039764,73.4528790394704
95.65568699634365,94.49667502672543
80.41581521897292,79.20228257892252
96.33133198987494,96.08481005458573
96.95813328954772,96.77294012605545
97.15210070893238,96.2596511342039
103.44954868837334,103.2729549328345
92.67919521661658,92.33929755121062
89.45557460231821,89.18830716572498
75.04691497698106,73.824665592274
115.16321878783769,114.71141161337144
90.92297241042728,90.11201913932261
117.12158593296779,116.00709800367672
104.16508760298119,104.01859251056628
108.57915883725379,108.26029719270824
88.89024852113512,88.38019409374938
101.62961941212558,101.34557146390914
87.35209599611622,87.15166506866693
83.33588075265523,82.96364009059467
89.4308831124732,89.15839278581961
102.98186838260364,102.71072076404087
94.32707463453282,94.22031089205235
92.22099587696816,92.01724723255435
115.78951781693466,114.65564708023956
100.14693765946255,100.07730208487882
89.15500134549937,88.90898086335923
88.61313929164234,88.46240035361255
103.15475696699694,103.07878806626144
107.90725402826865,107.41318662628643
89.88648226708095,89.42147607195405
97.2023189604842,96.88932087609065
108.30402432526267,108.08988365122742
100.42460722832259,100.08650533373425
88.47214080097886,88.3081273407547
92.58275206971472,92.0766053704255
102.12337093820199,101.93077886071465
110.41793511981618,109.91812110500626
92.31792597996134,92.21747546884482
106.34446803173476,106.03866581586968
92.62565206329288,92.51518773892307
99.7014923381363,99.54026920276137
96.90988063447469,96.79601873370716
88.47863643964553,87.38707962489833
97.77168421603191,97.51589987124703
107.44371154015619,107.16304506644997
111.38166360215772,111.18460149913341
97.35713932471151,97.22750934920843
98.04762546150994,97.98027845067865
107.30499675003946,106.78244081065343
91.25873479006981,90.75954316502788
92.87997446702327,92.20609033043276
110.14972290763245,109.66422780394785
103.0999208347332,102.86590228302059
107.11974010908268,106.90421282885801
103.66459518222317,103.25600691847615
88.09469040012759,86.79965340341326
91.79373604970259,91.00250595607051
90.97945334047519,90.23255939781846
100.92932816991362,100.74793513642376
89.42523745510942,89.06859997415602
107.39939227541386,107.20993322804051
96.52329917666788,96.30489029367051
104.93706574700317,104.83158755149343
91.0765436005765,90.75327876594018
101.86906325209219,101.53020427374875
96.20693975417663,95.79592309313225
106.9155695691272,106.79690494475862
87.49319959598377,86.9249254087504
81.01851871025606,80.39489757015531
93.84571624080323,93.72067882612363
87.68812346701328,87.43408794750441
103.80362756491411,103.20292713683563
99.30611012982692,99.21930676806171
101.35063064820196,101.17520883553439
111.14870647124152,110.38035622376138
94.21581436962794,93.5557167134331
80.37340861103782,79.27471167872409
92.35489672759317,92.10435376487628
85.0013004369531,84.63839771175802
89.88141495029308,89.79094680410462
108.67482087423097,107.43643440436483
93.33655631113507,93.12179209135154
100.27294878194729,99.99056754716803
77.36912562943459,76.25328732328629
77.61315836604825,75.91051940568481
97.7873205349038,97.38701134097727
103.07786412459375,102.81775939944613
97.20936547019429,97.03345048726858
83.67977682593815,82.30717797234763
98.31717218911562,98.20019547695821
89.19430374582069,88.79621595252807
93.56536591780788,92.15490400731603
103.98986171646949,103.60280109124474
95.27670537543663,94.62542645352563
92.18274705193707,91.94147739436035
99.19735226240925,99.03934363050466
106.59913846395868,106.23827724879453
107.30353105006716,107.18956195085532
97.67630327783446,97.38514028341251
81.80348548497577,80.17633929086058
85.21240168333622,84.07907095363404
89.45425281894562,89.1743712572109
102.57070792118886,102.41412767709849
98.64608366074646,98.50513769974266
99.34578679214975,99.13291127379613
94.41849281210229,94.12017744335766
106.17695367689159,106.00520748255433
87.5383456344737,87.30446646020731
91.30530860048799,90.94973988084486
110.83682491267433,110.53380839259852
96.7502842317417,96.21232535263422
97.99009583035082,97.67177257498936
88.76504726521833,88.58674715346723
95.65320024654143,95.44881076572057
80.80397405934796,79.62854656006793
99.51171984410723,99.37227421432792
89.4620980529375,89.28856501090152
83.42377812744246,82.84106076074657
90.01950643091368,89.25607489678933
104.95940761688875,104.58660433039161
92.46126058284645,91.91780215959025
84.54314740692682,82.83430697063466
127.47714942842866,126.42168339346493
77.91166131878025,76.74720356658368
92.71924211259511,92.40141067330896
91.13524900624002,90.35162326877997
91.10922539900247,90.07340349949767
92.17550058904328,91.72523440502718
119.44517394990288,118.33109937664419
90.07712240784396,88.87435484142279
95.92113244649796,95.55984405410206
101.01587623201831,100.74771350117688
96.68977588035469,96.59830243426414
93.7669005305796,92.87197157517055
93.96176709796977,93.78860513369541
97.37329168048299,97.23623839326038
102.6323582119214,102.12122027789535
113.62559098671856,113.30332300511697
89.96684156336042,89.74636451382702
116.58637066689784,116.08898258412525
93.47453116182196,93.045430896141
86.44488693075705,86.16591035597993
99.43243528499502,99.1247811685826
95.70935616114043,95.06485759873952
111.83411219225027,111.31658005007084
82.78369223877888,81.93029136054335
93.23645996627582,93.13924458732913
89.75148705675548,89.6002406775203
113.26691419884524,112.46480980394396
92.4112833756165,92.04335315977691
104.50968813425699,104.33695372657782
109.14361071719459,108.78344617936872
81.45301557959311,79.98937345391224
107.0308331629626,106.90785034590235
97.21729027623958,96.80938835353292
111.3792402786075,111.20306975266014
87.43351793243384,86.13129511993444
97.6954263808477,97.50209371210654
84.54616981543273,83.57451817966644
96.15430305635255,95.72407665356559
93.66638668882563,93.49585190014653
99.55110910352987,99.32020751514074
106.12997699456444,105.90896044122842
87.88500068188478,87.69607968891657
111.2683401697499,110.7390908530545
101.52064779716856,101.35954381633866
110.19108225481824,109.74943416361248
102.8025012972415,102.6640858103094
90.13150107609734,89.74890005118338
90.17966964165565,89.46717445931361
106.8639565544352,106.4646411445169
92.29021565834843,92.15697743283877
102.881849985408,102.78257655769056
92.09320267558914,91.77317449266997
77.85325121562948,76.1450262250325
99.65224487672367,99.47981522955249
89.13101878205622,88.83294368423056
108.49882801492166,108.26598228984989
101.00318808381734,100.9430052977417
92.94098368136423,92.31727445142558
92.3010642242288,91.59436717965427
88.18946501421586,87.73943112581075
107.31157170569097,106.75469120880649
88.56413002071605,87.56456093253234
96.23050273514329,95.96284756949697
87.06088680450958,86.56661445824375
99.09824304274991,98.7869184090247
87.25072134817194,86.67276642155946
82.51954576368695,81.90493252374938
86.55659811156866,85.20564857106685
90.64862207303472,90.21044118447841
104.35837898365473,104.01535701452067
89.98952537987758,88.12265106396985
98.33043661194311,98.129054724002
105.68550062795707,105.59107116740938
92.78194218120755,92.55922881702702
96.05250090684974,95.94076842333016
97.99030103401394,97.92879919559955
113.32352494154398,113.16795698359724
98.21347019804591,98.12898233058264
96.5081258185292,96.32563521337967
92.14796707359643,91.78353637551957
105.28815113241191,105.05730014412802
88.15826632709303,87.34321079931942
84.23044483762519,83.74236421279763
96.47280913907117,96.24788743013096
93.87122679578401,93.5104259761778
123.97100539514737,121.31384777429959
95.94893617188147,95.76709499179827
84.95710207026087,82.97663096511847
100.75304454968492,100.17601000159145
97.371048657586,97.15306693421036
94.83947502642883,94.5860037663828
86.64699828479917,86.24008770302139
92.93471595512275,92.76918226604246
101.93111050330577,101.72611798067038
99.14269798767349,98.8017021029168
91.35743282387777,90.74907485268321
80.01689129066935,78.94363331849593
99.4285003436276,99.3027412986493
110.28962752525435,109.7024838471199
91.7112341682838,91.50441853476777
104.43848467093258,103.84773466139369
106.79287947192111,106.34729636981682
96.91793231851922,96.41087687700235
81.50522309905111,80.05602687422623
99.62026540632327,99.39500924002756
102.30650775550093,102.25415759745256
107.57342536407806,107.25724690443138
102.00817960379273,101.37236184394804
101.89312741869999,101.73292574383474
100.92741331532221,100.83186692130957
107.44796373686309,106.98420574568334
84.07247347618505,83.74836170131645
94.81278543191867,94.27560983082287
95.68656293514016,95.1319386891395
99.13932144740888,98.92606016311225
97.92500022048205,97.84070166869982
82.30300747108664,81.61238577891517
108.95448321328564,108.73667912678916
102.76712128694679,102.52904083917029
87.8613405488762,87.61154182896891
107.43395795582548,107.2174688834735
90.25503716398082,89.15463296408686
94.04160841540546,93.89075559889258
96.88540460527824,96.74136968908923
97.53953101344833,97.41268070114513
111.95678770127583,111.38005984603753
93.69818976334922,93.02725250174942
97.5657465698012,97.35549747412952
96.26941033018831,96.12742034651568
92.84429439052948,92.16370132430932
102.04325915089397,101.90209663975048
91.99289226280376,91.81130044147281
96.41601202334405,95.63994069049045
116.42580957349838,115.61292602193353
85.39549622130642,84.89000423022622
100.82533728753195,100.63154878734798
105.76646756745664,105.42833157201144
115.9365755203085,115.27255887405782
95.68267433033743,94.84662440527487
84.48644339693814,83.47813822272995
96.04182487486052,95.84274060526238
95.8875729459254,95.55354026013379
91.96805777165595,91.78653881068561
107.27242742703493,107.11887871065016
103.53674348490051,103.3238619691569
108.47271642596228,108.10296308979942
98.95696588102055,98.56893745577999
95.8103585556978,95.73268501523616
84.67596933781535,84.23158385502367
108.6301139683574,108.05884502423736
89.93995375301438,89.42218205908068
102.69726657467412,102.42646491048136
93.86958943774535,93.4901439838414
92.43552135720665,92.00434918404295
108.32552154369782,107.62225219706525
107.85830989116742,107.71105434987031
86.2116285882846,85.20096731689965
106.55692540673981,106.42649561691313
98.00138558605417,97.85271638857179
86.73044442606306,86.21131687960549
106.74097363682695,106.65203105812266
98.76151965835886,98.52454501106655
93.40612205744273,93.18864443346462
101.40062965215701,101.29477853078534
90.3287817391805,89.55695670451658
88.32313283416005,87.43526335970678
102.25803937257268,102.02847535568725
102.5002399564363,101.9116887308793
103.518307726061,103.3746563234658
88.89846552436771,88.54503153500386
99.34922617777701,99.16863640863644
77.22776901386901,75.15304566580386
102.17632722626067,101.97278279495507
98.54403308380974,98.34310084021696
100.70169597116772,100.39936528141645
79.41751420768465,78.54423835359555
94.88869154115406,94.7714733969563
96.24545068547398,96.17457589905906
103.58347986778766,103.46675416444424
97.66563441109207,97.50463941743286
100.08072803656503,99.77785745944058
83.73203146755218,83.36337789010074
99.82768583152978,99.67221393312109
109.47549178421588,108.67746024224891
93.42237046434171,93.23067736668654
84.69268391866486,84.19104881531793
87.7691722512049,87.49945446761916
91.43588528540411,91.2801218454272
103.2795275176935,102.44037678640294
106.6737132306426,106.55417356181903
88.76985208065214,87.88245085974384
82.5907537833747,82.18103481488892
96.5531253883624,96.17716057468222
90.01844141041958,89.52280311424471
77.26834508007168,75.96382085894972
94.71586309165326,94.13733966849216
97.9854681340975,97.80906690624691
98.15933801074598,97.96492469357753
92.58209942407343,92.33709788060465
88.91110454874459,88.28068125972533
95.10564608262395,94.93805983707661
102.52901602154114,102.40747626641401
102.51940686632203,102.40468613540291
100.26406134632565,100.10188238940151
98.40820454900229,96.73441869509176
98.53085469105474,98.40525090483835
101.24937077675777,100.9459069673375
105.21149450079041,105.08882791430091
111.40749919421862,111.04246229951683
104.64282120899888,104.41826189849229
116.22094776781609,115.27116765670837
106.2280771245349,106.15261213565061
108.51682226305424,108.12789787159912
99.22309686035513,98.92179567935848
98.7413014738595,98.54104128950145
101.39863367523328,101.3237779541907
102.144058787399,102.00687950827805
115.74133379245033,115.07510747703884
89.78017705245696,89.15451516588448
96.2243520962947,96.0987395369595
98.28100354120971,97.70441864606147
90.38723081642783,90.23714473862273
98.84816941129867,98.67422294803032
99.01783982912555,98.83589855179736
83.66051144553953,81.8469245567444
93.13711475747382,91.70712871800822
97.25755479771433,96.47850617408918
87.29714506602022,85.54472924652721
76.80505916873538,74.82791899264573
97.33324526924046,97.24540388704581
94.90164215569571,94.83300077763198
96.7431209347182,96.448477788081
86.40867374793007,85.85494341558307
93.04022075087988,92.94607179059774
83.52082784149641,83.16202958636102
102.04769324691571,101.77062938936652
103.00313002022268,102.79420633224491
82.36248547554189,81.54235568265129
80.98905349262444,79.82332812946153
85.72760336199573,84.9656542530024
89.48410346013537,88.98502025737524
83.65315630054317,82.31223422572089
86.01495844047622,85.22520882723109
93.3889090452631,92.58579991406371
93.21705319684935,92.90080970467929
91.89102981108584,91.39493987266452
93.52911363263851,93.10049141494015
109.82194264323677,109.47314811656906
110.52147237899078,109.60223772546775
81.10943380105124,79.79418546589841
98.18119951861999,97.29761876196811
102.62599197512209,102.23045666656732
100.71855653339883,100.45109054408935
107.38557022895164,106.81007191575311
102.22652038993802,101.56450474847281
104.26625710834601,103.79365697975801
85.74540016742633,85.44169801211888
92.3387502779915,92.14228237135123
90.23649270716818,89.87683413383999
107.1938627473509,106.72146681709489
89.54954243454728,88.94100120299174
92.2845762271879,92.13229777443904
91.03703060715753,90.74811587904485
83.81213304386851,82.93490564818292
89.70376738456427,88.78799322810539
92.25424377374483,91.96942105796067
87.24369147138988,86.70243727120864
104.4186993356247,104.27045879815462
87.99694248709484,87.56655818415072
90.33893736467299,89.72335637150147
87.69314989969453,87.07388647446395
86.27306372020641,85.90449427978065
96.88126362432018,96.6161767368989
105.84098610202777,105.70351403439206
83.91025256769497,83.56214919282804
94.82149244155086,94.03942493688477
91.9544399181989,91.33061344950661
101.36416899688817,101.18513378333769
93.996668684718,93.75150065295111
98.05070131325618,97.77687712998814
121.77947052008676,119.51286796990537
95.25534619973573,95.05635725598931
105.41661213176211,105.0017779976601
105.64220437026098,105.08606712570392
95.42059044171012,94.83576422802243
114.77684723974363,114.18623495574424
108.69495682433262,108.43341843755772
107.96635991575322,107.69243412360834
96.09378763729865,95.840826108088
99.389764589135,99.32625919034444
104.00397646740386,103.53324243869275
99.24261945455633,98.8947053411346
99.53987861211056,99.36368369508942
95.08458649080708,94.71067687696255
96.08511006377779,95.89432026842353
95.17207068087261,94.98421787630758
90.39193925575734,89.80140603409222
99.86093830647958,99.5663196340345
100.85998506908746,100.73456317534321
92.07681360732535,91.75452336998599
91.91427301717754,91.10792924099695
98.99683875992136,98.63202874835072
79.42770783873979,77.11465706027566
108.5412913729719,108.10293266697292
90.4270685813699,90.07839191428994
101.15942349145571,100.97914072637317
102.82582766744144,102.46215440129049
95.37921461041567,94.47742761868541
111.58111323381796,111.08376030632499
94.18681541878587,93.82021589544523
110.11298193624934,109.07064669964566
99.58432436148497,99.41396216690717
103.84525482180459,103.68078411956921
90.64510201645791,90.20825111766969
104.28199638993173,103.8104676007244
100.20985936881706,100.0060055646318
95.66783210618692,95.53392731982395
108.30486740322912,108.16913787369982
93.2156458474796,93.02295894937923
84.96096366468971,84.67739925820405
86.089309029353,85.45625019938518
98.6886168337652,98.38577195621386
107.05510619642857,106.58213977086479
97.08685336007134,96.97068108972522
79.17702008669721,78.17524163277524
86.85482563152499,86.66344484250813
113.68377331367418,113.1446258277259
95.09453404505274,94.79147983518425
90.05655978937195,89.64648127972897
100.36925538579322,100.23929190617795
84.59260509392692,84.09349908890444
86.77259509796437,86.37717374157563
99.37442632935135,99.19295406937582
118.81129748875746,118.48508517644267
112.61144490071776,112.22978873139989
77.71891306096386,76.64206569770914
107.70214065376508,107.11108661324046
92.14872865272262,91.7706876366007
98.94564188908289,98.87880183508958
99.33836022029506,99.22475552917061
97.18100380683921,97.05653957376929
109.24407888875955,108.63530253249797
80.8249918764114,79.9932951175323
97.86038107878286,97.73038612044839
86.71707542003523,85.55076261643464
114.6209954840266,114.2756079404721
94.61204480374943,94.28920112555973
98.25255216843348,97.84589159550555
76.08825051990391,74.21437856020837
96.16135605711186,95.73767176900225
95.54100964435008,95.17365491903833
96.10863242344769,95.8480159779834
116.58208565365796,116.2141084458518
109.2180947315099,108.9671080711834
85.7701731739448,85.23098244977369
96.93647598985251,96.6598348636991
84.83796941901984,84.53387808316627
96.09972977726619,95.66826834664036
89.97144905968443,89.60773846633676
98.70282333182246,98.65406225365966
93.28514077882438,92.81086729551139
85.33333718423579,84.69779979612733
96.72064616065286,96.41873498993708
111.36401745915215,111.07885881544611
90.9289248867215,90.13301711587756
93.36056137491622,93.07236574220305
94.38905661682794,94.13994152045481
96.33801040981743,96.19536273616113
91.55015435865187,91.47637281535921
97.03582533550474,96.88635842545217
105.84207196442426,105.67522736787384
95.98290579337436,95.6017756716693
100.9472039328511,100.48454719918404
105.48065736270377,105.36690087774973
99.0508648373558,98.86736790028506
92.08503790768079,90.67688260592986
97.78289327671624,97.30548899186299
100.13403674374645,99.52391356333762
91.71674808804184,91.62244672126123
83.7005878451078,83.28769612119852
72.58224224770628,71.08792628880413
95.28556853066102,95.15392095232868
99.16221468548743,99.06630879001763
87.59471476395987,86.26905799630129
111.12518345328117,110.74832907290126
83.00097560079291,81.98411089128714
92.41866859218543,92.2763110691859
96.38329644719883,96.10755067533752
98.62965220199462,98.48984244055727
81.4267073963242,80.74049574468562
105.14701249415806,104.94806126065022
89.30986736695235,88.9646193106477
102.21155243796997,101.99114695181271
102.32885547330456,101.84147547728968
94.02696671683354,93.7693971022815
94.99696426893338,94.46580359616924
72.25174154514579,69.8048086988427
91.54048822752785,90.74921755634794
97.36385128620527,97.02674575623554
106.32839107324946,106.07774495791436
93.85358643029512,93.71202927452534
106.70142365156359,105.92678876115944
101.68396776923665,101.53248626059138
102.38408528989957,102.28858543806187
96.94529599911307,96.70929907200282
93.4016351695277,93.06756834796411
106.42610377210902,105.87156825902676
103.05829068264859,102.91164937048444
101.93836755815555,101.73349586900497
96.71717350490773,96.57299545298528
109.85027871868306,109.5615482461031
89.60211813368616,89.27785537759698
96.07969599594921,95.88547330834581
98.03027861869396,97.84634767588037
96.59450283095474,96.41796258559351
99.35368117475036,99.2160426250725
97.59942561542479,96.1050496828744
98.99184707700027,98.62901744337218
81.72735754006088,80.29175535891376
96.27878833740857,96.15224833987408
92.25718874683216,92.15662900301744
105.96848054204759,105.8712012780216
87.8980501564002,87.23362712143012
90.99171787063376,90.8478776676045
107.40318619145359,107.12208494440183
111.06156004480596,110.39346344806881
92.55129276684237,92.32320367019754
95.9306890248839,95.8754679656191
96.57740499181085,96.29124460699397
90.8030182325507,89.97024646069815
90.51622046263694,88.59582159392238
94.15001075528393,93.90967507080912
93.50206625613575,93.16919905661844
94.04523028006953,93.71306724735346
97.65769751348572,97.42668393471325
84.66454746020422,84.25960636712031
103.05128623935718,102.96059583909266
104.73937471397402,104.53993972975016
81.35952600174328,80.62413229878871
98.19736166269102,98.05777299979167
87.90407222344383,86.84546460826047
90.6764137295988,89.98174431999264
95.45910364950102,95.3670990278695
102.29280697814653,102.01773955243921
102.69431755659362,102.59388174509442
86.60071610969581,86.16224788034738
94.77551736871166,94.6516787316036
98.14627345623383,98.00840691861221
90.79907308586358,90.30936372648203
85.46693654585206,85.10175155055202
108.53405642385943,108.35966925078101
105.04050276555537,104.77306145128564
95.67104549419543,95.26361796846983
101.02098023022945,100.86868624249767
88.29089555326593,87.46238640556429
99.2101761461874,98.84991513309735
94.31989805648624,93.74724315811453
92.49226833002251,91.9597582945839
106.00047157112905,105.66733251141575
93.61687277899964,93.24537624778254
95.3845872957908,95.13854867952767
93.96875139411975,93.73727083249106
92.11029317583547,91.6437801005462
107.10797701948735,106.65824277409156
110.47108348128327,110.30160613139705
97.60138060424859,97.2165850177106
98.7368157622579,98.36227840777084
95.14577725220812,94.50029817611478
99.3823643978495,98.95861994604988
95.88069407872284,95.53504635840525
91.59458297431442,90.49472643612572
100.16706109187234,99.82364051241024
107.25561990419723,106.99342893771842
104.03723413663684,103.76670412712991
88.11276168629152,86.5591695167185
80.07519254390316,79.49528838774275
95.90699197773839,95.60843807381403
96.87855056698064,96.59140649590657
99.39154351964775,99.18227672276507
119.96704306379714,118.48539963688256
103.18219166706747,103.03731453943186
93.9935434900379,93.64468625227069
95.93619975154643,95.65773223731067
85.88095422871916,85.57563962670488
93.5188621395353,93.21944958100168
115.65610208232498,113.43740129792776
90.16120332575844,89.87969809596588
100.56870322814837,100.25905675066241
100.45787529033106,100.26402082047741
83.58958290692168,82.79460971144225
96.20399868362729,96.0469671608477
96.40268547778913,96.2230740739352
79.99272483093554,79.33699065193623
81.52554109903612,80.78193360630544
90.20103787246825,89.84965519833915
98.96102661720228,98.31158830880524
82.72557644371491,82.2486678671395
93.25559251698247,92.43233100348074
100.5624286327058,100.32704299071301
84.76049819703081,83.92355662065795
106.39157318372477,105.98013690689801
103.9371225271623,103.69958773130615
79.19933249225441,78.01694827747207
100.39766519574565,100.23097161673972
83.79156607695033,81.55738212668264
94.19820804766869,93.81106435547254
102.13598687022198,101.9368313911645
90.80864129556048,90.61915399846052
93.19535242668552,92.89185803726987
89.08113534039222,88.89379777656949
86.51128159381669,85.94146997126789
90.96048039601204,90.62190949793265
106.41343282441862,105.92754469396446
86.04859004880706,85.61154975363645
92.4398245093924,91.78195995255172
103.05714671158644,102.9097680033234
94.23199896443046,94.12044191262373
89.55598493395917,89.01593228646954
80.47813204228981,79.32264263252729
90.60458170619633,90.10727685347656
106.14292270586027,105.99251525526819
87.84355028012698,87.57484557243961
97.00406622122755,96.57889651777528
103.49175728370257,103.43253970548238
100.16761656460801,100.09559356467764
93.14668131111821,93.00825987976191
112.87184838403309,112.67097687794121
102.40478261388691,102.20529220196683
100.26481940517256,99.46988448824652
100.67471771827896,100.58390708393598
102.41564555343068,101.9689034266112
110.52742208205547,109.99143498492815
86.36236037966252,85.46281674930569
94.07849007716827,93.75293190911356
85.23032868555563,84.91442596360127
86.74167980250851,85.24973816191236
99.59201109241229,99.41935355538087
85.9208421898776,85.35826157426607
72.55346326771372,70.86768381493604
90.8031287993891,89.95795626141913
88.22790469081268,87.46588728954548
93.57944930440777,92.8748692551024
85.50335718146684,84.83997933969081
106.3931515827126,104.85163262668753
98.73105995514169,98.58353338862659
98.30649861769054,98.0490621421106
106.26015553546705,106.1648503085082
87.2430952245789,86.18689890188925
84.02021342701262,83.3264047107536
86.89606347455441,86.6184443472638
95.18329845077335,94.15059003004636
89.59905164804448,89.35083957780687
92.84492996412517,92.64894465957143
94.65459093286428,94.01674640175717
84.65948749980593,84.1443067818423
97.97521319883616,97.84864620662121
91.16751634174727,90.68782176306173
106.56293635362354,106.29597890552569
111.29560653275712,110.72177914362729
94.83223884706649,94.29327704160015
96.0153780860631,95.4518907813923
115.01885558257356,114.42476703293885
96.52911354548425,95.5231260286746
97.9764976011747,97.74670323057012
88.14131822940193,87.97753468410609
101.74959963255564,101.11999995351323
100.92250544711264,100.82818637828714
91.10250548111402,90.67205892979108
102.49388633549164,102.18509698110707
85.64194028172014,85.22320018041933
95.77216994223052,95.58923769971506
98.93472066598953,98.5207475259891
89.25180794575785,88.22424895404065
90.96167800443598,88.51066465653389
81.54683004830486,79.820089816435
114.16773785080814,113.85485811498697
89.61160016280962,88.7828026724997
93.85246596825806,93.68337158560773
96.21421138654603,95.83525842762705
90.47087382639612,89.96641545400506
92.51065875812718,92.3196785297695
87.71053981386645,87.00534710467765
100.04269774878976,99.57574996125275
95.92831992985633,95.64127977087227
107.6572703803842,107.26968399636733
91.09355474031219,89.4206549279175
109.43558584080769,109.13100637443279
101.3652511725532,101.18064276209866
87.94139019182049,87.17453045098178
102.69289130554917,102.56245924179031
101.14824553832355,100.93294550217229
93.33006886612657,92.87399218140516
99.81242120338472,99.22815139552331
97.77885857227025,97.1789916925368
94.62522847634739,94.50669669763425
106.82881576028075,106.46160786252821
99.05163781919387,98.82718214103217
89.02996374870767,88.64631198841403
103.01182780057361,102.87464597618383
87.29703984848065,86.47539785726471
109.19280111478508,108.70060625159596
79.7074911466453,78.96255235173045
102.71786830600242,102.12323838419258
94.37771086992929,93.9680930903637
93.69084253490591,93.31119038947752
91.18946185852408,90.18409259894202
105.28851963040013,105.16174155935714
99.95108384949468,99.72240891663175
105.08059449980345,104.95945606218646
112.64140301568186,112.26205653598285
82.72089013833265,82.0418970889877
90.9083304538747,90.81895442315808
98.8207784100316,98.73634966598085
93.05061064170941,92.94464275727465
85.44828205207268,84.9899911286392
95.31804537950762,95.08981958015973
95.32912279358511,95.04160463598197
96.6669424702058,96.3296976531568
101.2545087967588,101.05873207689655
88.77251717251187,88.34310886104849
109.79319309679884,109.27568470948728
82.98814195568006,82.58884687123201
92.49990385159983,92.20343001924965
96.9772489445077,96.85974630737117
98.82205401364212,98.73263538017177
84.09082782797057,83.3715148423485
109.134175725987,109.01009127318771
98.55822724843118,98.43659851494554
98.4430229125334,98.22166195406031
87.67295743769878,87.34375833225972
109.13786378451145,108.90111328501503
85.55532469686459,84.29694700602737
97.85255341747501,97.48838497321793
95.48253031030858,95.31461692793931
102.28933757097842,101.84138019770903
102.4816108153218,102.41720764473241
100.29652945503376,100.1470951430717
95.74960983674599,95.6538240541642
85.3022965351861,84.93657717763442
97.80525435852802,97.6876316298028
89.43454079302144,89.31229904386231
92.12631552829727,90.69117088281317
89.28797069418052,88.91490150938105
104.29376769495222,104.0693412347091
106.39138966482679,106.02951661009605
103.07009147643755,102.99368367670148
86.60452919454248,86.42165794032151
93.28814586999513,93.14693856651566
91.91869033243874,91.29334500940138
101.1142393656283,100.96938056994132
96.8818536963649,96.57671258981877
75.05031422756367,74.1833334269289
87.36298357994194,86.383896423232
91.22860007039134,90.55526631254003
102.9315839582816,102.56303918893744
94.39533849464141,94.22405975060018
124.67235781645992,122.79456059291566
97.85667475846185,97.59812248017587
103.34502096733162,102.96729933930484
98.07489190759385,97.95214552848657
119.9419556299386,118.47075878218952
82.91178121194714,81.92897529917157
97.81454387159116,97.50412038632865
101.8811423653158,101.55140950703172
92.69178437022215,92.26872584168713
93.68858320156251,93.49890846892391
98.16518743755809,97.94337130154312
107.67864674796478,107.25503966460349
96.7098421374848,96.57976672940164
86.04614546114337,85.33426408238135
94.48976827178286,94.37133438808307
98.98387790312849,98.74474516728252
98.89540350714779,98.61603048097035
96.40888341430555,96.13386062409528
103.31546166779385,102.88590994077717
107.97200953834475,107.6997511798305
92.41327557392026,92.05898938360538
94.88063198164464,94.64760340102673
92.88637443072936,92.21289393928122
91.34622052919919,90.88831523371248
85.03131048620875,83.72079143023966
114.52124035330755,112.12911415226347
90.47372785395834,90.17734380529618
107.24974928837987,107.05985661788065
90.02232445469312,89.4940770328981
94.65957568566833,94.15943904253818
117.08772902001402,115.93276753752562
97.64737332186819,97.07291904832594
104.4077380444359,104.02554530274443
86.8070305429405,86.33289641645958
106.26128248410073,105.59239539211326
98.72020697401895,98.48384993530767
99.50222727523447,99.30031186729371
80.09823335763282,78.22560995549736
103.1969088743053,102.65671686413448
99.36612161712975,98.77725232062937
102.59661448529779,102.46769115257564
85.25301477446551,84.75772870405638
121.30118781743906,119.56594542540878
98.56549514060015,98.47505655734041
84.14984680220289,83.81783022225815
111.72829387960796,110.55639136980906
105.15986363997536,104.99302842764286
89.72671324312998,87.77493549816278
103.29876288278747,103.19126821337876
87.20448360911952,86.47485765866757
95.65182347951664,95.0350884357265
86.1900609634355,85.77807809977134
105.99317948906243,105.46511255575308
95.07912439816269,94.6002102983865
106.68277922639292,106.39372726981574
91.82202928792316,90.98152270538014
92.59595882828593,92.43232584032951
102.59687878212571,102.32324845205375
89.4826961177118,89.28073267059942
86.19933662613455,85.65003082685487
112.93575211891923,112.1137772930464
99.90573799658047,99.71364210397155
98.00619520370121,97.72901437291128
98.88590499777551,98.58000844528698
83.80131128204161,82.50510267180795
102.75386868864751,102.52425348119986
88.33327318584956,87.26272984863398
99.23886931918625,98.70556983268614
115.3085609266733,114.35783735664268
98.71280436993985,98.44271529235652
102.98712619104272,102.80128538619729
97.47952326872182,97.36803478283115
102.62853891190701,102.45248408185086
93.10984960259698,92.95936919158714
96.0059859213467,95.85430170691052
121.61381374206314,120.8434922854478
96.40552197333703,95.95289256668354
95.88892874107498,95.71380845050994
93.66418264737949,93.60883953365206
88.00569288300369,87.58499112066725
85.46775954244684,84.89187290209183
91.93888200625692,91.54374523520238
104.74340372736812,104.46081509818676
96.2320446974709,95.99496756089698
109.27047220663474,109.18233779608187
97.34599609545293,97.26367919079121
94.52253977822659,94.38492900474137
93.02293989327717,92.81303347108843
92.88777062371003,92.28043108633535
95.30062383617212,94.25200242761893
86.47519445615666,85.08387818497673
96.5012202181968,96.38452819670798
97.01130879833292,96.62815748490912
104.65538043478502,104.35797175074572
77.14540912920165,75.28437295297266
91.18319864865818,90.79321464591305
92.86050974721294,92.65818938858065
99.18419124942783,99.09051898823164
100.60057735624389,100.3725013099332
92.92735695837472,92.30576830950736
104.70919956682447,104.5314445916679
80.79369618667802,79.4784405312333
98.91909298697055,98.6462491609292
93.29498472897141,92.99384929721484
106.45972910872334,106.37480837879625
102.67405670543266,102.58291102692635
91.80193374790704,91.51799661657407
104.0132433685824,103.6973783588737
106.79900297768955,106.65886080665429
105.87310616957075,105.54225674193545
106.08891805273942,105.94796670037796
117.71773097066509,116.25632346238301
114.23485434054601,113.96157968917467
84.07685117901752,83.1316533816101
80.6067105073898,80.02048219683597
105.34586352415978,104.6555951235312
106.12245890748504,106.01343112853846
99.3170090250743,99.14287934916759
99.07764648576716,98.78812692801377
88.01814290642831,87.52447774864532
92.5360511516809,91.94855744633169
111.37241207068429,111.16524385768886
84.11762220201166,83.46531411480579
103.80432983876712,103.58754811078806
106.1970162820535,105.50899545418233
89.45370416737148,86.99710811129415
120.87713619825557,119.32816434655902
95.68241834377632,94.82509291464719
99.46979511229239,98.43597295224252
106.82207373644854,106.64192950163482
92.5777568926936,92.40817827529655
93.48862646278016,93.24976532921342
91.53419559842037,91.316268935004
103.21164555763369,102.96543071362531
94.80440919702568,94.69429582108882
103.59615763624231,103.4511609450335
92.94027678186544,92.52560130082331
104.08114616973326,103.7881249461355
92.6389048064752,92.35205062675192
104.14304571361626,104.07490933644452
100.3308699112321,100.2079435101966
86.57995406992292,85.86109126455871
107.088218178624,106.63520292433718
91.28058935323575,90.759178601601
116.82117080806381,116.00635494303961
100.12420003310326,99.93434604385524
97.02182255153224,96.57118129475701
109.11459404373986,108.68072318876563
102.89901331435807,101.87223008195049
90.94145704320934,90.7218247473686
106.84006770291963,106.64289528636436
109.54914816608719,109.0093968452336
99.73719693467572,99.42316785090672
100.47747794905241,100.30156501977125
82.4645699773611,81.24742900805067
88.20503817971958,87.94545501692103
94.34347846283234,93.65407095907389
104.61328087666043,104.35661156126396
99.23095870312608,99.01211488031655
99.50463207055586,98.8550033078243
89.64405587588871,89.27584096147808
94.41677232529437,94.21955267903556
104.57524059039311,104.42406382799584
80.72263503685903,79.57293016438575
92.27717705539472,91.03076012779997
83.39788708080854,82.6889444537285
112.16619757456452,111.90461467582055
87.8022303452825,87.34318796859206
100.47405845103454,100.28608093309542
107.63222900770481,107.43873168796576
99.54667709988293,99.31381550452397
91.28497251852858,91.08019993145543
96.3433333863204,96.26769605903938
87.1589128485395,86.79788913997275
106.53243523699258,106.35282795011065
100.03077181688353,99.93736304508403
102.99408422277112,102.12452566428227
105.36251142217097,104.91429496087322
89.80889811634593,89.51881029227869
118.78578299181252,117.54738227183569
87.24521226140462,86.78394649517733
89.92971120484053,89.61204567112209
99.9356449445612,99.63413910698003
98.76898568530723,98.45370987849427
103.76626517325438,103.67303079123036
114.33664377583962,114.15466858724326
99.16886441903607,98.66151754959701
92.84423425251785,92.77990129047001
92.69607323571167,92.5374818245629
96.89534437434234,96.75507748427384
99.38997258439923,99.11543771821754
102.9858518646883,102.67193125895167
91.0924477037276,89.66039252641161
96.04949817097373,95.39861635689235
112.58297111990804,112.06478755200074
113.98791243249953,113.22886831227537
84.59841117068586,84.26300041910903
105.68245053289267,104.79784774469726
101.47913478576982,101.3307269434198
100.90536885461195,100.34483030586628
102.3775265329821,102.29239248022651
101.94436888209893,101.85103070151625
98.63035675940228,98.47307923038983
89.06726860119795,88.76027202480977
87.77806214350412,87.21366762617912
92.96814853360864,92.23173589837799
87.73737004958501,87.56752819666286
85.08764182040771,84.46088014899249
90.38681677975423,89.75484349807645
98.49442098615624,98.38110587854582
89.37503591120823,87.97986006330164
103.60472778212952,103.37768474649714
103.52382670427006,103.15026477398311
97.44608524604742,97.17411853953254
91.83321485143264,91.05035472424291
121.55000634374248,120.57393153334802
85.49544143318744,84.6137928925074
101.58878665619618,101.37209871524153
86.27097850840742,85.70834276408918
100.73266534347313,100.25117156771914
101.20635755777217,101.04858454436118
101.9263507467286,101.69765003924066
94.29930173871512,93.36885994628092
102.24757450677156,102.10554904535037
82.80603552734927,81.1681742056111
106.92297896041104,106.5364075616178
89.01163900013114,88.50789779450766
75.28708826649051,74.2238544336856
93.40625434423147,93.15149322902737
103.24676384167475,103.08078278478455
93.06966933513495,92.43033924863319
97.69487304694594,97.5145024994722
91.0686912912582,90.98233169544395
95.97521529037229,95.71216597506488
83.31544822845888,82.12988176327868
88.08462874288462,87.75673717580794
97.07186585896736,96.77400654928192
88.71852296015932,87.5573123387341
88.10181430740286,87.82924043574292
85.16678866136284,83.98927678972495
94.34573858801028,93.74529559851602
95.42169275012961,95.2882507452765
100.70739062508852,100.47544848854496
96.4000124526006,96.08931676056778
100.59218961272614,100.35270068656274
101.00158838107875,99.99134051610447
82.76416928079648,81.8068611798134
87.90279872950929,86.9106135986754
110.01245284725357,109.6508171924318
82.67602145031049,82.44430177236453
105.18014257723948,104.60829833887327
93.81610626537623,93.7164097724258
94.3100140523493,94.25486374651886
99.62721569903239,99.35780607038063
102.7124062701555,102.59495084923192
106.11003771865595,105.25558453625152
96.09693344982237,95.91993833543673
92.90476583079173,92.38926866539079
93.50855000169321,93.32150430128306
95.25216825723687,95.05290187349786
108.23481144337453,108.08958034242099
93.1025642022411,92.92165460230574
87.65448012028048,87.32444138815218
102.40083925055052,102.24520438743271
103.1196758303094,103.01152071525149
106.20090698870796,106.03742951640542
90.9820263053805,90.78129825600007
88.42198965490965,87.69615084384097
105.05846067600693,103.26360965087926
77.29630747320537,76.4562955983508
92.10765897557135,91.80940001584328
87.91440378440387,86.95937467675843
98.50963130425757,97.97394847113367
83.30733159402014,82.35410737036712
93.24117128332108,92.91026482081678
86.06419567039252,85.7747896414905
100.45192486145893,100.18381551117564
90.2264606837299,89.40347801142559
90.6467610167125,90.4394065040652
93.39649921620904,93.0337258036987
97.86833284027915,97.75938314802926
95.82068747038804,95.63002826919002
95.28208913463193,95.03998493306183
117.20387008595395,116.5737834897463
92.28071347508984,91.96097225484566
102.36629245894305,102.06254594656484
101.29560275593757,101.0577280111116
90.33483050682305,89.99369404384379
108.54816108978854,108.2389951736504
104.01643202766375,103.89090065766878
85.67889084624412,85.24080213656093
109.20887124784649,108.82940507580261
79.64223850914084,79.05640842698946
85.72131207512821,85.05783767080584
85.71957944493293,84.90174414658621
100.79960677395542,100.53381090210063
105.33616876631957,105.06786413136855
100.78075078570996,100.1221312542586
131.2887710236502,128.66528563918405
96.9100937874873,96.65865196396848
83.25296661927916,81.91591781557821
103.93304802753457,103.76245599674121
99.96178346300029,99.65181574964183
98.64191332875426,98.29525202322972
94.22125036920397,94.09550254281788
88.1310436812393,87.54081686568341
100.42723224546015,100.2111398139201
97.39135654609794,97.07557380541817
97.50260558014129,96.89961455769088
103.68477384176599,103.4361665783254
88.70690707300928,87.85090778075993
87.73703568613752,86.12887412412
100.1974628094588,99.87460918924268
83.79844342508221,82.47836167276944
88.0518937076876,87.87298934180284
94.85476444747209,94.6938717177066
83.70113980665208,83.3990153225126
89.94427492021558,89.63530555131759
103.05922951959316,102.8673344814368
98.00371261511877,97.76607462999965
98.99462424796712,98.87443078333641
92.94934787965656,92.79721849403211
98.48953141885991,97.59299267076148
95.76034154707368,95.37575536129725
83.615904104691,81.65165080695161
93.43231721327199,92.99640491136282
105.21197076425253,105.02060684405266
88.92127602628396,88.44995452419788
86.81788077764995,86.28042951301408
95.53538391139098,95.40318658920485
96.79399263769405,96.49109320116146
93.50995154178273,92.8924852841047
98.80634198178352,98.53014739424921
116.8633365571838,116.53936550150244
94.60959934159595,94.39533959959209
87.40081474592468,87.20736480695324
101.9910999275643,101.8558975918986
112.16276235577908,111.81967508798286
91.42529016294444,90.83118195438796
98.03851789088284,97.94466662444732
95.69596678163438,94.70471524764054
83.36756659227031,81.31906028786877
94.72812550461389,94.23035435664087
97.81653910714456,97.73501047114955
89.8861222047608,89.76276203499923
89.17049094816834,89.03501977981821
93.97722618104643,93.21476133838695
96.91528323420562,95.98209664603459
99.8551069348837,99.5992626899035
105.63292961935214,105.2877784154532
93.55201552958665,93.301550781123
102.22311244293225,101.72569078214802
97.55873419283397,97.05620194136075
81.70808018472438,78.90592329578777
89.11340112877336,88.23123854412083
109.33202020682225,109.11780801480096
106.57545324337778,106.47759331334527
115.03242212366195,113.94329383101581
91.91735139547622,91.4651655049086
103.22005379699847,103.04802965865566
85.60919565497547,83.9830362228139
108.90620378659136,108.24319247322724
85.46802668948658,85.22526248245198
118.47371132675681,117.6802427172419
83.02794322071195,82.83929816069
90.54907025776708,90.0545376518915
103.41883006212467,102.77062734997217
86.33315763458079,85.79732785423002
94.66827369278194,94.49091031207672
86.32007587343585,84.62884788658506
91.01133734886166,90.84614738103717
101.42250592971406,101.23614758650481
110.75291748697444,109.7486713213611
81.79014397285631,81.0554108179715
97.77376190313862,97.58787389528152
99.62174410115178,99.51965085848863
95.70041908981243,95.08733069438875
97.84921144887312,97.09042813541072
106.18568326174004,105.71832655469827
86.39703570838908,86.16757770677141
104.01145371137459,103.83090453663023
108.16107995142636,108.00750511772614
102.7061249082254,102.10447383223934
88.81983074128433,88.58307155672159
110.42206696768584,109.43348962398414
89.98872025985052,89.84796489009682
88.40898801066271,87.75914767552676
96.47747122695846,94.8015314419527
97.38711598082229,97.14227235180442
106.7470398467459,106.50281513888237
76.38125498191225,75.42762027793813
104.08752342820264,103.97499805590914
118.1644696318198,116.40970131420355
96.26044258092307,96.19949350418902
81.59812339210707,80.0094712205451
102.20000062460254,102.11714211596727
82.29874015404866,81.20940836382864
101.117753186296,101.04332253197289
93.87676111865858,92.82363701310948
96.5630378543639,96.06779305549229
103.57682637941305,103.0268575153601
97.70848702278714,97.30206882818611
94.57840028431823,94.4454187503626
94.9258766300713,94.80939476592792
92.7058039662483,92.31989149951325
102.3444036623378,102.17609210057859
98.79336608063981,98.52070920889022
86.0419484419535,85.84383548198561
100.78378990254978,100.60047408242792
89.89587145230507,89.06966021133213
88.32231453477242,88.13490707289775
99.18807619723046,98.9210270258031
86.35063770066309,85.11618493280331
94.48176955398465,93.70504193772183
94.75347295098723,94.33137333766723
104.01772827721011,103.74500991577575
77.08293027277108,76.15109789465882
95.72472988857234,95.52473342238953
91.75725483899183,91.42209064128835
99.64689329579831,99.55725125151042
83.72556708466178,82.83815801020806
94.25502755813439,94.16353893606984
100.484792354614,100.28928802018524
89.86409677213246,89.70866396258558
95.27059697587754,95.0457208264735
85.49945030779436,84.03750249792022
94.2628529690158,93.81278908480535
86.39799437739094,85.45407893011526
89.17513208845982,88.78861346158541
96.83815542661829,96.61049334640695
105.07236548199937,104.7677195203
83.0140051482187,82.64234989955573
102.74826048507128,102.45810792948782
111.70208793908625,111.46738629609058
92.3445092798608,91.96442450252282
102.95139515028939,102.74443688797028
72.25807590726215,70.64526687185679
90.92747619464932,90.24577667523766
98.77532825623918,97.2492210803998
99.99513507118223,99.90808314099311
101.46127273408872,101.31892632697435
77.48170870422362,75.41234232879367
87.82995088813024,87.36913805948168
95.52533836895385,95.26535408912365
91.4053697744187,91.25643719216004
83.59235533797937,82.05006829245774
91.68732505405178,91.12334939093984
97.40506571058876,97.1860061846332
87.90832459034787,87.01225663171192
95.62139742406477,94.84502453592015
95.0670193568874,94.97866906970386
101.3808199818705,101.2760904552396
97.29558834904499,96.84578664791316
90.09597665175383,89.7971254433571
102.63445803295058,102.22598114934284
114.82083012394168,114.34866389318971
113.8818093663635,113.46819951649564
89.85644546967825,89.43902051834769
97.15871244239517,96.97258675578465
115.73751389369708,115.22067234853053
109.0477779997349,108.87173030203702
106.56278306729911,106.16474292623438
108.65056766033587,108.37754044541391
91.01185647059633,90.1859539467262
90.1199474843895,89.20093677940102
97.31426329865273,96.37517510265361
101.96952978069156,101.76005648901888
83.44134884121999,82.28159736313108
83.44717219647764,82.85213884475819
111.56185619297977,110.91814937161863
88.49321270300392,88.25735623540027
113.65665009372724,112.42736882641736
95.52445951040882,94.45737096394612
86.39473143060596,85.85111716393101
87.44115556042529,87.03360914793903
109.50751374886998,109.30632198362295
83.09214440312044,82.75940212182739
100.72689623630255,100.64313901892267
110.24308636198501,109.9921801402403
107.09912017119431,106.51743497104249
96.98036998746609,96.61494722998007
103.48059075331122,103.38862690336111
94.47973767703508,94.29066221362953
98.92892588439071,98.755221916541
98.80201482638327,98.57787616112859
90.28057151303365,89.66058769102101
89.11921698799183,88.66059094920237
92.96903519879326,92.5978624803213
109.64473252052117,109.13904560866801
100.13190562294605,99.84665046824952
86.43154695715594,86.06626049049471
95.98354836212789,95.46683901917238
98.15443055429867,98.00732368954654
86.26220084215089,86.02013599631941
89.13148661141322,88.33401480869115
83.87069857820106,83.18001660320331
102.11932493670221,101.31391646991607
90.60377084291271,89.56172395179881
77.65910427942502,76.92481918085286
81.79402514821973,81.29389338202992
99.14929040895818,98.65101706826141
103.89847262092405,103.79741274539086
95.25775700227368,94.71148762878533
116.27966512853234,115.80903056430543
96.18327280072825,96.10363428045524
86.63242464285369,86.0340671088557
101.86685320411024,101.78055945910553
75.57848497362232,73.75496267369411
96.25048326535646,95.72826052901233
78.07401206108243,76.8129312186297
112.90593837647468,112.68566431207933
101.35109102972267,101.2141839583921
77.37711724601576,75.54609646052081
95.69815273845617,95.30921596028885
80.06740905105433,79.13157771055334
102.63615623175488,102.18929151652398
102.41847986892323,102.17774069167052
98.55505617390104,98.44059714854446
77.32490063493155,76.46483032772099
80.06961102316582,79.62300903886937
88.420466051901,88.21533527000132
102.48351674814089,102.22267354319115
89.93740813261263,89.78388307065273
106.23238733241222,105.8685461924199
94.33068383822626,93.9013984909313
101.62085539530102,101.3217404346753
101.1964354064691,101.02960002251736
83.30845869882353,82.50681071537625
86.05697020165132,85.8447552144484
98.24981514852574,98.00142513507608
80.53618060304392,79.73166332623703
89.84372339856478,89.75409424766494
83.2000913190287,82.57180635107387
111.31840194150045,110.18318858356743
92.8924351271625,92.3950438339868
89.6464261231665,89.08897437458033
109.26684274338912,108.52100964585738
103.47557949589977,103.38303226925498
85.37885772120275,84.68446345617706
98.25568092440216,98.00440155320624
98.86200575271894,98.47487049453818
85.41599517223767,84.51106939263923
95.88237216357395,95.68183635227047
94.7630690044709,94.63347894882307
90.80526017012568,90.06614499968705
85.2227876690516,84.21263280008391
104.53201724446289,104.29918356887208
102.0963469182082,101.92874554310359
102.10976007860478,101.76199816138151
107.88629388323129,107.68930956453427
97.66591138376889,97.55604680429802
99.35616498122339,98.91646184834968
129.41075743816722,128.3629227641321
86.34518039988548,85.46901903678945
93.23691601508546,92.79644453600042
83.53547077494704,82.77439175204918
101.57862202287724,100.95730637928973
93.58441125549817,93.21282070225949
84.31374359763613,82.4167782631556
103.62306077880281,103.42041122688852
82.16133526008034,81.0255603872437
97.92443318687587,97.69340312042326
99.32591000728763,99.07028502715332
86.95512806570598,86.4559958082476
91.5207332219098,91.41747553471855
89.65705398358783,89.43777815122107
114.59743770380757,114.04546942493347
85.51003568109458,84.96636850320084
94.62804438749454,94.36176773898531
90.1266940218899,89.85348763713702
87.63083278780556,87.35499706518004
95.34801404186017,95.09512983792453
112.34703001345778,111.69405204695894
78.33693567275874,76.35201075804609
98.69857669859252,98.59635288709218
85.65794903639737,84.89396524820361
94.98012544927964,94.69927654279616
91.09963864367889,90.93165848161308
91.9460274643825,91.58103161405273
90.51614972894578,90.1370536795312
105.9035836446566,105.80527713231913
101.75200234324261,101.61674922540719
98.65415605768004,98.51000611656987
83.5999488928947,82.82118919642593
85.4158354314582,83.7185265070246
83.75037972431029,81.83475061014796
96.57727273368678,96.36268707373814
102.58678716221227,102.3453487933777
84.75672592296416,83.95106898113289
90.86954114810327,90.42961356535291
112.40172175285834,111.63274162897854
99.28927924978494,99.17103757834036
92.61960665243512,92.45186061283422
80.05434270252543,79.5880810085274
106.19870431869445,105.91982178545865
105.49017433504558,105.07980365757616
89.06159717278634,87.27182496191473
99.79251730143817,99.65442211505489
92.27275285007254,91.62914684249589
103.22819821215006,103.08461434617425
97.65727698172527,97.28712037884067
110.88386066379891,110.10551424912096
82.0074361486147,81.35348261924624
91.18246320895268,90.24006266723168
106.263184836498,106.17922649976606
94.01800891541048,93.54875033814304
100.53662730694525,100.40137996971214
100.52512651558158,100.26125817417993
89.22001566832498,88.69929704012239
89.39001095754995,88.10153842734347
98.14185174631606,97.99636574097374
98.31825671893932,98.19219824295647
100.87767028196485,100.53895431583902
92.12952609848901,91.59524134127776
93.94728944343288,93.75276222270976
92.35858335175062,92.02041156453636
87.98213519003725,87.09788096851031
93.37145936085355,93.30373014655541
90.66078231760198,89.9647028547429
88.07031065413757,87.27373215971905
101.22059156691624,101.05367179332545
93.95798870370763,93.5740039353032
108.98508460392318,108.53263804174748
98.90013166048311,98.75615986079568
117.48995859149156,116.55599477700595
91.80455888387978,91.3162313591368
95.31288591094675,94.2760380364648
78.2791440307339,75.88316037909368
84.27627286554286,83.79983215032802
102.43986184053182,102.14988277936807
90.59964143373179,90.41969346582043
104.79830964145827,104.63621795782053
95.59653540820736,95.44489722580039
88.96847801363083,88.7275708838959
83.93596149545915,83.1485722623651
94.56353479250623,94.33437644223191
92.28036292654252,92.17079614646507
102.16227880854441,101.99544610080599
98.45359916605462,98.18363679799533
85.49500881762448,85.07435843045407
97.21953758746271,97.17387733763593
101.39845137265655,101.2593390507808
98.44303348100664,98.11323138567171
89.6810277784898,89.27380639132842
96.01936382432321,95.91644439479549
95.39601693086765,94.54154073816025
99.85490844608167,99.56230386431574
88.24568088209625,87.79420692782175
88.97490608874797,88.4054501672581
100.02718629277338,99.50052944015417
89.67625333586773,89.22083772446598
115.97443113926889,115.4871923083653
85.99535883468245,85.56343338573856
104.19710007877828,103.59410277778986
91.04498833872127,90.79099020042563
83.71477561164545,83.38425468650681
83.85061178288755,83.51374828647646
90.18661682047669,89.79502679697211
87.89257617289385,87.38315003128744
80.23035845911872,79.78710263404176
91.58122462087624,91.15504760928386
105.63973104172861,105.3751246516962
110.81019869681418,110.6795552910843
84.41877166178176,84.23356569748269
94.26418252915595,93.90625288412176
99.2345476343406,99.00217938313229
94.4450954589234,94.29356745771636
82.18124228700886,81.53126336331067
78.08897787778912,77.49104784881082
93.78736227940304,93.60696106571473
90.06502010492355,89.84378447523217
92.03843101276628,91.80802440956212
104.96772178566917,104.73636171074872
98.48024445669125,97.865010769594
85.9767649179343,85.67304038539109
92.65084587416308,92.12099657549525
97.25071125668619,96.57115140388225
107.74995444923363,107.08763427473836
89.12333459899003,88.48611966706133
95.2135206286751,95.00207640487936
106.31165546801294,105.88361780110995
103.4406503615544,103.34551476978295
114.09194949406792,113.16366945537395
109.01466121344373,108.84481611165798
76.49397768640219,75.20296868701301
101.97927142156665,101.82947453155482
97.8066423877143,97.68315854058093
95.32827990282618,94.89535449269476
87.88802871774229,86.2944040883351
89.39169322228942,88.7363332184483
89.81712953617381,88.96365330489822
91.97435111843672,91.2625256388481
94.96494425069056,94.60537824116159
90.1111073018356,89.60066363518742
105.24297346485622,104.89781710429608
85.25245802647592,85.06066595894666
90.65541564329544,90.31186055015674
106.87654533398114,106.43596167942808
93.02637055024594,92.834424211394
104.53601007430265,104.37768566696387
107.65397876903639,107.43599165845748
84.90529914555879,84.32676307535291
93.4065000008744,93.07942283174057
81.9142039232377,80.66061172033275
87.67237116120563,87.52698449348098
89.07248081329813,88.88376146980174
117.46447327284004,116.86144033083941
84.54868893652761,82.25604390573476
100.48554504523767,100.34723075027351
89.13147693165722,88.80404869943979
102.84954016856479,102.46490974110573
107.83512983991304,107.6090576056244
86.6398981737297,86.4457940787144
92.8404254272574,92.34513001612709
95.27795706185469,95.07398436808985
96.2333869969317,96.04799630716414
100.4892862792463,99.96402341586655
99.48661572409571,99.25346859848882
97.07211388029062,96.86322357648633
89.76018262961935,89.60150509672292
117.15858031968077,116.85943858554323
92.70402036179671,92.43047833711447
87.48451746498586,86.12999334069914
106.52271100430534,106.10831788343668
91.94520101954447,91.42756163923795
105.76768808137832,105.50840996691979
98.29437876964766,98.18059347633033
78.63724736411461,78.02757949556411
104.81176264686766,104.55969217814938
101.97338493108067,101.5547598969489
103.58353937340722,103.34856912343004
94.59618971390537,94.20841505419864
82.31194027097854,81.66905698718692
100.09988248431664,99.87475996538501
94.62819327453153,94.40114946158012
93.37545707589125,93.11949749044011
95.51554372392029,95.2322298645634
97.28866445620437,97.20690451904129
100.64441282853241,100.5155496883384
112.29607659767363,111.59620153658695
104.98618830349007,104.61365078309476
107.46803669627533,107.30548012540821
95.36342019481462,95.14836206372425
106.5636865542821,106.37154529234321
99.49587857728451,99.25717537577918
91.4896689384079,90.97184180417315
105.01915319068505,104.61863009353745
93.78943738425592,93.67351005861701
92.19794710671859,92.02542242298587
83.06819898535541,82.50888702937546
96.65393501789042,96.55090110641912
91.33667129835162,91.19258971373299
99.05632545449754,98.81400110759324
93.45462184178335,92.45977083186753
101.12528461135521,101.037370097515
92.54907477484889,92.25293455967461
95.24392906747478,94.97846168675993
93.58981514383348,92.84301636733682
92.72429036215338,92.51012251518921
88.73673839284734,88.30087948434758
85.12301219626963,84.38452608907068
85.73901928163397,85.49612064004093
104.78987370260243,104.6657742095637
106.98512742969665,106.62041049190208
83.94740300805141,82.27175508321572
100.99343263213615,100.87400500237118
86.12608668981257,85.53866914721681
99.03439154138496,98.78012738851282
103.04379840395731,102.69238349310352
79.7110834640496,78.69738396044923
124.82444398354458,123.53800098348152
100.03099507664977,99.71844669827342
87.08245702183505,86.1765843097273
92.56547878535392,92.41839366102509
84.80356142503905,83.32894068089766
96.62554430898774,96.55665258974308
88.35052811156024,87.43985626492253
90.31615451409556,89.90629697860372
95.06106424616661,94.73307442260328
85.26723483811342,84.68516426799681
99.88371756914897,99.66493097314667
86.56979695243258,86.18289781022747
109.91758560763532,109.43951404335327
93.20942340191877,92.51933992947035
95.5755831664608,95.3874692846911
83.07218864371686,82.79169519133518
109.91996637629136,109.79151228443175
79.79766099250516,78.00037801353635
96.09063955412665,95.77067524322547
96.20301279454654,96.08922971189497
97.92053711217112,97.71791710861307
111.37382242389157,111.28030404921087
104.92631038674953,104.60702075858858
95.77660635616672,95.4818575880489
108.2229908708326,107.84861254245438
105.32679101840819,105.01605666728085
84.50904819419246,84.11595698171872
109.20210694021932,108.76625484376864
115.79429597508074,114.44924900355373
108.64636835870249,108.36056738957936
107.83632175826693,107.53366397862914
104.35586014541246,104.21561710183491
100.70274360732446,100.44775332972806
95.82630234365472,95.14164435145055
98.37348737355401,98.21133633770326
108.18298836119426,107.83590640089841
83.52086867234078,82.80405695994243
108.00574335754516,107.47000028627495
94.98598801138384,94.81740028799878
102.40464063369565,102.07007967023995
98.967930947749,98.61581061456667
102.31860609944005,101.81359156565561
106.91049450507288,106.61888591241122
88.06342080020572,87.70247585246545
82.53068873502556,82.15606500933173
85.95322481986419,85.10551860690575
86.42541685014595,86.27304401718875
97.1414879052797,96.81253954063207
87.68644806592349,87.13567354279124
97.83888513024897,97.61808567351079
99.17495189357668,99.03874668147662
110.91215240433796,110.1087269288852
120.53657543663894,119.44035046225893
89.45159759786512,87.7641573465702
107.4977912264874,107.30449736351105
100.50480140485661,100.21035564716232
108.01916297459275,107.71423244048674
93.07733014309629,92.84688408181282
100.38460705418193,100.23148149308679
91.44231595515188,91.18006866960013
83.27780322041451,82.02781683518432
130.75326333445608,128.96206692389887
98.01427436816908,97.53847446789469
100.2494125089448,100.12204992198387
88.57774362525893,87.80044888620597
89.1961527276121,88.96681155631038
85.71821481993729,84.1011882997663
99.91813254432017,99.72796869576426
89.15750607648164,88.80926672467795
99.35677901687805,99.14108394082123
100.4676962005581,100.30115455177122
97.02173528409898,96.91655666951846
86.02934038806563,84.73603862643145
92.16490682410806,91.26432773841844
103.5514207064412,103.34591121399517
90.58093326818678,90.42699447619466
96.75059232272466,96.54230107210326
98.19528769090617,97.76531720662778
88.13391058630859,87.56607093713141
92.24996083192326,91.81520900814947
104.84666941006442,104.73085727714844
96.7207012711733,96.61758596328939
81.11141031055459,79.28706950824682
99.06489349308438,98.91732697374755
114.75946766302638,114.4596626848472
85.76666566746763,85.08050069678482
96.76404338604215,96.68358178139505
95.84887092002113,95.3877361016762
112.84035892371399,112.5704274054671
90.45253375465951,89.83084595480992
112.07799769364874,111.13023140775148
90.29168988605572,90.07310434390281
92.02757143750634,91.76898142399968
88.05591061624517,86.19342620023681
83.09191420729984,82.45369653679585
96.93374217338196,96.64138814985873
112.32728424642474,110.83834789664292
101.72384543387331,101.52032449640419
111.43343571142384,110.70873928700037
108.11006781677132,106.85059135761969
91.91204909691807,91.01183589815972
96.69234115041557,96.56929846683025
91.43225339372538,90.55237153023249
87.14735339113416,86.90995495113597
90.27096374935323,89.94793882382585
91.18507460262065,90.90517353808985
93.29296345687149,93.13117974183328
137.66443659036543,135.78698506872325
95.74495120892348,95.34707591026202
91.5152669016316,91.43954486215291
105.06019512797374,104.89848065948362
105.02629472195848,104.88235983685051
96.27423131353511,96.12115528311654
90.75307659583419,90.64569066453119
102.64135082114763,102.28247259895898
88.57445033862933,87.51173195317828
95.31587691791016,95.0594108807487
97.02467761406416,96.85326703640773
88.48511371927613,88.33947232499455
95.66927759331371,95.57723740917392
101.06826063481681,100.99676595965732
101.9303386535848,101.86197358389647
92.76599690414139,92.22424355436964
104.8468219329776,104.12258107180911
94.2597994661753,94.08705464855626
95.81990527049832,95.21737112708722
92.76839438289976,92.67074565292394
103.60158360733777,103.25143327011905
89.34616263532227,88.57816687496803
122.25114959866438,120.17340546089761
110.02801020221763,109.65855243357692
110.85749767937072,110.66439297148331
105.25773151029809,105.06101261575563
90.31861667565182,90.06075480401505
95.98677300269496,95.813561903921
110.86248396046948,110.53857999983714
114.45141004900213,114.06134863220711
108.64571468275902,108.39635207481714
110.21283568400972,109.86474092538046
99.37343009861257,99.19913128945122
96.55265245004617,96.33262722649843
100.8603030536941,100.68240062170177
92.55416858281727,92.3564456415185
96.51825980136586,95.73172039374974
86.10043312981408,85.62419041398282
82.61572660363038,82.01550452644834
98.29674186988532,98.13297149086097
86.36235241260984,85.62480254023937
90.51227027718059,89.62828793551355
109.27303901133291,108.77708846795606
83.32372553774933,81.42155345666393
90.70417835315233,90.59513085056426
87.46348043685411,86.7639963221463
90.39617606613695,89.66975386791404
102.12977627267134,101.71328194802774
91.67855669872166,91.47974134722621
92.293759285129,92.11387664462892
101.64567575643005,101.13074161662942
102.40626063448097,102.18334901978693
93.28910377826642,93.11309482757834
87.51606640458641,85.86451640882522
76.97430497223466,74.91315556602441
83.61998886454347,82.42262308931471
92.70658455419942,92.4387501255161
111.28731002265202,110.76036871892846
90.88887325219366,90.67174352141706
98.84428088724032,98.56052653387792
93.33614290947527,92.50047442852832
87.80122155190318,87.35164110711989
106.96210173831905,106.58920046302424
90.77597146976049,90.53519017618125
79.79370028890787,78.66145831677431
84.27261394872286,82.38314016815686
96.3272197986866,95.44741812058716
87.1508475670927,86.82799742100941
102.7815697612428,102.6296875579392
88.79893860566399,88.01287828559717
87.46955801965946,87.07700435942861
88.77728479784408,88.59087798429063
95.83365111589313,95.65816989730482
95.68862653768598,95.34876979922294
90.56733618646513,90.0682568161149
98.44140341727223,98.26666900071045
118.46221960722836,117.74212294716914
98.42789986363117,98.23940636046333
97.24974611315187,96.98097060812188
80.23972934412065,78.21779065817834
101.0851870346508,100.24288377763533
98.50656524011494,98.07794614981
103.17579573405607,102.60674998783554
90.60675474067038,90.44062271732624
103.28268816072259,102.86537832949601
94.72194307282581,94.52567577483164
103.80371452571998,103.63871283726728
85.28443816080828,84.94304430519742
90.19545089955362,89.99492823271984
97.57146465961772,97.45558654001094
100.11420320531104,99.59969320293361
90.214795472395,89.7816853338779
91.68570253950213,91.17372300509166
97.26862628481102,97.21004629337929
83.7548594444369,82.47705992625721
86.80307573474478,86.455644472181
98.57462399758835,98.28764440638474
109.48519879265976,109.12061311357722
104.28044931834992,103.83709320585099
91.9649011746866,91.39522966576736
93.63741471277196,92.51158375535653
91.71966014819263,91.15560009120858
102.57471878201036,101.21726952423249
89.52820559013891,89.21543160052958
108.82344019281176,107.98426243976135
79.82153884345101,78.94750287890155
97.61429594864069,97.33356116459473
82.6719911538194,82.0368499314746
105.98208138951141,105.33824888133556
104.31437306912235,103.35191332580568
95.83470299292027,95.19729236448262
91.40498428123196,91.03856015659166
108.60987960665139,108.4014661219864
103.1902336170324,102.97531899031198
88.95369091563506,88.76212158785827
89.47855416332622,88.9800262444487
87.4236891966766,87.26340315997645
97.4880853730303,97.34686804083223
107.59212112881124,107.42395953196431
95.7232873999591,95.30735692527536
96.54229710123732,96.18949406502196
104.11223152637294,103.45241202000386
96.56821649055992,96.3511041549539
94.8586403276828,94.69418528287795
85.46612061821945,85.25773236852763
91.1037729930814,90.35265267246241
99.24857504008955,99.04318848998281
84.56900103385733,83.89348851874252
109.57386290419345,109.15743089295505
102.74823540335747,102.64048038551883
106.07298715595374,105.90322474795278
95.59249703145547,95.14156763324479
92.87488099148892,92.51156245997109
100.85432781366075,100.80630390163263
88.2358410363013,87.70008382058944
101.48847908494972,101.30372422012135
101.95305743471843,101.00776768190244
85.71443645700934,84.88263780674228
108.72149669144436,108.0775004591767
110.49642195003871,109.96177163617237
84.770399511415,84.08028000727928
105.90277541271344,105.42564141592807
103.75283216644534,103.22479707948725
97.70711620537543,97.47956276726657
89.57049883279355,88.72680619724667
95.97729018650475,95.58632558615341
101.79033014927147,101.16386983296336
98.84991275961369,98.56442955730031
88.27411358934783,88.02856367175306
95.60918876115194,94.46758059276159
103.49783282431832,103.31555786813786
111.85386041946148,111.34921292736242
99.93106583460154,99.61584062985233
96.14790119572582,96.01363091436806
95.29967582210709,95.0489881455396
92.55093606256398,92.25332617430581
99.84714646603861,99.6923797031747
99.75661110169587,99.53756896546805
113.83791053902206,112.95656194406
104.07146868974482,103.96292030076539
91.80141908094662,91.52233019351222
102.99337635175456,102.86772998746265
85.63435543470732,85.18577010756293
78.80202951611324,78.30652201787652
97.18545498393438,97.05073357322713
87.74991025733614,86.95722695669416
98.8021250469736,98.61114955487345
83.98228881423528,82.72994433429368
100.27535683607577,99.98380429301125
105.50472287060047,105.09596408468154
90.05716363976796,88.73545020988671
83.7574864394983,82.87313515476829
101.72090306336858,101.53908525087934
96.01564686288616,95.77526691192304
122.31295936890609,120.27247611448027
104.64784022839778,104.40695268481929
91.87302070732395,91.62100649049458
90.26198726362574,89.7367298456943
101.49501919918447,101.17059263412023
99.93193370262503,99.33793584479002
91.65247038851288,91.11176781653548
101.77645327826265,101.67791244844746
101.7169108564778,101.47495570468666
105.10807923867222,104.25304097255933
98.27770212781874,98.03156141421438
130.44028088750713,129.66410926631008
92.01151645634187,91.7337513878577
97.82632299575444,97.74436852514827
105.19860286311626,104.93680368104252
91.67040695132978,91.54165761020046
89.02720814225852,88.20576211198366
89.2275497172489,88.71127421675858
99.14965875751716,98.80225595384891
96.92679458480012,96.72969928655874
93.79397905826774,93.40573116844953
83.8732777838089,82.31310726931216
111.9026643039345,111.14449005562814
112.44472381945312,112.25215639244536
108.98534655726756,108.56278183018772
109.15778709527878,109.06525921243349
95.31629556806257,95.23956765510997
107.06921699308185,106.79338500516633
109.47584164827657,109.28919281176029
90.39763422940105,89.54347212432738
118.77973470355481,116.62670061565049
114.26701098199794,114.0041616324308
93.84402186160143,93.48372186574468
99.42586063999889,99.33578934428601
102.62014154372746,102.44745751675315
77.5249943648355,75.9817585220688
103.72476578277792,103.6130799864642
100.27188764716708,99.97451072342426
77.19978318953524,76.66178834657521
109.20024002925307,109.12162358290786
91.11989369772523,89.97934630496734
97.39752536434368,97.19400155558992
115.0612577405346,114.2483760701843
96.39993545383005,95.93081265305823
118.94239698911633,118.35855030597388
106.44672879345944,105.54829497108202
103.72606657315521,103.6290023273511
81.27433487615016,80.78167861469872
83.2027779273987,82.6072568699201
98.255989072637,98.14090062529793
117.54991362586459,116.5959110186118
90.78679171220676,90.6352328339606
107.3389501769542,106.91605389048935
90.63004495090873,89.43355362573048
80.80293907273554,79.90622696489689
102.16753584379858,102.02343593995839
101.43566212562817,101.12411605979987
84.44347329232295,83.0712228567841
104.15255221784048,103.91238178673218
79.22832095780086,78.59257739591413
102.16666393748228,101.7413483558413
88.8391043221865,88.42045810140388
97.75507275040822,97.65939039264295
98.5228395648774,98.44359992854736
85.99626097888984,85.65050028273215
112.11118309008323,111.83934545822864
114.28103126466253,113.75214315917012
121.73692222579606,121.19973632736881
102.47182195094749,102.27214567740882
91.22462036469219,90.83922564772675
94.50152888241446,94.29902401534488
97.1300389118664,96.23711227465286
83.39239558932333,82.1437292589596
109.05484535295855,108.73106456905202
94.77047907173409,94.48617807144133
100.73910806522451,100.46131473392218
120.50818340845503,119.78871933452643
96.67236959459854,96.53331661480445
93.739509402767,93.5913739023089
97.48554650921884,97.32358628376235
110.79450024801203,110.63478613078004
92.79527588675597,91.40789173195958
113.80058146421368,113.08457744574845
97.45249378707011,97.20691561900234
103.25979096507653,102.99842400576172
81.13113651671637,80.38313212542396
79.40534887130558,78.44247466962865
113.62149141717754,113.3394890430251
80.13358800820481,78.9072202420023
96.0480776648032,95.72527776050947
112.93380570050387,112.45716553581987
82.70798803651984,81.27840154651197
100.23914641841385,99.73726693489868
96.38361067055568,95.3731314941977
96.63186420271202,96.48439236088912
92.61175155017222,92.44084232922246
92.46898082450699,91.76251768104723
119.37157148368833,117.93528028665642
91.57280721791928,91.30645281727223
97.03698905746742,96.79829008483024
96.03090114306646,95.5998884572804
92.31133800332164,91.76164346442809
101.43840377655604,101.19642193486392
91.62374422383058,91.04223828482596
93.72780327435413,93.10996249051196
91.86848639514706,91.6092735868787
83.68036311565949,82.59944643856448
114.60807654872352,114.18014528649353
94.2853092942422,93.9649917253556
94.79122291119887,94.5651263131118
100.29618795865188,100.08743461018305
96.97447190592679,96.55939739601769
106.31625899713947,106.16785054156907
101.23233676836344,100.86918450273268
94.78032057883158,94.59819186493318
106.84954359144812,106.45956351619134
95.67567030632289,95.24350481926409
97.51842541186112,97.07422884894821
103.26033627763914,103.00449081502936
103.63863183392282,102.87816509731582
104.64912507505986,104.08762390823087
92.53711661142442,92.39650551612641
85.53165374285753,84.80139346606556
95.08573309345708,94.86205898326155
107.12304561387491,107.02505878582222
97.57054375824642,97.4386620648359
88.2397342574928,87.5765122680062
102.7517510625575,102.44977329464761
88.62058291275207,88.27378549828224
92.31747164235736,92.10632570896139
82.40088037451295,81.43254133884835
99.77448014904643,99.49508329379839
102.30823880819595,101.38712051821396
93.72058902499022,93.47711381796867
77.712289065672,76.07660071468709
91.11861966659689,90.83787514574699
82.64024028332956,81.00213375830918
87.75801803050784,87.42080693339352
107.12645257164294,106.67598702468158
104.24416054685062,104.16000358433462
87.30250501348208,85.95350596010817
113.74581846630507,112.93900245272278
114.48708253787574,113.96744087901924
99.21378986015188,99.10801781075179
84.24875822396623,83.57675020086218
106.10763679630165,105.59031815909073
75.57158010357313,73.88258623128245
114.42048923719514,114.04649068182773
101.70329723987912,101.22928045227884
95.74373150049877,95.30927676391218
85.43648826451904,84.94197897725705
109.66760669620538,109.13272020162148
100.76676232372094,100.4478683308856
92.92136708389124,92.8102595710885
104.42235245532369,103.88170697808873
100.060678626921,99.98700642419747
89.64198115623424,87.95409795784231
115.86596908544475,114.86257571864203
95.30586549418996,95.01193326001624
93.12926761930458,92.96015420463476
101.77808253563592,100.8960113889865
110.45098322721256,110.28085305350983
106.85531432062591,106.2602617218836
96.99795816441213,96.92045864802188
94.6056551907442,94.37578325093378
98.65029634721651,97.91301856412248
100.59949464934255,100.43863329163408
93.67725665406782,93.17888195637232
86.80573749416027,85.90822193383546
89.43636664006792,89.044580239941
93.010177142599,92.73639954978677
104.29725910434644,103.90091888347419
99.63988923752882,99.34921362737039
97.971253216153,97.13896695998051
90.70338452382639,90.38325102287622
96.76932587950562,96.50284548758034
102.7898752668637,102.67464013844592
88.05368273930091,87.57425005388076
82.4102034106822,81.53044605503008
109.72937363278203,109.51568669915846
92.41011408794549,92.22614711873815
100.6878944603892,100.3997262626845
101.48805886693181,101.32494716790605
110.50997506874587,110.21966325224881
92.19116691503861,92.01007994849034
102.84441208939339,102.04499448083193
89.09050395881314,88.38749631798548
125.68022388495129,124.59822476426025
97.94262536206634,97.38550093909517
84.68270806399039,84.07975216942236
103.22641550835073,102.97550566569035
104.93839630516463,104.8631143516412
98.29241631153118,97.8821706411532
99.89557330313684,99.72301820955039
109.75831690993425,108.60349886480267
86.26746761216933,85.55528220306375
108.82881549027441,108.25647878639552
96.54750595950432,96.40612164965475
94.94426951249,94.55224425329753
93.73011994522243,93.55894730364685
94.54114214814989,94.4142647773716
113.04410781355922,112.31711705309357
83.0935187975229,82.3323368358939
86.5674398452756,85.60384462360854
82.79951715669267,81.94597412759477
97.77820806868729,97.55489625024754
93.72742789392215,93.28184111902213
115.11873539746986,114.90253600569768
98.1001221499043,98.0304083080773
109.7438588814997,108.86522207187177
93.86040704776056,93.52649812596
113.59663224838332,113.09902584660138
95.2617480904591,95.12840446578542
97.39848111539011,97.32260952615637
88.9834615126532,87.71944686981888
107.17879712330114,106.48927181488061
93.52394361912548,93.40348017555469
99.40569534946941,99.06064369515857
105.89010234349593,105.70310660906536
105.55031425902675,105.17454243639419
90.63528661064213,90.1467038837541
85.65012599012087,85.21854967203602
94.3335099978356,93.59415511611992
94.4226250849185,94.32717760252255
95.95718816284528,95.75749542396599
99.55193743863231,99.35736020499002
93.34796709524963,92.30455070865206
89.70385515198672,88.89629337824724
97.52076351276142,97.29404566849027
95.29628208067942,94.98826365981151
120.72689376091708,119.53302370927854
99.44125420223392,99.00587120614195
92.76049941408715,92.42550410379765
92.1362273759476,91.62742116705607
93.53716173423898,93.40425469187461
95.51042899309945,95.14517994092712
85.59062916677276,85.02796055639972
93.96051205984647,93.63020453817575
94.15154370740059,93.95667209945972
99.90739285195352,99.8150929639896
105.14518214632906,104.8515239960713
96.68354103930237,96.604494754883
102.58397168042328,102.4240825577748
94.54483295560358,94.38354092201882
86.44131242139933,85.95447323152767
93.70913605567168,93.39695642538591
85.69001544257911,84.41951743148628
91.30569201660649,91.07885014779563
97.8027884025795,97.71534248325545
98.28998467321935,97.29229476731905
87.38316718811879,86.25953761915929
89.9408978428746,89.59937005707903
100.34114464931308,100.12238655333249
88.82084139792603,88.58006418808945
88.98583309182669,88.45961060920764
85.78130805353288,85.06228852164823
77.17239545853549,75.32135139785753
91.63972912247333,90.97822494574874
101.82617422179915,101.75617513425557
92.18441854931551,92.00570576399744
116.9543568817304,115.86823306633255
91.2320641599822,91.0132853212175
100.07526480917066,99.78987288140168
85.99688269582508,85.23344417387891
91.8805356546685,91.63406946037173
89.20740266480199,88.4406364121166
99.87451692921954,99.51953202121284
82.62068469150569,81.9222682706004
102.64573420083549,101.6222119680421
117.15700611720716,115.15266072616114
101.98452208972631,101.7422972296557
98.99028049686473,98.88529396196948
90.13171747540824,89.02124522029578
93.95232483468995,93.51001137805652
97.70918053834926,97.55613318125293
107.6854678804182,107.47723581885452
105.10072354083199,105.02118824237492
105.03772747724788,104.82518072858687
93.83523105841022,93.38475657825593
115.15298932007791,114.41447226807571
84.63009017344501,83.06179070746029
102.9049285345,102.79706652391287
102.9811166059655,102.3848651878647
96.13098232316064,95.89770032126053
100.85037697258299,100.73006034058814
112.76307283710159,112.11251363566002
96.31414664451496,96.13454516120484
92.05074179682731,91.84832972464892
96.37094448168544,96.17615989860141
103.3287668882633,103.21365676386584
98.78326770799372,98.6120491388275
87.48932548052419,87.14155048013104
97.16785294835012,97.08582588410613
116.96727928657812,115.69899149014368
83.71484838192237,83.12577350193324
100.20161105899997,99.92503407593252
76.2252088991587,75.43285369975843
105.17879606619968,104.69926968562945
100.48161393215025,100.18616912544654
99.79543850994438,99.46517788032277
107.1400214624718,106.83662302840673
86.40103492956831,85.2099586120309
96.28339277265637,95.90300362320545
98.1030352051519,97.84729494727758
87.3528856317358,87.07381343228353
106.03290299257117,105.82575105387434
85.61297769060022,85.23568522401031
104.56581017129598,104.1684342576622
94.15163794144134,93.82556099663284
93.34010569311256,93.12646266279172
92.09556993515629,91.91002605203107
98.89134179004401,98.82329555096024
101.22148736694425,100.82665756992765
89.78135080074259,89.38225850997571
100.9772230835226,100.59828872923981
90.10009501163104,89.73306969045238
90.36271252978662,90.08427456428386
106.34501711091848,106.2042035558807
103.19002959171127,102.8125532785856
102.68195261422741,102.14464521759386
87.98051650894342,87.0138089527696
105.55499444620631,104.36132732263019
102.0436761166292,101.90709486358278
95.66014742758594,95.0953479010937
99.59998541807096,99.49778840730468
95.31562884423916,95.13292467242326
76.78971112224664,75.28349096969319
91.5245734529723,91.28153496290246
89.50783616571752,88.86509698332448
100.08161080484201,99.75018870585114
95.82684312937499,95.72220380129913
98.57601336207948,98.41615334078428
98.71151072123138,98.37312764654988
96.18005540859701,96.04757147109386
94.49959480968685,94.01501060453236
93.98039159463995,93.80974542436796
107.0255944165695,106.5435025109081
86.42073065274252,85.74279286455851
85.77698215360165,85.06319567817464
92.03979300049865,91.93736864562072
94.76043362146562,94.61969489394504
93.24375342780468,93.13201178789312
84.59190998215519,84.23693659859104
113.96791485987804,113.37251639881875
94.1057074893607,93.80825396557736
98.19909920407773,98.07209767092883
102.22314356553255,102.07422786342119
101.7071401688323,101.3439032227054
95.59366556930009,95.2601960897208
83.39525992255165,82.73957023498551
100.89298015879653,100.7192892196804
96.74254441925555,96.51009458009534
104.63771367951611,104.3589371878997
83.12850078095882,81.71311564700973
108.96122737224692,108.85369159377146
103.87363259906748,103.75924262416068
83.72784104472876,83.16111194321095
109.14797355901271,108.84337262057609
98.04788603858461,97.87540258261309
101.48862008727552,101.3912415974987
103.79649069251056,103.50695861904724
81.57531083208683,80.74230947992157
97.73268204331707,97.47766389148063
103.07225938704192,102.89247842482602
84.13091347149299,83.83443202935241
97.23444136158723,96.02050204027877
96.1567789715469,95.96727793501336
89.81178746663215,89.26530953251184
102.2832777570856,102.14676999226998
99.82989697730078,99.73685428871775
90.15525121981105,89.96469915206063
92.0142670965458,91.36023336018103
100.0658617724366,99.90532601546232
102.11827105429678,101.96420813135984
81.30701038899221,80.17911803249177
92.65284906037851,92.44045305296918
94.36481148345189,94.19087397449731
93.55558053719332,93.10153837830521
103.71673922296871,103.60982649517172
101.64895976142174,101.40650954609477
139.19057807334823,136.57286856386412
96.2377196430619,96.10959176926515
87.9944108678456,87.70285124784017
95.60348107536602,95.1531348632284
97.92706801079626,97.80642727775574
101.2927784162582,101.06633409973695
100.61863728550932,99.95817026073583
81.72660771081085,81.10197832489769
94.89128159529811,94.7128535028801
103.12455808801462,102.66045628963825
105.91013603506221,105.32792167089343
109.54608727787421,109.2597740768194
93.13936384026667,92.80460753324526
95.28901175665206,95.10896229447374
83.0540457960294,82.22477576651615
95.81631967545883,95.68018347653641
98.22460913079689,98.16526712565472
89.74173595550172,89.37655124649898
108.86035561477887,108.19870843021316
92.26188081369128,91.7943126550953
91.27139481530801,91.04148106701857
103.74074374354124,103.568423423247
97.81523706408329,97.26995035400162
79.71129851540238,79.01636246762281
90.61208577859327,90.4304250020887
106.41627218336258,106.24513019831504
103.66967356304544,103.04715299878376
101.20394522783624,100.36710416413716
102.28401675325915,102.13548782029861
98.36394346266061,98.17801480764047
116.61517033032875,115.37596915842899
100.07622880910283,99.90030972577692
86.550803897759,85.8251418233503
92.32488717378926,91.89782618956447
116.3976429375757,115.45294822314133
104.20719013478565,103.32334464945117
87.8553874829837,86.53368286254228
91.29568181058885,90.47651314837765
87.9088796407241,87.50859591376381
113.58384996826126,113.2312738857331
98.10345890670052,97.79677308401999
88.23553248075523,88.04249986191526
91.40819776934754,90.96780492915947
98.44171125381928,98.31942220943537
94.21717235013172,93.93399087652664
90.18198400212084,90.07065032044405
92.10490812610547,91.48723170718026
114.71359133050652,114.12838819173741
86.1901998948101,84.98149508246523
93.45304949157304,93.13188263704046
100.79184534349172,100.37319289909072
89.76855756631632,89.28872533443437
111.45044297022346,111.15663679778832
92.1190745061387,91.84444743697948
102.74212397717923,102.16003530914787
85.38959517446608,84.97283146411334
111.44722480598337,110.80262914392947
101.88675399823578,101.41196430327807
93.2473419111763,91.92998259018141
94.62558079097384,94.42645838281275
106.70167350080854,106.50870599315886
102.0799107419101,101.88963454548559
102.917315242374,102.59763510577811
90.82890979549535,90.57108323769812
101.36088062843048,101.22592150260022
90.53456621851802,90.41128652157299
110.83792168184897,110.4690273775402
96.61428384464729,96.51935772030852
89.68286060985882,89.50900987981932
103.66666019705067,103.24149192836734
97.620562781857,97.20771463434602
114.47198622297574,113.63118641949028
102.8205397173548,102.33106705665998
102.53908539100146,102.23702168215219
113.79435707261656,113.51822429751357
77.6392312143538,77.00178116345636
74.19202220879166,72.6687889798245
105.32604578746339,105.13920177619725
91.5732210929873,91.16218125953587
105.89924409635086,105.71946369662784
109.57635792038516,109.41654578798857
89.24146123947699,89.00911591885395
117.40940127574854,116.83338496006478
110.40927070100969,110.15466858943454
105.765849661297,105.58847260273231
105.94742343053684,105.77333763975469
111.91981904824505,111.1249965476018
93.78142117052015,93.51138672477387
92.61218809500392,92.28918962852062
103.34144924259071,103.16276714230828
107.1306786477142,106.97171210924004
87.01796228893946,86.8083414142826
97.62218933023537,97.25981779189283
110.23445990186788,109.7901602019597
90.7985734985296,89.75584785527805
97.8042366016478,97.71792063262077
101.33288647458954,101.107629773108
97.73628537952195,97.08446686975023
101.65463157267784,101.29531027420043
89.39433508245726,88.94713405551381
91.5223662325427,91.25276466032146
76.61169860717358,75.81830601224354
87.12459557705225,85.8729765547919
102.19069509915171,102.04908219766757
107.94255515672819,107.80110731214126
109.09973440987979,108.83035497279299
101.51424601886401,101.38283421027725
95.92944923384495,95.84456876467732
73.22008506310004,71.64898673427322
95.73884650503132,95.53879546118621
81.06047385430821,80.11807936616029
95.05703888391085,94.72628965420533
109.45862940664689,109.02355740226507
115.97770069976502,115.54390024109371
90.57269586191782,90.41375840213271
102.66042196817644,102.28570920889047
97.87332863078072,97.14704100726726
88.20731922056086,87.98010248729037
93.81298310084821,93.56850539252027
82.82171704342325,82.1262855945963
92.23823272233827,92.03778688319876
79.51302130411372,78.75030648728033
86.00653743818954,85.26026770635629
93.25954735189015,93.07944087150746
92.66371522873038,92.34060300521554
114.23362084703356,113.92927375658856
94.90825059989716,94.51990039551781
92.40535190680396,92.21542164320475
114.89673009156981,114.35147526330357
91.27640884246954,91.07709602302445
98.40588836737619,98.17399263364602
91.67915285411448,91.36951342652027
116.22352052897448,115.29256020576405
89.89228845739217,89.53384295543643
81.4503077970021,80.58460188156316
94.33285281153587,93.77507537194403
119.98791926355581,119.2812484033587
96.9963720508703,96.6640444308922
94.08920692996513,93.89115363172083
89.9541449841484,89.78364009134499
84.63675122011996,82.89359122325536
120.76992950849468,119.99069517129213
89.04047358785226,88.51023572632731
94.76532464712827,94.62773362034338
96.14726747808538,95.99236821406232
101.20610715829798,101.02994614759585
91.52751637667531,90.53465431969113
87.52290686755215,87.25419540172534
95.5396630238504,95.36234305912494
82.51929094552894,81.62977058179085
85.82998150264397,85.33586145060107
94.31083505304633,94.05058192047558
100.16765986847186,100.03965599264104
86.97159239765816,85.08838110474346
124.76917107393308,123.79164907385177
96.6430278339894,96.31471961311394
105.55091961782878,105.3558168124372
91.84834819890901,91.58447268025287
103.88839463556127,103.70654013398067
93.07953638269183,92.27478683834629
79.88028252722782,78.89853910588492
117.4434650857681,116.5546122557591
99.74292137006394,99.54852377118728
119.23324827808989,118.58622424598815
108.88647639765071,108.51159966163395
98.43368791900124,98.21677341722089
92.58033383097218,92.41947902555947
113.70007680532495,113.38597897068603
104.08132855084837,103.93396578695909
101.2544019096594,100.9089425155395
112.62082231091973,112.12507325657953
91.40509190182377,91.01643259952984
105.19218366991026,105.00594261497487
83.18069319444496,82.79915268918413
99.89679133952748,99.52160498124718
85.32790129802437,84.19623649818102
102.61774419008009,102.2342797267115
115.6338053699543,115.16213517721637
95.62936347793737,95.52149350587004
86.6407121787027,86.27651639099015
95.0660037520803,94.44986957803215
90.72496794372866,90.48543667124905
98.3605938299933,98.29152951286127
84.19344652944899,83.58040754946508
102.23385174418362,101.96977727703825
104.45876708965378,104.36368265486101
93.62868823216903,93.42743136578736
100.79596632977524,100.15877699189532
76.4848394386629,75.81050516798753
90.69371498594079,89.73639001053553
92.81437987913259,92.60899744206684
104.16944062551035,104.05881577096181
102.26421008994893,101.83973102123808
84.8352551788289,84.58568996872295
124.56149845034564,121.59065656874269
97.44693927443785,97.08293363902074
93.83779496758929,93.71897128028046
99.14312249585514,98.86768400372044
103.73518075603099,103.6351055247038
100.6249181223272,100.41865223468864
105.97140973476273,105.63435461090903
104.56423881289012,104.46202286905684
96.60870710956446,96.43535015001527
107.7870708421255,107.21346776981264
95.36231582686612,95.11710391971069
102.54600184945883,102.43423608117826
86.1908816926325,85.52939491417995
104.47547038251639,104.21962591302685
97.98343911750636,97.63067142384959
95.83409356735905,95.385347517626
101.56324698818939,101.2308034480981
96.9568938240248,96.73257303125781
86.86818750667335,86.55626569604522
81.30035709457349,80.16689189655436
102.84561363432829,102.52197706526565
94.31725037555304,94.05606732408425
95.28460711223792,95.09136331927466
88.39940577635274,88.00353591021569
97.51216137140479,97.4386511384051
103.69833978798951,103.4826922396146
102.14244349137681,101.3221165442435
88.99945674482909,88.75199306621123
89.57316528309391,88.7438052990973
103.08652934668224,102.85617610702013
100.10192992313945,99.88605417593377
105.63463848358701,105.48602423817312
93.79226709189568,93.2868157032711
87.16317806545534,86.76885653321887
101.90987783001549,101.73883698547567
83.25345033816282,82.69119868649865
108.44216349048963,108.23916171614054
86.12333323579541,85.64693776301239
108.57485510809593,106.68052347101484
100.96556384858944,100.50577260129617
90.20632034199389,89.23210783537863
91.5239144795828,90.92915765537725
94.83379460543074,94.56617615129433
111.63604624271032,111.5068023364016
122.2097108535795,121.32818784251327
100.36940003834326,100.2906667580745
96.69019105266896,96.11865245657204
97.13124131805061,96.99859496935993
88.27653860862124,87.83367708382522
114.10604169620547,113.2376907320839
114.88194220662609,114.24275265249578
80.27297155381807,79.29169327607846
91.99233570228009,91.79225395572283
100.02093138977474,99.95449165170115
99.65307213998508,99.41223460182673
93.30158165954883,93.02550743681921
103.52742156589323,102.5893669180661
89.42501283314397,88.66270991784113
96.5610618020051,96.26722229549092
97.56440047508015,97.2694982651437
83.75247606381953,82.77391397093517
80.65854548959629,78.51047674664113
99.43553466951063,99.30421126262104
93.3510726474979,93.18898578054524
110.92605574589321,110.48853966368426
86.66614713641351,85.46592351876347
103.82839078448609,103.72660183135878
95.106177712854,94.97574697742589
99.8511395403304,99.3015498839769
84.51141170410978,84.0300059623753
102.82667275768415,102.62503338197759
92.74815328428366,92.59973189281368
101.15882596744801,101.06592153938335
89.65292369478018,88.66335523132358
91.12092580314922,90.91295295023573
93.47672413107934,93.33581012297793
95.74367535467418,95.26324121242023
92.66060887818179,92.57130859315865
85.82627515093773,84.72351733565198
98.7731847473657,98.65448898023689
105.60292989619975,104.92958254328875
102.88935246332046,102.49258364049905
87.3435370792757,87.107619427298
107.7080522229875,107.29696719666795
92.43066171801995,92.26225491248793
87.45259801280683,87.11927761178181
104.23304591584647,103.9768130085552
91.55145935899715,90.95623024297528
86.85627526602858,86.67961651578159
101.51560313379372,101.43423977986872
88.70822393795089,88.4683208452995
85.60105106849888,85.0361565879814
81.88687194380735,81.26742219023639
94.59961275029343,94.18144636685417
84.2525774376909,83.5534882478631
102.43860978920006,102.14288821900358
86.11446454878151,85.80453159010789
96.00637691962285,95.70967966796843
92.45627101799657,92.3109113802145
91.79122637689252,91.45424834333429
91.54039568548842,90.44779686575453
118.37512513288888,117.52755301961288
95.20020323184937,95.05647066815264
89.1616617467856,88.96914621667308
87.9933872690953,87.08911992839208
103.81614577874966,102.86587290195533
112.02175334934007,111.73808747561934
95.82577725713293,95.66324197977501
102.37563023706417,101.8374121902493
84.19768452367633,83.719270048805
92.07071763721495,91.76291568705479
105.44951295770288,105.26780150167636
93.70348757138729,93.44616448550546
91.58197580250364,91.31879703968993
103.45760515244854,103.31248644386905
75.62115775455973,73.97916725901936
86.02097423839894,85.74409454860388
96.971421203022,96.62021186897296
79.28387456153204,77.93901047830794
92.36322541317455,92.07699577196792
102.29021944631211,102.10896971278655
84.60940353209557,83.60782199780523
93.55781743683127,93.31802767347375
89.93695834144083,89.14716510157412
107.62601456071228,106.95921846804275
94.12877051088773,93.9274639691784
88.86639779210826,88.50741764123812
99.61099229908997,99.34772333752868
94.81816335563533,93.96933812149686
105.25207632604368,105.0809409722396
86.66618077597683,85.52162431948413
113.88178616953174,113.38379404350324
109.11730832716623,108.90257177801635
92.69808116688714,92.56855782009151
106.19440060776789,105.89623167235787
96.93244361723069,96.76556090033998
96.82845664703882,96.72656937534143
86.0659844139885,84.7601529699508
101.98728872477079,101.55651683737399
100.46692350180508,100.02081390588232
96.9595588074396,96.78851528877213
113.51203062850321,113.09917706576368
87.19701769034559,86.5475894550848
91.0418245393597,90.48873455835727
96.85497573572184,96.05840976816076
88.08806261914367,87.52183329011008
99.37174697071312,99.08125259393555
99.75345631012787,99.0941889061963
85.12663698482673,84.21237342836538
91.37230362875778,90.95594777186496
91.22210031495906,90.99050301499518
95.92188038406246,95.50402272877236
90.0994334168675,89.69857283416857
95.20509351929586,95.07357807999146
93.13772498740826,91.99290552340253
95.90434422643825,95.67867918164204
88.71296370514017,87.33901734361402
86.64073634842984,85.76703452120576
104.05951882193875,103.96488771712018
98.80900812301842,98.64676274865829
114.03184638033903,113.59406391980498
87.685683953847,86.96237170145135
100.27976143121685,100.21278108029787
95.61429593291703,95.49483766832829
106.42796250335067,106.12519809247955
114.62914626967103,114.16016080829193
104.6178465981244,104.27708861324069
100.69673222991956,100.34416722243779
122.03618725367724,121.25505718894453
99.46756701611261,99.3784134635634
97.60332804809259,97.23177801186345
105.53425113855651,105.26371890125502
96.66868536650487,96.41553139458946
91.1107061740292,90.93968554072991
87.98847944064487,87.38811150296071
116.35830445738931,115.68194583155513
103.56784303318119,103.13413866226799
104.67044273714232,104.4680900586125
83.70977141404181,83.18303679904051
91.18588785572558,90.8365935903685
107.07825349286573,106.8019182240668
102.05672600956008,101.84939734175734
85.11579374297446,84.51321707573815
89.86115002152005,88.31034213316455
95.32920172784833,95.01925426658161
92.94002863984718,92.44116679725649
87.10208638986973,86.23131967379074
99.24618459719407,99.12294223082903
89.09182227469941,88.87258004237934
98.57332298297108,98.48933192695048
118.31134698182917,117.59553150743966
109.13517964441026,108.85192564716118
99.74572433843974,99.64381827783707
102.08550494433538,101.64636377257992
102.36419022331384,102.2048169685126
101.56890036005265,101.13462393398207
93.49479661652758,92.64859284781372
104.38204596482805,104.12381173071394
97.99653590189861,97.76094228170378
92.8911654474692,92.32459283538066
104.34138058512988,104.04264167936019
108.13950714648352,107.73817897220523
107.31801124942878,107.07759181646539
98.78496227786938,98.5583322957524
104.85459522198393,104.65261239022657
102.25367359998289,102.1299684037998
99.35420066929667,99.01507751288067
99.26420942745318,99.09992341611863
109.01216853313561,108.65850751239725
93.97577582755977,93.77579488366031
103.78165653250915,103.61834414627145
85.24499402917021,84.70300378165355
93.5281213950567,93.33991951195527
102.2096191733778,101.8419477922109
90.83329580972915,90.27963523177222
96.96176503365388,96.8550403008508
101.67317432598604,101.45575667051075
83.82686098125247,82.64716660491453
88.16498417188681,87.145118726093
88.5272275191174,88.23906235377332
114.29899353909065,114.16595060984095
109.82922846402823,109.66263641381686
92.80281191281,92.68676075793626
97.17175430539655,97.04263381748174
112.87318728874466,112.55178603314673
97.99473972321944,97.78094444512233
91.29295405847091,91.16759327183102
108.7911734081348,108.52496214398866
105.2305157678735,105.0702140564301
93.83721007538713,93.59442300232422
89.63352655290397,89.3521515625682
90.06451439521605,89.97338145279755
116.02752019285494,115.52735714154716
110.8194916602246,110.10842464561254
87.02646100907376,86.64386163703276
105.98124991069551,105.84924873473759
95.04991169574863,94.95264060625449
84.70855743489267,83.34975949961088
94.46573804303749,94.20464233910218
95.58378768269606,95.42097075859621
92.89316069536173,92.10185277519786
98.99463136229011,98.55024436683124
95.3203701782328,95.2222753072803
86.16267552012765,85.60101511924304
114.38276570905475,114.19025154045771
101.11897926820231,100.83770183588113
82.14970964192337,81.3103371735485
95.39686881951422,95.25350828312965
91.70764935014284,91.23586062758078
105.43255196630312,104.3919085593469
104.7523366405943,104.35529101274696
97.98885947164716,97.91795907772041
79.82942848089802,78.24950874018118
90.42590539195427,90.09701235282137
98.0140816548684,97.84217687477913
96.7289125475115,96.5114766980852
97.35604050471173,97.13875975066428
97.02145847462921,94.7007600351638
102.12889057064545,101.79806695989588
105.46191639744893,105.20264713747186
97.4798506828607,97.08395159142567
89.70750209460647,88.42747365942414
107.83947479145179,107.54213144394913
85.92278631657317,85.43859056434353
100.63461165006784,100.16473453673538
92.00334575501252,91.47175334085912
98.93672679637002,98.44492801104035
71.49010499136949,69.78770928735813
100.97596367072563,100.76741465945322
85.1538155058484,84.41723424219491
94.81668499120659,94.56240015404182
87.44599139911588,86.50902433929441
89.73592914558736,89.41205902212816
103.49757348217474,103.24323406064329
99.54824192216785,99.20018764713068
77.47895535896605,76.67510979100678
95.61204798487657,95.36739083051638
86.23643511807104,85.33556581021689
104.31329843500629,104.01592264822963
131.65579147453232,129.52440920630835
99.03470874305627,98.81344730289435
111.6549243595413,111.3201229553865
92.01668797330942,91.83022069637703
97.30299388166888,97.18625602096697
96.06353855996964,95.89922795711806
103.25774369989605,102.33106709055602
79.50115922483896,77.63987321890225
95.1472282060267,94.87202986535715
100.4858337727063,100.29397395670519
83.38933188492042,82.91815946977434
94.4033359882872,93.93798788889274
113.61829153931978,113.35082449931765
91.24293375617977,91.16158782715186
116.94231583761352,115.99004465894318
88.21820387653885,87.71015975225068
86.96130239039987,85.9442095191385
95.68877673245605,94.87156498510983
105.72833466262031,105.53454660051398
101.36054315657458,101.22955301020507
102.37934532926914,102.28719068358491
86.97096174943299,86.6921975021468
88.69330128159464,88.3125061609253
93.36303833025107,92.04476605854094
94.50654894766564,93.5830768054526
93.29298895693034,93.04505863897623
90.87705124481789,90.69214222697751
75.4910361742666,74.38402717671542
102.01505583296617,101.79234688598379
98.50125393733582,98.03088435536387
87.31429081247258,87.05510565943119
83.028551225541,82.6791943743976
89.26178419465214,89.07720371424354
98.48273592522108,98.29560238678592
114.0336664942527,112.7317083715502
93.82226702785931,92.87388385059234
109.3241929431947,109.14489699026439
88.070002927835,87.47974552992491
93.09556449427073,92.97810547691616
94.29311979719165,94.07161474787651
96.78016397431271,95.35981372982778
97.22804778398493,97.18148712630878
88.24438965242733,87.09843303156894
101.66793122880121,101.51481876950957
107.64626376730956,107.44942384014732
97.79976921822843,97.63817012078944
82.8550449768764,82.29423999269956
90.42737256125372,89.87437940659777
101.60975582488354,100.81210558099953
91.60818402143721,91.47798961313933
97.15438098853834,96.99902118115435
81.12166410174444,78.99899672866682
89.11526788603983,87.92548615267214
88.44464302647552,87.79316002175796
107.51434862868373,107.17144402877311
84.71621958876871,82.95892559312404
93.68732073164345,93.50020463374364
89.87838852256003,89.63965734621407
96.01573343128922,94.73505054140004
94.00635006562602,93.90509184573003
100.48460720061314,100.00403383994912
100.26884752239071,100.03105165050731
95.36205377839102,95.11113932002095
93.08855851296005,92.38011477673577
99.15197151585255,98.85097392488662
114.25270985260086,113.89256626325097
99.88601889637805,99.70329312853683
86.57995051795753,85.91759238945794
94.64175727792046,94.38712298287335
108.60219617958924,108.10756942073067
91.75203469611047,91.62784032957354
83.48282282976652,82.24945826382805
97.9567728579368,97.87426343495106
90.41722364500421,89.94750359729389
108.29394011086796,108.07020822248798
101.92719726694577,101.36596216277795
100.70887260699544,100.4356543107999
98.59233778014732,98.367373446149
92.18628349187347,91.82204516678998
96.41266945033078,96.35443779512039
83.97407887716696,83.5613140835274
93.70615471621448,93.27041923303712
98.34770016281192,98.28939987796727
114.46326383953834,113.68179243273357
101.95103307404926,101.7960493540061
97.80321934483585,97.27374919008835
101.61416729050552,101.4815292737863
97.1857587320241,96.99220881258316
107.87303718784091,107.53048956778717
82.54197373037253,81.77165684845227
103.73824536098147,103.29345214431711
112.72147723824402,112.04032965647183
100.9569141227515,100.82735287409288
79.04985989860945,78.26778453836634
90.66321411959858,90.57002450847985
100.79761695993697,100.50068650440741
107.70165108892351,107.62592565834666
99.30035391512419,98.12750542977794
116.7145654783616,114.69396954574196
90.33565285852401,89.45808281213831
95.2130665954044,95.06387710570637
92.76190711093794,92.55891332302538
80.2557950981917,79.00402975855764
81.96982531287945,78.79132907589789
103.12957162126209,102.91348972999013
97.99017533259284,97.7862989450117
93.48175331192279,92.81349396070468
85.41667179616549,85.14703959119646
91.4234220419068,91.15049307488958
98.7305562798868,98.49838890928065
87.90557001282663,87.64828501306162
92.79895623850693,92.22995383287848
81.58522793356865,79.89099776971862
92.73324107630334,92.15390807152725
88.66417052046582,88.36738941608718
83.41471316253124,82.25343142104207
102.16842207011574,102.01238126139938
82.68567862124357,82.39821560539608
93.71365707434316,93.1861776133402
94.17370542968796,93.96999802475466
102.565411889022,102.28572698014072
88.77150186628359,88.41066414290256
86.6440160386306,86.40969466500334
75.86355576243396,72.68359322990348
101.28436006253852,100.96161497291499
83.51168235547597,82.47792599137068
99.81793678075765,99.74885184669725
97.65580185299437,97.27946753101273
101.2983686933743,101.04055736728124
101.25559489334012,101.04868882471295
89.24617973204687,89.04054716991259
90.71657670195897,90.54036186847975
102.71384399336046,102.44115095170503
121.07375274560016,119.9261455546044
92.84642576979182,92.60535363101421
104.09673728202783,103.96528225446323
101.37819871322108,100.87841906787156
99.29732974684094,98.85136804238607
91.16883033292008,91.05774870780259
98.15908324186144,97.96480911987487
107.77988321043476,107.66494342515344
78.29438933221499,76.76286724066864
80.28703099428364,78.87430595527495
125.00893228169825,123.6868012870461
103.65660421377936,103.25019379296965
114.69446084417741,113.69858065376323
101.53788532432263,101.25542086111163
95.24335466575327,94.81099691136102
94.55320813201025,94.23158044213899
100.17195791763503,99.89621490751695
100.52496306536904,100.36182027307741
109.04009671623675,108.75980021159819
97.04630107804158,96.85659805122968
86.49288643290433,85.30472475013363
113.83901687945102,113.26207953878355
105.86811771887024,105.62777427407322
92.84419908794891,92.47124571485735
95.47332025361634,95.15742458464612
80.07081874456613,79.07740488723461
94.5401087546998,93.94283878312963
78.02129710427288,77.38632437014972
109.22011462028054,108.57143682018805
84.54611051097444,84.1069723822486
113.99882236678306,113.34944715688118
95.33670015247715,95.14864815675423
98.45002779831171,98.2553183538171
87.7786076019401,87.32826230062665
93.04474615425214,92.49000497618741
96.35090828340199,95.98242685514262
96.63597069924043,96.51520258945598
100.15832620145619,100.03024059697412
96.57258439651305,96.36554604502562
88.85453815147117,86.06159067243347
95.77183479292836,95.48295809635813
85.1845027937971,84.50045786393133
118.39934279199375,117.80921221222218
109.57908541512866,109.38436140895243
85.03921551821217,84.41928079809007
103.02728378744004,102.89112725380161
112.07862087995413,111.20956682041961
110.6995288466934,110.44978767572609
105.0518070853309,104.51385293621267
97.7974672367398,96.46110579372895
93.99727584796409,93.69294489072904
101.09570515735595,100.96160589874088
106.04177798458511,105.95076735208363
88.45032183054101,86.652910276847
98.46041267096176,98.06202385118756
98.91838631535394,97.50994606279848
100.23132500358466,99.88506049484303
102.4767055519902,101.9908925982738
118.11770874967314,117.53763562370972
89.71621159056308,89.3537217838343
94.30565021460228,94.10376186131171
90.34873186806746,89.98819926752996
94.57503568909719,94.47724026797036
103.4720819714657,102.867484146907
107.86308265926104,107.20018872298198
98.84161625664083,98.69908247397315
103.39653619320978,103.27337226830967
87.7980742520922,87.60458557650944
114.22860352250486,113.53208159754804
110.58842472426407,110.29090660018379
97.22912404268955,96.55661703341677
85.28815881189799,84.7203651862239
92.91353730708553,92.72678365750009
93.49566378864738,93.28891348925806
105.49013252888005,104.32125154193697
83.38039245657633,82.75383289813485
82.53182756384534,81.86586237209649
97.3863498405278,97.1748998206223
105.75533798464171,105.566963709293
92.06423702910396,92.00206841664091
105.41295930807934,104.84752896407207
90.90863045893104,90.65645879539778
92.65686211661051,92.13907493512029
92.03244951639134,91.85900259386102
90.84038534122003,90.51118320161635
90.84197843612922,90.38591600256288
103.65121507297832,103.50921364724542
111.23334995536199,111.02471663305502
94.03122542278614,93.47052440340791
99.69241649682735,99.33551416396652
91.95404716588719,91.81974779004739
92.31116506307572,91.68763599669099
94.85166373928884,94.70219526127909
100.1549548457066,99.47377939143274
99.43725230381429,99.2131722860147
79.19975163549243,78.42710536550287
100.76501236821161,100.46630492197387
95.13174435735989,93.35778044992718
99.04216451068658,98.89303478494915
100.56601553782907,100.33677739072085
110.08247669734249,109.47754691233972
103.64121945904675,102.89067682748943
113.96362553914581,113.67167559864495
99.76825466675446,99.05994028690363
91.64282623141732,91.47742020916458
93.43009730085706,92.94964052433674
108.84824658190374,108.13792267642474
97.17394867298066,97.01756424205468
90.83878366497025,89.92570477150402
97.9628796253841,97.83535024361521
106.15436297429156,105.16812748100739
87.63017225636251,86.69495221061275
98.37031731809752,98.2615246293053
104.55587133136936,104.21738508850365
102.79219227506866,102.4879664172374
96.90211675131974,96.74209186869166
84.90007376035848,84.40036712831727
91.79745228577696,91.5996767248292
96.51852734244254,96.33679880934058
94.94157201850214,94.81706563472625
95.66961671370237,95.53234888125436
103.11460734520655,103.02452256649283
93.95570599844476,93.6411928789177
90.24667798702956,89.35742133977804
112.34791142839856,111.60263597866188
97.11431592509982,97.06061789777803
94.12665941291557,93.96641355090293
110.68741790088144,110.19191793081556
95.5574619907413,95.48223904134564
98.16771932716621,98.09361503609685
88.6221500002938,88.38666116751837
101.87585340480234,101.74170396837879
79.72094952662674,78.41333020313053
100.0568120104052,99.8782364682694
98.924984635035,98.72407529481269
95.71560035251561,95.48972912207992
115.79395706814455,115.36958185335925
94.27825728733498,92.58527507304674
90.2653818690705,89.29335151422647
97.34544050577637,97.1166550292599
90.45277860900383,90.09237493530864
92.67076539728238,92.49103322134931
103.21633029636682,102.76499002975034
107.65690650864923,107.46444697411094
100.57897841371737,100.47080035264213
105.23437191701784,104.94943105427973
91.41109843541011,90.78840363809043
93.13069610205855,92.83201236197857
93.44014302381436,93.34473471983388
91.99412650436632,91.80688382221267
95.71567988458419,95.59496333799558
113.5449317431937,113.25931818888543
110.56300976125861,110.21812451674423
108.30093642877226,107.93245014497306
93.08258885827209,92.95324111474226
95.58715088718414,95.14229611895298
90.96227894236766,90.32607559263717
79.30387825017142,77.67758171293076
98.09204614639415,97.66198805812984
98.600115478567,98.50399802698983
98.41141641875753,98.2534002358319
85.6861040489537,85.30996229177288
99.93432350682684,99.67743548147425
92.81503090734394,92.39730101367853
103.05223368703948,102.84793253371936
90.69611552241602,90.35335196536917
106.73175991535585,106.57808297566952
99.75889858821893,99.64867950982119
97.96920284986416,97.77033065001105
100.73188028713047,100.00031117822518
98.06753082540128,97.79837298683218
92.33729260868502,92.15798493554448
108.58090696818668,107.7405269582548
82.96575138693578,82.32598160703402
84.28381485163275,83.58630846262955
94.58512475518373,94.21226262146382
99.32995949456974,99.10216272341148
100.21798951547427,100.15635455968444
87.85844631170629,86.69155221298445
104.27929730800162,104.0555702058568
94.49321417271352,93.87586054673629
101.26201923844238,101.09667801473746
85.23620615634717,84.03126667801206
91.1126719347513,90.70684647351685
116.2690583385658,115.23183295789406
89.06035986810635,88.95823032117394
104.47929267852771,104.27920180136162
98.02896530842153,97.9563294059202
97.44694644989212,97.05445679335088
112.33215054607236,112.04342068200964
112.36200322651673,112.09127618481848
88.70079682595897,88.58821259547277
107.51192031710451,107.13724427987388
110.67874884569768,109.77668914122076
95.8347719396982,95.71319894127701
108.1413459803756,107.89712910073553
99.77991901752416,99.58286155641291
104.93804130811763,104.7281761650987
93.30253311183942,92.51406599634075
74.79373633995412,73.6945596946181
109.91194025572902,109.7029614245408
113.30458765460835,112.44053198447811
108.61994405316584,108.22786799093754
111.20561470452505,110.71555642406572
104.72435037978501,104.28514744402506
85.02978561045697,84.42301938576091
105.47996998527313,105.32006876181576
108.4188281134948,108.26442665737652
104.54550952114603,104.1567461794347
109.08886115336492,108.8627617140288
89.94113692273748,89.68432264637387
101.65695100779,101.51395143867832
104.76724099884409,104.42016421052682
101.83725657746233,101.68942764515029
109.08761762103077,108.72886220993064
99.7482674643715,99.16488814858427
106.63867246565407,106.5587462203359
84.85245381400551,83.8107358410254
113.94948348409461,113.75631136773742
95.64012181373432,95.51738307913477
82.72860742522215,82.17217398028308
82.70787413750388,81.10209523055008
96.51983503893291,96.31483407532679
90.40134276139248,90.23417841463878
134.9093830612497,129.71871060990927
88.59570022956105,88.4217005961191
95.04080538085189,94.60862210122842
92.88543526497216,92.60607691015149
91.50633832791863,91.32588409426268
94.8003848641031,94.60828066430548
81.55354911501534,81.10997147798406
85.03723169452243,84.45893695214225
92.9899741542798,92.72576086607184
79.67226761988378,78.90468370248703
108.64590931878801,108.33121722636457
100.70424214772088,100.44897760966664
99.74150615149665,99.62805798717325
100.20005248507874,99.88804412407575
98.56972316986679,98.44284446105425
100.93308691388972,100.85716228247743
102.07548742712261,101.92868732592812
89.24139249378386,88.61254171905755
94.35504730788676,94.24818938772562
97.05634098227326,96.84406824280276
105.34063271117934,105.25921333082839
83.94055038883232,82.85190924449628
106.1335044785376,105.5762507869997
92.85860470242098,92.45510898542598
91.64491907314374,91.37018675588648
96.7499083749331,96.3493763203805
94.3565920045505,93.96010374354172
90.50762658014743,90.33684274679091
79.41709749827865,78.47930036456573
85.12900148810303,84.07104415101306
96.0548763629985,95.93903258660771
91.77409223558234,91.63565678844243
103.49293213149063,103.3812933855693
116.83863548947012,116.14650256117332
115.80129601461091,114.55707059157783
101.743244394755,101.62796771691319
107.6505477957332,107.3294010556259
98.40002649321403,98.21544604172027
106.90741650793176,106.22409728176994
94.65455771183339,94.5159817213338
92.30107500820382,92.08941328712416
104.95723765013325,104.58293621850639
93.6160706904441,93.38166525078674
106.5613599936482,106.46936800349994
93.41044857381681,92.15084722898695
81.89074028188111,81.21625430804833
92.15064914339924,90.79346440767912
91.88795655720112,91.32673073933252
91.79648522353365,90.95448594915955
93.58339781060957,93.5220421668963
105.18257033837168,104.96027524270882
112.46428585215642,111.79579922745678
100.78972569916779,100.70082361061631
84.2421107278347,83.46413205350068
90.29992558947974,89.73940010233314
108.58006929202735,108.3349024478284
107.39995704533372,107.30061963012626
102.07114448302025,101.85392400868065
96.89689492822137,96.72048216678171
96.13460593661564,95.9593164857399
98.3787839247966,97.9867435906076
96.24577419023608,95.70019632484404
80.98485949444937,80.21247126611559
97.32866396873028,97.26784001539745
92.54600036408277,92.4884830435946
101.81100369411035,101.67965004024977
95.60234342934332,95.38557051954399
96.2943584172224,96.17858952402732
89.94233341780044,88.8798977138958
76.56805103683497,74.87383138658281
91.50099830389148,91.26230833432525
92.45709056845568,92.0274489103172
104.94823399399779,104.85931163252168
111.15536378510458,110.3729067484408
99.97103752686039,99.86314185575766
95.56196838740509,95.24592583172537
95.19769764237428,94.93724668578407
110.33986592329971,110.1355383802714
92.20810263330237,91.69657115101178
101.54724217062956,101.32829084588191
99.44820741630284,99.28210148499569
93.03086032246703,92.57550834673076
99.07442463060119,98.93881270751393
99.44116562624396,99.37017536513058
91.40621716504505,91.20812949951126
103.9876743662279,103.45982061971091
91.30870817570758,90.50199155064733
93.15575829261951,93.05861380271162
101.6377578643347,101.43596844089816
86.64877794319838,86.40855112954121
84.36686255482873,83.45066678664784
97.8386710362701,97.7020286594057
121.5731630282936,121.25084379804812
112.55182941043189,112.28643199949187
85.02776244130564,83.96429349067894
87.21307525816734,86.08990173221082
115.47841439689662,114.89468183210437
91.40358752351246,91.01675084083367
87.2144566511914,86.91015581373746
104.7935797425675,104.64540786417433
86.23061332797704,84.93490064772463
90.20752967485025,89.2448326246272
97.00130739304645,96.92264039862573
85.30406917939271,84.68841623835864
107.98312011649352,107.84695754857682
105.95159757943603,105.79400252622189
93.6463010759034,93.15671358113931
97.59301026895335,97.4779375766131
89.18506716924686,89.03813913021762
100.76868463553039,100.49114339112508
89.62696725231021,88.74850768049173
106.58544252287254,106.1212764379635
90.15286625157418,89.6253682951628
88.04668173073328,86.77750692433769
91.1692123644652,90.52241564116055
108.42089224446572,108.10619182858456
103.63240819894776,103.47798609006058
96.51043730807162,96.34382895662782
106.05343966247673,105.72061383852757
103.14035446492868,103.03586059285921
110.0532447217393,109.65500938282032
97.41591663336604,97.26086295309031
101.4684568703622,101.31559120903793
92.26715613911144,91.46745425281213
92.90994207598682,92.37802292247949
82.96467584704168,80.06298594022572
90.3635403224276,90.13436781853864
76.39445916776782,74.81394013317336
106.1739375685329,105.79755659952426
114.31242129079523,113.90457627597878
85.48205193668804,85.20654248019706
100.95091555496052,100.77609935727624
93.72133317222604,93.53385512842085
102.67143470893363,102.33096820821908
84.73813045027491,84.31729497463816
81.69010343265866,80.98760223133701
112.12637786480725,111.53709089844592
90.19027271077066,90.00816963864679
95.66060244558092,95.40858316041437
95.71769308976262,95.56069954383582
94.05689436349594,93.75588521654062
104.6591713759176,103.92933496024636
90.03022611435226,89.36517551426127
105.76523654017775,105.32888222453559
90.72405782310562,90.062276765925
105.37043708553728,104.95677650724011
92.79435008887425,91.01867198054333
102.63810495264704,102.51632148083608
94.62623984026827,94.39792264620786
90.72888291802175,90.52632436497034
85.68741039414104,85.26496591479321
98.71679499532827,98.31009495312233
102.48549423078397,102.22255041877175
94.60358249815079,93.99747408846557
96.07107465602407,95.49369699042587
85.51989403871521,85.26841076995028
92.10976888063125,90.8268328091403
100.35440243780764,100.2436493047527
87.77070512911288,87.19820558944781
91.05721898623274,90.84491968547927
130.73667137049378,129.0663860854168
86.89491769583096,86.42482738148802
90.89186714187694,90.7112786249707
88.58881767987283,88.33562344173625
97.50747138423719,97.11615596289806
86.92237190712181,86.02552407908225
81.59363336875249,80.79560672555728
94.71946135081002,94.28500196464256
101.9550857939335,101.84656644273362
85.937791668491,84.84820207499214
83.41804790935741,82.60871410553834
104.72940015877197,104.49354880839387
95.40891986002673,94.69166483305825
95.53992289729653,95.2349920570255
102.10607332334985,101.8730444018292
99.08944323299461,98.86901630505398
94.28016127150852,94.04187909401459
89.8982685530469,88.9549776754445
95.36451370344295,95.04620249845702
106.31280546197378,105.92126271939689
87.6568626875973,87.41942868182444
106.4498520475255,106.29019009542696
110.05115219927339,109.89675977104659
102.06945329041571,101.64915072452685
91.73249069131994,91.38812806867426
92.38128339039952,92.16434963535899
109.2391476921956,109.01164266589053
99.81685722203862,99.32737263150078
84.92707812516565,83.75003097067408
115.09280942677626,114.70078076438806
93.29149064886619,93.15727579539626
89.24763254313612,89.07643317605152
94.97800291673205,94.45523432970411
102.41294509074953,102.30033518428216
106.11328644005667,105.93984507846393
98.48691177278869,98.2824396267064
103.1836231942601,102.68297423516987
100.60767596119662,100.32707362969255
103.12816026710489,102.98414040694317
87.97174811149627,87.29292749767933
105.61333278167461,105.32925018904909
76.097115306364,75.12324138977168
96.19696252077694,95.86417685276201
98.96082292183127,98.80585432831347
97.02872964072206,96.86746508940931
100.58154417905742,100.36221684343138
86.5523417573274,85.93700754780536
86.9605708131549,85.94665758470182
91.00999882247056,90.85229344587586
93.86122385282201,93.42793225643729
84.69686791166176,83.36995206299933
91.07203193605815,89.42088933438764
95.4224235055603,95.24285683460205
109.99955692319732,109.6232203342442
99.76283424120284,98.92589365862544
100.05430378643501,99.81736667785891
88.80372249067861,87.77930953106949
103.53130201030861,103.28227001093474
117.92122105025155,117.623297666943
97.74631707520162,97.52219588910444
86.35028511452238,85.23752370998956
98.5875141263134,98.35535357309375
95.88130384853683,95.63403464853226
102.72400172232366,102.37721188045009
80.25537927919864,79.02831105799612
93.78847837889015,93.60655840150037
105.92615516506633,105.72998645622422
87.36714139449481,86.94909087736502
92.44727075901822,91.56115584116013
73.51317738221734,71.15509805563731
90.97529714493926,90.6080781246617
96.61592101410547,96.5009918645511
107.79608166802367,107.55369557207743
96.54383777091479,96.4391300453001
83.60547091195518,82.73063953371455
97.785530974374,97.54440255891562
75.18073760109854,73.70829139079981
100.52588533958098,100.37452049595402
86.722125620541,86.36427648366647
88.82003134204156,88.11027258311529
101.92595747735291,101.47433872510715
88.12111542325019,87.81270233010487
102.13686499484724,102.05234051014837
92.12690933047882,91.81109562581207
93.56352473154928,93.43105074060144
98.17962126462874,97.90147503427099
80.49744066242236,78.34146134162904
95.19976390987846,95.06072627854508
103.631439883853,103.52473658576882
99.35348705721798,99.1969721971918
102.14906734994888,101.5989274637103
98.89656522730884,98.77192237359938
100.79100478116166,99.9755798340462
99.97758168325139,99.76064958664058
114.49042769132453,113.7472189397529
94.68952642327706,94.54504976433542
102.6806968380992,102.46545784772363
108.04457762800047,107.73487370444988
84.00315712299333,82.79660440014086
110.86763431672495,110.21288141976407
74.10885361421474,71.86393126642054
91.83476796637413,91.72672125781808
87.79266980933606,87.21740107640757
106.39847873611103,106.21761807152507
97.20675915102305,96.971064437689
86.759274814937,86.5013839685903
118.20359743326708,118.01089545443517
101.03134838977695,100.86007807665928
92.37047357320189,91.96266741225398
103.5478561303438,103.21907379872884
85.88503594445932,84.57044162824135
121.61541438985147,120.59655410248294
92.38703127456425,92.22184243359484
102.21089719256418,102.09626037595261
89.64576875631967,88.15843270686263
118.52723288666762,117.865444876844
92.01052044413514,90.71833721687159
100.40019405477797,100.16398201150864
91.76951184512946,91.56780599507036
90.4803833423438,89.94490067219695
83.44304770328382,83.10851469732252
107.19902982605304,107.09193345186189
93.86966373945059,93.7726379047236
94.4105113358303,94.23492801030778
114.99622175955412,113.99205118535147
95.21271966347109,94.99705399395545
94.87892491639447,94.5322875420829
107.3176815356719,107.11645491760345
88.54657121998203,88.19333520833241
93.53393246100146,93.03440671254333
96.52530867721862,96.32395695734047
91.99555564825394,91.73607271589941
101.08300269600021,100.91011080340891
107.92453946685086,107.6041338662291
101.19074413370275,100.76252063763603
