P_twap,P_usd
96.49003571145393,96.42625235136241
95.33233699774875,95.25685044928699
98.95957230442119,98.82833095761322
95.20170733095375,95.14694444080571
98.82535251991294,98.77230913330949
100.27571546920197,100.22220409106764
90.12982993217521,89.98282777537462
86.18779949672286,85.63466411748001
97.620560308116,97.50991406569476
97.88961614514113,97.86096311968424
87.61253795140843,87.06342065465246
100.4641391891472,100.4088303202827
92.86822806920728,92.76344206853794
95.53003639851923,95.48782446838713
99.08522039967472,99.03464170307495
95.50920623099559,95.4583024955072
99.59900495330695,99.54094330998446
94.09013510158917,93.94338837534688
103.68792344344588,103.56828371069518
90.3231821450765,89.90436049346324
94.2373320307011,94.05657226450239
98.33153137973846,98.25696063724729
97.92815605036408,97.89198079076084
96.18154881060931,96.06253653566162
102.535753807837,102.41321370155333
94.53660451926353,94.46183882328073
93.50651619345541,93.4071404565042
95.43724990364139,95.30551798410623
92.21258013447269,91.99944346844777
94.72408239523071,94.54878817338448
98.20923844597395,97.97602912635593
95.96009623497037,95.83375645465935
96.4578237553498,96.40300865212686
98.14522054661653,97.88259753072853
96.90653451729828,96.72733474593944
93.35072185680069,93.19665933022378
93.07855993914367,92.95911520817053
96.27143756902076,96.16288526625823
98.22580474530376,98.18952968459702
100.8804926408726,100.85194316884194
95.8549782852098,95.58577991234367
97.45246742630907,97.36786407979973
98.27284327285484,98.17654853355205
100.62601717513955,100.57478835475717
101.60975666564107,101.57553383323705
94.2165344376975,94.02868548161015
100.28477838043888,100.24501492663953
92.828302177996,92.67508979961673
106.86806251434368,106.74390762428973
107.20098690968351,107.06240522520417
101.38910080044984,101.37764789933092
93.16296792221821,92.95796352825027
98.9470145664815,98.72548270357747
95.08375431989596,94.9493053424998
98.510632978241,98.33627769064978
95.36853871529334,95.27693012660035
93.45761500477049,93.15533729454337
103.2762452531966,103.20444850763172
102.59459075946972,102.55858542000202
101.25803571052434,101.17447934176785
106.28253765700167,106.22086333140933
99.66451870986025,99.63373399697008
92.62662233265793,92.44791279819194
99.10191789376739,99.04754327487832
96.85083365863134,96.80969695814265
94.33026933644298,94.18913556438852
92.95113237043148,92.76122714376378
87.32267579913045,86.50831695757125
101.80255913909077,101.72357180404315
103.34092832374374,103.21903127281271
91.16427772365302,90.77339195561582
92.54508972267128,92.26721179367583
88.92232024544714,88.50044297815188
94.28788786417238,94.10421152444329
101.50287770481542,101.44173691040079
105.5280730126482,105.47757063786081
101.49911454788032,101.3225639435607
94.4918100085446,94.37787096681733
92.86761583880747,92.75799186389634
95.40123959902068,95.2469435344745
95.24625133270092,95.18905826322477
93.77906879960813,93.7030350314785
92.24729112643192,92.11717336284696
97.2019997426415,97.12162169822811
102.11321872835991,102.09091344405184
94.27971697440667,94.17112858358435
99.43928694419087,99.29589918670158
92.17952905168056,91.89442027720361
100.57569989843458,100.55883252301663
97.03422529031475,96.97237420741295
92.79949603818761,92.63183828395793
92.77995444357438,92.44122886914418
94.77940152928994,94.7425218316364
98.75621007525673,98.72458554924876
97.72669598698451,97.5383186643472
97.44379072587019,97.39215148163281
100.8257700662187,100.77277047551709
101.7014261305748,101.62232980845694
96.20295941175547,96.16030470197732
96.02812148189807,95.99101875052881
94.39325035272485,94.29721644371922
99.1242353309895,99.06804551192769
100.88384698125367,100.83195342611158
98.05869862088043,97.94419374927237
92.13970810401428,91.93815585429377
111.11729373830484,110.87317764695996
91.73479981643153,91.0704049122127
96.89021215631108,96.853929301287
90.35590611504064,90.17459637228231
97.13820457717418,96.9325275755415
93.02347390459569,92.65359162416362
100.05412580396172,100.00290243431229
101.01611225984237,100.87758888208508
97.65378238540318,97.613265094983
99.25822384280998,99.18618699592609
97.75452282287688,97.71436119073408
99.12485408305227,99.0750475162756
99.9249356670991,99.85750674989568
98.53494615789292,98.45291115942126
105.03817399762707,104.8629995217046
105.20041756485969,105.15819903210406
92.96869174302978,92.85268672246114
91.05803084903606,90.44091009908553
97.37776262930257,97.3446658695053
99.7921386884248,99.51628904578864
96.53915913053189,96.28082528152423
94.59997375010693,94.49541199803444
97.17049499158082,96.84718778487003
92.43216408101476,92.29341183954133
95.85894660109645,95.81615025743788
105.02928878061168,104.89574273330713
95.7373792827104,95.60269367341589
102.36660305850778,102.33470023402737
97.80550192666388,97.76589259056071
97.86459713795661,97.808560933784
100.13890541783468,99.98387086235772
106.08661543909355,106.03515520184351
98.12800565046868,98.05176792282717
89.28733352123555,88.9424972736156
96.08000534036151,96.04697463538038
89.8578892435574,89.69372817223292
103.89967505939127,103.85702160121804
101.6831852558938,101.46502121261304
94.94930141592481,94.86024410010029
97.4413219104296,97.3543608008948
92.42226810609556,92.30815570307851
92.16154680197029,91.97062532553035
102.88808845796822,102.78744053353422
97.42675939249789,97.15712954969722
97.40243276536565,97.29607370185644
96.27151756860047,96.20785403634748
94.79266619893679,94.76894152071273
98.6494354414557,98.56818405224858
100.91837973653364,100.87594940118393
98.34221960908158,98.29624057276796
98.65203090199813,98.51603430489223
93.66931199859991,93.51535435576747
93.65270458109325,93.51710768302438
98.66075403818726,98.61507217998489
106.17282896004397,106.04231947135774
96.99081788977006,96.94293745757905
95.54888945023863,95.5130528571908
99.58541829152782,99.53971913069296
94.02098253163518,93.82847922422995
108.63318506927571,108.37923720409313
96.07976067433162,96.04128536985796
99.69329670789416,99.57237398730074
101.72596830819509,101.63705758213855
98.43355207086512,98.36760460573161
94.10520869779495,93.88142225844031
104.71857150654036,104.67756013175709
98.21487002863745,98.10414347491457
100.14010336535826,100.08683376509892
94.57142024902741,94.44330506805257
93.40684895918676,93.30479981774717
94.49720173860076,94.37446736484954
99.91852259286051,99.81042538505582
101.76898341633925,101.62625689184664
96.26960280336212,96.21849025898429
101.24932943865377,101.21383363317547
94.40429616624714,94.37077282368438
96.92265502422299,96.87669766735782
104.21896134567727,104.13040625254179
98.18444222130172,98.0306766779111
91.57726749294288,91.03199948195824
102.24245404766005,102.163642047452
95.46333524317481,95.43010956008193
89.20684835409685,88.63587641123056
98.77593921702751,98.73781009520773
107.49077803989432,107.38707903167308
96.43344109632157,96.19415029083935
97.90051874158424,97.8158884146463
97.92547485671257,97.83767841322218
98.3521466975192,98.26083154687123
92.593636952934,92.49168962596006
104.68720686149932,104.61696547394851
94.96611446339821,94.80181548158525
88.71781247065825,88.50261843501528
96.58417184963395,96.50770791280154
91.42798253643572,91.21400480506989
99.65230894680512,99.47792444963186
96.20366200344456,96.12224561169694
95.31581506860331,95.02708588043022
97.34014625182381,97.19107971946367
93.20771983253412,93.08703241727832
91.53814173528312,91.26689898366993
95.38538052934777,95.29599229767783
101.40179699522645,101.3722279089916
103.95621243185991,103.91714297019001
100.1290258916977,100.05104046727187
99.12450663076186,99.02300034779863
104.58516943208177,104.42023310741088
100.92335892799079,100.89604004147918
100.56900355336843,100.51299909530127
92.90849193532321,92.60721169582963
96.46177185361718,96.41572111699658
100.05770951262348,100.03319862913149
98.24627528802358,98.19459177185017
91.79017648431329,91.60043758982908
102.72977375674735,102.6792070840314
96.38067361893287,96.30837185845553
92.92126620391882,92.79439786271382
96.5526877831446,96.49433375662575
102.26163109223164,102.22839044335583
98.38530503683738,98.35090895868134
95.3361341108268,95.10833969685494
101.13883308953191,101.04405988067471
99.12341137125846,99.08741335562242
95.91533179713349,95.83704132876638
101.90846241786356,101.85145312512206
101.60455402830047,101.58194690546252
97.58504533710325,97.4726953818193
91.04314175355407,90.83914242365896
89.95829868307129,89.76722162912263
98.57338104678166,98.42239802645551
91.24368341486182,91.09782945327754
97.37491732555935,97.26770781922824
91.3274167198178,91.1924948755256
95.99954734787974,95.90649993520351
104.44362673074791,104.36675434047751
100.02062483000455,99.82437805730189
95.36701492495826,95.14815597239887
96.97843174095175,96.71554568658446
101.9113224743664,101.88637800333932
97.19367372124965,97.03360922766616
93.29411806594447,93.21378603043797
98.89406599733935,98.73958211318767
99.16928541908042,99.09647578933928
97.59967305491195,97.50177248249234
100.3095117755288,100.27266435613942
98.04995071316166,97.9519804912624
95.30475801380565,95.27408926260483
101.37629214840841,101.31898096084656
95.67644502568056,95.63453456865761
92.63198517218773,92.34458595814856
106.54553697752817,106.4909189957096
99.24625228759687,99.179107046653
95.90481761408593,95.65733928891365
96.64911117600333,96.40759548495618
94.52965667987765,94.45382876208971
104.29003424116489,104.20456924527447
98.97539016111428,98.8309259296502
92.70950515424187,92.41527757444335
99.44341383612402,99.43096012679746
104.74800924251721,104.70078454437311
97.40589164643853,97.17331312305906
97.81063494469274,97.64113552268593
103.96878641107644,103.89250298717525
101.10985773964958,101.04504056463898
89.27109199637033,88.96387684615988
96.94041451599405,96.90088292379825
104.22326763736581,103.85443570365426
98.16532472896247,98.10637977557083
97.45041316579973,97.38587640275863
92.80382812619666,92.7619068159061
99.14650479336433,99.06542122015654
95.60542051914895,95.55029250000791
98.40782708986069,98.3302120478444
94.43959692125831,94.3597776874857
99.76129559616889,99.64020377503734
92.49523300819122,92.35642001156275
95.60782996071994,95.52740974810614
106.4962567940642,106.23394592976416
101.92685258632847,101.82753745252109
91.39147910260048,90.8273170801668
91.3807172804948,91.13187905748096
90.99810442461354,90.89007370064587
95.90054342231218,95.82987937191659
98.35046644649104,98.31623690401067
102.63650702735875,102.61413136990878
97.00879660673242,96.96730207152915
97.14637730843701,97.02880011646378
99.16258306732146,99.04223722269549
93.7337968963813,93.59698262509417
96.70299247051358,96.62880752381392
91.780839805807,91.56544437343581
99.59922739820584,99.56016799225715
104.1029550839712,104.03542728579257
99.40671419783534,99.3480859287818
98.60075307153181,98.54758503573863
97.68662536097594,97.67026325264219
90.76862759703823,90.65072374004767
96.2717342427875,96.2075262530428
95.92462074220971,95.8877984356767
98.50653647246821,98.44244374177363
105.85788944121177,105.64732318027694
95.85430865320929,95.61166891418858
91.54278766528704,91.27951543466345
96.45746893600935,96.39927938814978
100.80344436212913,100.72504170019093
102.50253795515275,102.45300150171616
95.6149811416387,95.5563780972203
85.83306487503023,85.3668655777273
102.20069567977133,102.17591151370354
100.36228099026123,100.33255616202295
99.1143258706617,99.04344644728697
97.61027932640388,97.51477124235389
96.61464660800156,96.5448575255464
93.40271424501171,93.24639546474886
104.77242053107662,104.64673067856302
97.42898554617688,97.2153780546175
101.58231186183582,101.54351550157993
91.4436083722744,91.26648546086405
96.66623467744071,96.42093668974178
92.76393141175413,92.52182490195568
90.27752719244398,90.19951008378077
94.9816815627166,94.80846973021389
97.58701734535656,97.55191566420571
90.73916750375865,90.49910347746408
97.60107693725034,97.49205669394415
98.28827380436424,98.20468367321159
84.74630594658265,84.07688887888725
106.07437432636776,106.0098710032868
102.28977435463268,102.23066988598347
89.20971317257482,89.01352401250944
90.99588857501165,90.75987850167321
100.52295137274332,100.47981321623473
94.05550241139605,93.77885743077532
93.69749957294272,93.4313851773361
95.20705413306945,95.02500148526522
99.61187120601049,99.50726519640098
97.26259012606454,97.16804612293554
102.74484181758754,102.7012284385769
99.48999745422978,99.449111844274
95.08178810074753,95.01745921477179
100.00710358439302,99.98268367610265
103.51060879681877,103.45817920122765
96.54760017271218,96.2903538279954
98.87805976314861,98.73915427060125
100.21714109101154,100.17499454362958
100.58173516128235,100.47966120773847
95.63861019433534,95.47845818332956
104.74861772011876,104.69409961194029
100.78265815756673,100.72777274581732
95.15726799473371,95.13243369771705
96.4388287511888,96.32940278994872
91.45412201460744,91.17736424626464
95.97234806977069,95.88812861761103
95.9802023439147,95.69563608701074
96.96123798849007,96.8431034269842
98.88247696219986,98.85524394620722
99.79002425494816,99.75634104604872
93.59130725014406,93.37806878446864
102.98929082517279,102.91946226564424
104.68688109096217,104.59936585742633
94.80518428247058,94.7237769211888
100.35637309257697,100.30843649278205
94.02568733391443,93.95208168461062
95.63793945539801,95.57410280158747
99.80284983167348,99.73088116819721
103.15422283932003,103.1240927117132
101.9763375254307,101.95070535113206
97.76673022106068,97.72888837056676
104.2842272281692,104.19264623413547
89.83481445125835,89.48050815522285
93.2365373302557,93.05951606642253
99.60171703986607,99.4517301179456
100.90821864599225,100.8302773706286
94.78157461759487,94.62814923046133
96.64086491846669,96.47891811826749
97.81930034164854,97.71126125059406
107.34519198031569,107.30076669933197
95.3673933716073,95.16851408602867
96.39811007803362,96.34774655518005
94.2151619360007,94.0759676490241
102.41977345690198,102.34899237905988
91.47260941328031,91.14249372832593
91.64986010050342,91.39737912562673
96.24434799394818,96.16739110329458
95.59567968635524,95.53634119054138
96.11888529544166,96.07905743482551
94.00538173259366,93.79680034507498
95.46842923248991,95.34334172924436
99.22432063133557,99.175553830386
96.2709510343257,96.22801571443622
93.66412155220722,93.63560509705418
94.94228225845218,94.69288373140388
101.78292112936391,101.75320321945685
95.00674517752614,94.72200336738304
95.04028294850963,94.86993060679104
100.5667904734269,100.48351537110496
97.34367183732653,97.20671500341227
89.17677290205275,89.0142548417514
89.31936343402177,89.16806038683926
98.24964275624502,98.20256262539698
101.26639123831565,101.19626045977597
100.633389211303,100.57295056388432
100.66163730685425,100.55055245143375
97.49277462273938,97.25603630887868
103.22108760386577,103.077137543374
101.52759187620231,101.4727297138419
95.2104895611894,95.16673703255255
94.93757828173821,94.75841109024992
92.2207444812061,91.7758510362527
100.21989311252655,100.0054267139327
88.01978362990654,87.63921248741096
97.17349042468615,97.11755016850863
100.05416755135224,100.02788098642434
89.92194318384782,89.4248771345523
108.48871641519312,108.20136397605931
97.95236492281428,97.91014309045407
91.80714672354972,91.658121398635
100.25214205820767,100.14630411296778
102.46574531986096,102.39326439440998
94.58239354702205,94.52890998936898
101.92026459127419,101.80845803043667
91.9511560833009,91.78237328761729
96.40863600326097,96.34886736910553
98.09801161645659,97.71603042952769
98.6911418119958,98.66546612933408
93.89033116879004,93.4460814572119
93.73381478849022,93.54740204745833
106.1094610416452,106.00339928350635
93.86864614415782,93.67315056383256
104.38782581212713,104.36396889686638
100.31095789764495,100.0563310942257
108.26025435559404,108.03584494676576
93.21535513652503,93.10565298094863
103.99835432822012,103.77969656471288
92.37425414018519,92.12703871842012
90.66490702518385,90.54607498635843
101.66845793617962,101.5638977282263
98.45253068087361,98.40996902023316
97.05402811695258,96.85327682980437
95.77336664520648,95.6836913751766
99.82775402095153,99.50360436645872
96.86006473742732,96.77474301638424
91.21389846676199,90.8276914337128
101.61254397836224,101.46911218613745
101.9581340972573,101.86560483128622
98.90492126166653,98.7941589521369
98.29078738325359,98.18331838358824
97.19351230590141,97.10630090959764
98.75394586339718,98.64449402402364
99.52276559384565,99.48416128875029
98.72149171134234,98.6473528722314
98.68858552844613,98.66150108459038
89.35228548574254,88.92185004846586
100.51287729019786,100.31683452466592
99.95922977498645,99.92637044076983
90.70795003516895,90.50462450140832
102.60526957394045,102.49434415985691
97.1220540105973,96.98457233624286
98.84117656888118,98.74612397827514
98.7543478498233,98.68960931274363
104.93671593555403,104.62897602311499
100.25079891671447,100.20497604976367
96.35328864834086,96.23410068459764
95.75406620370339,95.62952208898308
94.60937368609424,94.46977503472617
94.14241522489645,93.9773288100088
90.14740651148381,89.73647778932151
99.89621320562819,99.80139692735658
99.38337310148752,99.32818061817925
104.44996287337386,104.17205523255625
91.9566571485113,91.53082137597893
95.52326686927873,95.41194029250876
102.70821276579727,102.6787188976266
104.19636777922588,104.13341381286088
97.0848145489598,96.94773362312128
100.56837502019297,100.53631596376029
93.84019630256432,93.76922395237756
97.37251192688589,97.3184079404392
91.64749579542982,91.30269769939578
95.25494460562099,95.00106054567428
89.20481517249905,88.69688169984947
107.59876131687965,107.44098404744501
98.10043036444175,98.05431559586593
97.1620141796988,96.85634815177679
98.76307087703455,98.58283576107533
96.30573394012531,96.21825874491778
92.96474177837847,92.80550393740174
89.45551383715681,89.15056260001364
98.23496704457558,98.16492402772018
89.5998146626316,88.99318855280009
96.42794990521145,96.2431438108479
98.67624286220644,98.50815933274082
93.45566862670852,93.21253168894101
105.66494531736656,105.37094470201177
105.21874519289686,105.15101635248189
96.17666763803382,95.89986498870138
97.40902137261551,97.36607358612896
92.70352956375828,92.5746282046672
99.77150956360695,99.68114938366352
100.32476729085502,100.2681280503632
91.04704477600573,90.85378772858046
96.915703893515,96.88286957384767
98.66359573794152,98.62886638765244
100.82053718601675,100.67187848547518
97.95735599236002,97.9120345377868
98.78501116751475,98.74153407157598
101.33506898811427,101.26391374841525
102.7235236311923,102.63915937572953
100.81543372800662,100.72487570155184
101.0567437215101,101.00513745304286
102.93205014520365,102.90898016821505
97.30872056786573,97.18151718147459
101.36049030349349,101.30149227508272
91.59353614830144,91.35223722300529
104.17607448685152,103.86963418133804
97.00805399910293,96.90399546374793
93.86511033503366,93.77964206499203
91.99828981620217,91.91160741748202
99.32904552001226,99.24909724206421
100.36293813553498,100.31431663299851
93.47259727734472,93.41129575886065
100.44373802814398,100.38583849300373
95.74839168368065,95.65667520651931
96.56478622654804,96.48753011035332
96.86151440606727,96.75365237338193
96.9815167157372,96.90730095360803
96.14912203099166,96.07199362212037
96.91577195594782,96.87870617618496
101.0839890410164,101.05595299733086
104.71758113515783,104.57229613149075
93.56106693073285,93.39943288893286
104.62811144468607,104.44047056890537
92.71274182396235,92.35268127064307
97.24466046912266,97.21916816015265
93.37696519524152,93.1551512226425
97.84302150322193,97.78583647465572
90.52728952748146,90.32321835803656
92.01914235249507,91.84610719441967
94.28612679656825,94.03081682729557
97.95896785252695,97.92846319827417
93.3896019900839,93.02872336239244
104.41574457226866,104.30133551478986
102.27912654397838,102.16340060830969
100.68027600698107,100.46261948873294
97.39889518614602,97.37509735288802
99.47035002788037,99.23005716697848
92.51216915624586,92.39732457967143
93.08308634040928,93.02960783004436
93.10543400360568,92.93529579111187
104.13801329826691,104.02736420897673
95.1078153353278,94.98653456451042
98.27943358737294,98.20530926886647
99.19058812621121,99.1389888596707
104.19814690425797,104.0586919848495
99.78396472957637,99.61324242126844
99.17814636421913,99.14451864680535
97.12611912115521,97.00210640939649
93.66201804121381,93.59013185639273
94.01435504715117,93.76888014857192
100.46915368805115,100.3906643932098
98.46525970413136,98.41668489944796
98.97244620785237,98.93981289088853
97.71214616141651,97.55533058131294
94.48736238849622,94.41651090343221
92.84173502982654,92.6033446112244
94.94486680570337,94.86053151511175
101.51175007575272,101.46146724184699
100.42663816357737,100.31836710771958
94.1972797891862,94.12529289417206
91.64991863712872,91.41840913810182
94.16213862643463,94.00403044413301
91.74823955940596,91.53800836120304
99.15478675777813,99.09006907858256
91.73959379410408,91.62408144284377
90.03371625803173,89.54025044469961
94.37270492126048,94.32008453831746
96.30374219707178,96.1760331012161
101.03385485177265,101.00647732493006
99.81807685763496,99.7310289154319
95.97825149444857,95.88034699271945
101.01771001038155,100.91446450751474
90.09056346291727,89.29719000880718
95.7313123848951,95.66300045727739
100.18140187970336,100.11494249089827
108.30180624238739,108.07081414820476
94.01620356986625,93.94616834554294
105.24674508984272,105.16213835099283
98.84223552991892,98.8092633577661
99.87116865767939,99.82177051620785
104.65699768828698,104.43602671255343
100.12381163290698,100.09123649470311
85.83663644828148,85.1779633222717
103.19819442528129,103.14673940285648
91.80800099465036,91.51852419147686
97.16290127552074,97.12493591875614
99.10428522721848,99.06239192058408
90.71113831759061,90.50682044715371
102.47311659938778,102.4056976263931
99.88642862303058,99.8317719727166
102.84605109661575,102.79485287552806
100.24500795685076,100.12486909884872
102.01114415937789,101.97294928774572
103.89686297623109,103.85003204474651
99.00275399979877,98.88780948769447
100.28900348864248,100.2594006647871
98.2397223455622,98.14498023084371
92.93979833784061,92.87943259020129
104.9223968181387,104.8024929749808
97.1279721810934,97.07153331333633
103.12979857207148,103.05742127237352
102.4847209889178,102.36278653358795
93.96004903837904,93.52526650803092
92.94535329068356,92.75441961132677
89.47335332502067,89.06865262145551
95.13311046516228,94.95215580813476
98.23920109589386,98.0112884883354
106.11761167099206,105.95906528719789
97.9730937806336,97.84094347132725
93.81110473281552,93.63312218115271
99.16350662819626,99.12022720759799
107.87947191014808,107.53140763023663
97.42859313824516,97.38586732908529
93.36547286260343,93.17681678937285
97.65058789356368,97.58191649516746
98.14857267561158,97.90665640086773
104.96094212238897,104.57292787189313
97.19827179632516,97.14700851152767
103.23064234210506,103.18986028314103
96.98584415686244,96.93461807825557
92.26253725364735,92.10906918273548
93.17920091448418,92.94678952092444
90.02313220817825,89.86425833989418
97.80983600354575,97.72362927779977
87.1445716373631,86.77036605158051
108.31128858677982,107.93636630369795
95.95988966729094,95.889133026318
106.32824619020428,106.1566030884705
92.18744092432853,91.86101212894467
99.91396419934104,99.86495345538069
106.18911688101001,106.05981483332978
109.49296390093058,109.24406061240684
104.78510616324814,104.58870618999752
101.60668233350161,101.5595607740062
104.3931177805271,104.3162161061662
99.08532031201689,98.98146399667947
92.93290731750274,92.83007182192755
97.00995833684017,96.87423014180149
87.26112970621308,86.74511310592257
93.6734259407749,93.47644597432027
98.84005231110214,98.80364450440233
92.84128079128045,92.4993347416385
95.6213862249537,95.37883972443986
90.99390530519572,90.86640552137433
104.56788986180155,104.3133995881863
95.68430100062123,95.64429675946363
92.64662302941869,92.39591957348118
96.33997731446368,96.3052580540809
100.41734208843711,100.39879722263213
93.54193058801273,93.37429846519034
99.07971469827315,99.0436385803966
100.45669335877898,100.41130993178477
102.4518264300861,102.38904886126689
99.13858428333423,99.10598330037934
89.56902379124428,89.27388087026928
95.79057497662936,95.64576490502787
102.76902694642848,102.70983530061191
95.10811813739801,94.97399827420428
93.17075112653527,92.81638863555354
98.29198146500093,98.25890685483124
90.95503740733724,90.70007460708626
102.24634942614094,102.18578108149596
96.20085687371954,96.09229871403831
97.53899304165662,97.47842006115859
98.2534614531239,98.16024381020976
102.57009336842897,102.5245264686225
102.4903003562398,102.42182489989452
89.44625514934567,89.24571227945792
102.69732320319451,102.66857403035696
92.91571483242656,92.61406881641025
96.37619832973736,96.24425708952919
93.42738137133703,93.3668359590995
92.45971443267304,92.40546667205211
96.46644959341128,96.4377264230115
93.85730730801264,93.80494867332102
99.98640246209521,99.89932233012838
104.34619148120969,104.20908823030378
106.86666175845774,106.61120052162761
98.55167476003862,98.49827167151845
94.53794029527985,94.36589130348013
88.3780090247123,88.02106905573798
98.9266313158851,98.84657663900674
91.71825419210936,91.52215741058987
105.21891029673543,105.15016118444507
94.4958011270385,94.46838799829357
100.22375839394006,100.15821802810908
90.93156579496218,90.71465161083725
90.50384018330753,90.38447800679303
103.38377265467372,103.33719646413643
103.75788806500151,103.62841176799316
92.8467229686108,92.67010366100514
107.35295129834542,107.16276320496054
94.98837400882486,94.81096625418546
98.36325906097824,98.32413257323773
99.33226045743558,99.23091541189913
98.4028128290331,98.27242536591676
95.40395889190249,95.34444062710381
97.91861902088156,97.85725093588158
102.28900608781954,102.19564209005435
92.63467659667987,92.49892000349796
99.43528295788046,99.38253544852114
97.71016166447464,97.6773464329097
100.70647095255316,100.49780859161797
91.52798957105564,91.28034407215968
105.16839871325477,105.05775163665402
100.11968035343463,100.07182638602066
93.57414881417088,93.46049092354735
93.48447696782655,93.24944934842922
94.37151625167431,94.29052194468757
95.54023388563459,95.48935928709827
95.15009694571499,95.02682978219539
92.97349126169588,92.70796006905793
99.09323221066387,99.05827546611293
91.53676135349275,91.36615324050914
103.9007968928733,103.77116743551903
93.70466109584785,93.58703406622955
87.8363468495765,87.50805536734819
103.1059913250362,102.98448635374214
102.6452382352474,102.60146356151301
97.22612718545673,97.13376574211712
98.37570243697884,98.30589991098914
102.75465034262345,102.67684393807839
91.2435336066593,90.98078852417848
100.95827145344312,100.7917311288387
95.24624471691818,95.13484365721135
96.4446880674094,96.34214594348852
100.3659747044434,100.26051130566883
98.99685184096856,98.874014072033
91.07286435635223,90.94189173198758
94.87994965301374,94.61341460756971
97.48083295294518,97.42866090625728
98.77904323213663,98.68772423887125
99.34703355597433,99.30777925930583
90.74499499239016,90.10086102018107
97.32633833699089,97.21433594240854
92.45209655560025,92.27449812579994
99.42205241655199,99.38656005468312
100.41711519351547,100.39404677689764
104.25640402801972,104.21872555101282
97.69795584584848,97.62067995200722
101.59543908254547,101.45099069511613
106.31179095266117,106.11031436527927
97.02565728494744,96.81915617397267
92.2892161182545,92.14415390488229
100.5115978733661,100.47355860057037
98.39949547000701,98.19402523580358
98.09290044944424,98.00345042370056
95.55481864616073,95.50069151789718
104.5208138266881,104.48113665517887
90.57384604382051,90.37580517865197
94.32723567137982,94.27102186576585
95.19331106216103,95.14361518193508
93.20441479850544,93.02632196460864
97.43004278317467,97.38961102347201
94.91422558862277,94.8410376069645
101.87086129542303,101.62383412381259
102.58791563561377,102.53834812177887
94.42730200960713,94.2308538244431
96.11322321485781,95.97187060422513
91.48594183641279,91.11235623354975
99.99762896312981,99.95202853222571
100.7810852505898,100.7536355287708
100.13979371983186,100.08051496617138
95.2517380478309,95.08319948013305
94.95172595481328,94.87517499340488
104.91807721850351,104.83963898822459
92.32432312326875,91.98914897553215
87.9440111564577,87.62376492050463
99.14177576047545,99.03338421694954
94.45330212661048,94.39049308312391
105.50444030304732,105.38265859841292
102.1024602594654,101.97056449645697
100.48937232400452,100.38604541904255
106.83263411952247,106.74178357324789
95.9700284889828,95.92599952785956
94.05725859461646,93.6964978408467
92.46123402720097,92.3359327874741
93.05098798029128,92.58803247301516
91.41359523590737,91.32597064976629
97.72500175563339,97.60797082521906
97.63496579422579,97.56146896769762
96.99998047174499,96.97047524386652
100.7172425336946,100.64490140965658
87.66734338296757,87.29501367841665
107.29001385533824,106.98350975459759
105.39236673237751,105.32675518579312
96.36111015570783,96.33526798077615
98.23046705967107,98.21181478993934
94.86974658325269,94.62587343961492
102.90200717925633,102.76409964176386
95.93213945124498,95.75296320195253
93.6851510336254,93.32700845683598
96.29387112667895,96.0053909080849
90.94212819915998,90.7781418102245
101.02620093811142,100.96534446493752
99.97244112239224,99.92382277592075
95.13043639009848,94.93297132225675
94.87045095817204,94.81587102208259
97.13751691408906,97.05880104747582
96.94447870658455,96.87291818471557
99.1488629813832,99.11349076715162
96.97192256257152,96.84815042833364
101.11262689118297,101.0932004086234
99.59777603335463,99.43417355519156
99.78451797284332,99.69429197246261
98.34762063689115,98.31649922008832
91.44545687064395,91.2467672523905
97.54221608631707,97.41574872254647
94.66835653090348,94.57794438594753
104.2926966739288,104.0898161293587
93.04785577664899,92.97927796796945
100.54037738238641,100.44949649225077
97.1571909017197,97.12472149803071
98.28417090324939,98.16678446906691
101.28668723905605,101.16455691604725
89.95880200639489,89.63733996298822
99.24325631271279,99.01700104586814
94.7790899305851,94.63773265992421
92.16155904804485,91.99804763343074
97.09441488687452,97.01749351533675
93.73503546372108,93.52160379883374
98.06704033655113,97.95129451820364
94.14673347259655,94.07639726586022
96.81666003831515,96.70017763774864
98.6553645971507,98.4518733363774
101.15991617895914,101.13585898859468
91.49364174482335,91.32965489550435
97.47235624676192,97.39699986184718
93.28556907203775,93.09647780758813
98.66754150192048,98.6192572466822
99.07949350321393,99.03600316984671
90.67267982342733,90.47148896864411
95.58722113578689,95.40367363759678
103.8585472751437,103.8103244810568
95.45489778170878,95.34093971325542
96.36285867352385,96.25888557203578
97.34890239799523,97.18905475034045
88.94569921465653,88.60768604879837
103.35797582869002,103.28838667571704
97.25586532817775,97.18017901397363
86.07458515660672,85.7759640410135
94.00191548030958,93.85763893926917
100.51010389022967,100.48196977658465
102.15830891660197,102.06129555121318
95.19862683126675,95.08199696711476
95.00573631689277,94.86832249183425
106.14477376475087,106.0779126090116
98.10702927538925,98.03377482467263
102.27511668131766,102.14104930585891
97.97946319995845,97.94734219650911
95.105336102194,94.77465221572783
94.17494966562148,94.13461797954193
97.48327627413077,97.12826332987534
102.78093841009287,102.74647489750265
94.01894908596395,93.8694391928188
97.35962178971059,97.27101025406203
98.4954565767095,98.47132295158116
96.19706062384415,96.07656717424236
93.62422351106801,93.4724007495921
87.34144441262428,86.94470451576444
107.75323089123405,107.68287055075606
95.7232772709446,95.63059392916142
94.87567087462466,94.71850011390063
96.25312437353485,96.19029391559533
96.00874632217143,95.9185702861557
95.66312963390885,95.51144914392012
102.2329290121847,102.06288413618888
94.18596249136205,94.04074107404408
96.37885810578318,96.16703055568519
99.57670897053485,99.53378957226948
100.01292484428532,99.82612036628728
101.05063774735886,100.95515100346326
98.2717632033167,98.19323330679529
107.12436154685702,107.03227424145219
97.30250946203697,97.26498211773242
98.95112555382235,98.92308495803643
92.64318099390168,92.47483220938402
97.98713021633556,97.92884928334793
91.81476020108441,91.65384179766674
90.73980249735801,90.40961960486455
93.11609319028231,92.76622140030705
99.73774512785559,99.71474303002255
103.69081844609573,103.57198049968532
100.8491157127259,100.80344355129175
92.71339567097206,92.41667380786706
97.8906830131434,97.84042437617073
95.10647240818736,95.05468422838693
106.11088509824704,106.04461223592817
96.66774785192644,96.62340530413701
97.94399953707834,97.79065979885087
97.13439367547281,96.90092856469995
98.7356567679163,98.70688285220709
96.88988410927843,96.71525219301844
100.53994965777456,100.48861159487086
106.0975457483533,105.82060190114365
97.17242456595514,96.91972468142036
97.76454533997135,97.65917611951821
92.50162443348388,92.08018238843842
94.54566928703433,94.43698192228592
96.12425829636895,96.0415102305844
94.71335963800917,94.51584561070219
96.97963077549056,96.93064991839383
105.8430884386812,105.80167917978885
103.61521187084847,103.56496270084337
98.00228394884964,97.93255586685795
89.15727121794603,88.92441382963817
103.40974976682983,103.18786281724284
102.57485782726587,102.35437689801734
104.13785666331651,104.02412939891443
97.1861081766472,97.15417409750711
87.26014161094054,86.68003745808585
91.62422663395097,91.50890365182296
89.7905780424598,89.5065650680661
97.40694766957267,97.36392611490459
97.09533992259978,96.99553958422167
101.59579735685264,101.50401834065326
95.03864898370455,94.97570379986215
105.9581312852163,105.82625069904452
104.01617308594568,103.81087424489186
87.6642293627692,87.27279785254261
106.31522251890615,106.28203199518511
98.05331457805939,97.96176189361768
100.44720819159743,100.40492443933131
95.1088275422919,94.60252997354691
94.94738277609738,94.90185676222346
100.56681918105062,100.3913568190221
89.13184736366956,88.77283053355947
90.06002351225966,89.46815573300154
99.3527203679657,99.33392980607067
90.78899909513571,90.64130518796802
102.562003874073,102.48780254436176
93.98740156365317,93.91203960559871
95.26569376872712,95.06533352838095
94.72810162596838,94.54235258381823
106.56013452926248,106.39100201875715
99.9704775030958,99.95196607060284
104.60128859593266,104.50796096236178
100.16165797231886,100.13526744119469
104.86610982263592,104.7882097939943
92.12902415336136,91.9619282431693
95.06215314458092,95.01352851614854
98.28257090472995,98.21772085805829
92.98584878629553,92.59959596659797
90.6841620021765,90.54834479189508
87.5198586716462,87.29442714415813
101.16378980134574,100.83876304997757
103.18445733706245,103.0715609340749
97.36212198949501,97.07028249485174
93.56714849456812,93.51678343588203
100.60315766459122,100.36704305413137
101.47464766378127,101.4213373520177
101.7099487927032,101.54459171463019
94.6366070803673,94.54866875406039
97.07858680150918,97.01903986683105
91.13277559851267,91.00311732897629
106.43124850646986,106.21437982592907
98.97263466522647,98.93146143250858
94.48907590285066,94.4190297935783
95.26943584445635,95.24171760455748
101.68023567430028,101.63419702588736
107.13800331586728,107.0156133062823
99.03294987616312,98.93718820342355
100.10239495637478,100.0573798460921
96.43986777109798,96.24184831067373
96.58878714140768,96.52021179341891
96.89336399435263,96.86166229091647
100.63608931460666,100.51576904597715
89.30093487436856,88.79138549114978
107.64075037534668,107.50922625209367
106.45243707718554,106.40173046282914
97.3160538329758,97.28296077137733
94.1517394812363,94.1068963420586
97.69187760173307,97.57691072209646
93.49475777160136,93.40758367600752
93.60109966587011,93.27436890175512
96.8708949648747,96.82126705179058
95.33366171756181,95.1168439784571
103.32471690178687,103.25316300850965
88.93223610270863,88.75958075582568
94.76657610871592,94.65859022716502
101.49415025049541,101.37904332518949
105.23355789212692,105.19511474405464
95.96136371629166,95.60243040035142
95.92046537370534,95.73102952627944
97.38618597036977,97.2945933300761
96.03859486588148,95.91254413555528
94.85899597624868,94.19013474245793
87.52808436077811,86.57234631888704
94.21496813727737,94.18609554411015
94.55799613326464,94.18810235101103
95.53442308849024,95.49290396819598
104.25253470299958,104.18425940008099
102.22041845360862,102.16604436286877
93.40909754277617,93.26726428085587
89.86919656157977,89.69180654256633
100.69430140498929,100.64559451883568
99.91893057867063,99.88892002715673
91.07099494564449,90.7871632549605
96.7438518085928,96.66580263219221
103.993943039342,103.90560865033052
98.73409513713855,98.7044562530429
103.74878652821847,103.69862406665642
104.65271351666033,104.58547046322312
96.0445322011859,96.00463935050192
95.27276360194062,95.1755024602765
99.72583719764796,99.66631924104873
98.40506081309512,98.36492741236236
90.0746531440553,89.97647581814175
94.65218678567393,94.50935737835056
101.21839374009745,101.1025667449055
95.70200658940114,95.58201640778815
98.74104886528,98.54300078364494
107.21026020918042,107.1397269847663
95.61648721335276,95.59030950357712
92.97057264346579,92.89027818427225
96.8530448439857,96.76078638577201
99.01239378120452,98.85121984467986
95.49787679321884,95.4193759985558
101.4557886216017,101.37629202440105
91.75618490503366,91.47463501643324
93.83320582141468,93.77379187240534
101.76259956783699,101.74050953198642
98.14303207705396,98.10068783846162
99.95245233415051,99.89074500880925
95.67206653730352,95.63509822785281
98.0266271071875,97.97206132324179
94.56708393547707,94.33860031664884
100.59860866522524,100.53833465218455
92.15914657881078,92.03811666648674
103.93413390709534,103.85596916248522
98.91807118898829,98.89950905593963
95.79886915854502,95.7406242765173
86.48346098692886,86.14289212081879
96.3359719613024,96.23271897051315
93.00570480936311,92.92243433851672
93.61651010211688,93.58726851687166
97.90492537232969,97.85083334654962
104.39179876788941,104.30352690606341
97.8677031355748,97.80490520236333
92.0643155895722,91.84358877810055
97.9985185879747,97.95478983766355
95.3163490823587,95.13922444037122
96.00629996685993,95.93664164362703
92.7275719371756,92.67061449174928
104.48210019397389,104.3065385410087
94.56428457512487,94.45904011198773
103.76819588035167,103.73283276488112
98.69309731601541,98.61101337330042
92.64349553494907,92.571629191652
101.42975440748944,101.39134239957397
102.14385369310465,102.0876033224569
99.57697476196194,99.53219502180022
97.57356478288303,97.47858875124851
103.67296639980566,103.64054354698739
90.27242242565593,89.90985147242041
94.71447526857672,94.64556114305776
100.36038849877745,100.31448508832842
102.5524636755573,102.45729904480108
102.07689204291462,101.98313597517237
94.17062594785804,93.94776509518002
97.88552764889499,97.8302515205126
97.27308967715673,97.21610106388925
107.8906635286951,107.68421706960588
98.7985252416175,98.70417307577829
98.58198118200905,98.53828536798869
98.82043949019888,98.50797786956626
95.98736832419762,95.92049117592411
96.1335791945478,96.0940453987298
94.64821260538481,94.55086141315843
97.22785385940283,96.95128451952004
95.60605723281105,95.31754586412163
98.06703863666206,98.01931004737435
102.39306161168119,102.34329514429426
99.73137405231041,99.67021625219793
97.44051023841249,97.40134480642243
93.1867649703851,93.11182857141696
101.15226182224998,101.09368338979004
107.75176885376627,107.68753057539939
101.30160763429461,101.27273716475375
101.26991841378924,101.22590503018023
95.57454551937153,95.43094754107503
94.00510493429039,93.7428137024296
101.7809393001679,101.75484711377261
95.90296356652703,95.78066076256792
91.62982987253497,91.52699581491919
96.3906409526474,96.31526635742611
93.03344128730669,92.92152594919753
95.48379050573183,95.43046201456791
90.96110840974876,90.64207531995305
98.11741362410935,97.95042688120549
93.28434207435578,93.07043928139416
95.62545796024142,95.5848435935032
96.56669591071457,96.34032045462953
97.39781224389826,97.35754825857377
108.55095213008367,108.45222875835367
99.4872590928508,99.32469506025315
100.41096246499022,100.32008756554389
98.41414834385324,98.30389259367385
102.12949813908992,102.05137853680107
107.55700561962652,107.47919101053277
101.47646326185935,101.37737696457057
102.37631612475933,102.35058520447065
90.62275048986909,90.51622658065298
102.34984801117136,102.22317726920849
100.71095418416216,100.5908830166666
100.77283521718721,100.6461906596194
99.3142607986535,99.2141669027689
105.72477541701643,105.59247806718997
101.08918522178362,101.03584121294098
94.97261302513725,94.57925565363453
100.45109688683846,100.36601375429805
102.7415073568918,102.55922475390082
86.82853079691961,86.51220869817435
102.60113911239634,102.49928684112406
96.09852635223503,96.00278116158584
99.64747240306939,99.38812010681305
97.25338429656662,97.19695275428492
101.45914525460665,101.44479065400354
96.84195751979873,96.76029237314785
97.18283116851775,97.15938381401746
99.81972222329044,99.72954371701893
101.75243643121402,101.71179612327279
91.81365521006761,91.42851209624466
88.37022543632807,88.11812811812412
92.77489651531832,92.56935228437065
94.22116328830303,94.14645892573787
96.50067338575171,96.44409903674129
97.4450186564647,97.42253191146605
98.30503769019695,98.25494773763641
99.17852039529848,99.1241729506543
107.66606190129701,107.48371028591085
94.37814468266892,94.2476121805387
104.698669974376,104.66930873464736
101.03031510606945,100.98001758079634
92.92401790626172,92.57812260591541
100.38620644722998,100.34819578697022
99.48127414466644,99.44179840488269
97.39522424685194,97.22453352806646
94.21039406873044,93.92318117834925
93.64092736611119,93.38044240389588
90.88614880877783,90.60952690160947
94.28253416868172,94.22427788140499
90.04267579505385,89.77879296285344
95.09282243711685,94.73087686994967
100.06861468763657,99.9698470861468
98.55468694200796,98.43324551219314
100.94652489113031,100.9243754014388
102.2656566488858,102.24046278773379
101.95152157257223,101.81844605163357
97.37790126801649,97.25587447152934
94.85555639054071,94.60533797378197
108.04389662240206,107.93074792737879
100.87470848802897,100.84507576539147
104.74559244411566,104.59861080244184
88.44180862411822,88.21311949162875
96.72997955608531,96.64770484904238
95.81949786027059,95.62586832654499
98.41886700255533,98.39456382316986
92.42729585545398,92.2477472776232
98.17967660507462,98.13378163195932
91.21456038773319,90.89868155425629
88.64425848338226,88.45385935048071
89.89781348834666,89.62862105328321
96.99207036186836,96.91913239748327
96.70512593117606,96.55194571282337
99.48278236203193,99.32007848786886
98.55919390300954,98.53896705940575
107.05860698839821,106.93617481788259
100.59273890901345,100.53959862645851
104.49509547964117,104.42556001429028
96.01468255223277,95.95477356770789
99.69462228236962,99.65906545783767
100.36910110008746,100.3112361716914
93.18874165239575,93.12620702717118
101.56350272279342,101.52876533385076
98.13883404496607,98.06735943403262
90.1195720727115,89.79150426559534
101.07200480336894,101.04397019348949
98.47814370759484,98.44017313757475
104.7078605304125,104.60445527692127
97.26340073045934,97.05415009725888
94.34834938248063,94.30516767461437
95.30185489888798,95.17559080246335
99.75629167605815,99.69522536944518
95.55510480645815,95.51500757182669
100.7838103497062,100.75352307780192
97.17816449940244,97.03753635248832
96.98050718814633,96.94581567618847
95.88599273881574,95.76546120847573
107.87172307624947,107.69870624704767
93.00527921443123,92.71909860191784
92.89577372284083,92.75149989299767
96.23467173237515,96.18957155232269
95.24810663675682,95.02782248253799
103.16492371672217,103.1420046256108
101.02632525810192,100.9811750731034
94.7489148040255,94.67994446824305
103.65825321867214,103.42854480186834
96.8550750518942,96.78650778084034
96.1569172416581,96.1301017216233
103.7354091610391,103.70451538762113
97.32134159600373,97.22139327470413
98.93000079690151,98.90377927081434
106.59682464123237,106.51651727956245
98.63952271775268,98.47827223186015
95.82888492139097,95.77397162197609
106.57727194545303,106.32158614489228
98.22724900937347,98.19654002638747
90.94795751205356,90.7285444390898
105.13718165947368,104.83686247213157
90.45922453408998,90.38739376860977
95.90066214243863,95.8563082548575
86.65580894674461,85.60858132003301
103.28245918208839,103.20943361650924
99.99155370126158,99.93208787516676
98.62410195339628,98.5376643440406
96.30862655447137,96.188832657269
96.48716036055707,96.41789068013023
90.0874417967445,89.99468059133605
93.73129594574962,93.64471746611824
99.17284804085324,99.01427254762463
97.01022364801369,96.90877551634316
95.30078805532277,95.04941443251681
100.73534175785888,100.69457728755255
102.36342513341263,102.20932148839842
95.00041870042386,94.86709383983062
90.06844674268737,89.78606501792794
97.63317672057242,97.53405959443418
107.1433034648946,107.04278455552408
93.66847247965472,93.6184509215178
106.04536092539003,105.96275004448982
108.52622898490117,107.99172800025379
96.14688408229064,96.09155070649838
96.73371703689645,96.52738614723387
101.66269951523034,101.53139450204802
93.31632160019004,93.10339512821427
98.74798765623014,98.69736911438021
91.88168487620001,91.57982962333158
96.92832099087516,96.90048232354212
99.61777651842515,99.33469910212861
95.48596719401125,95.30759551450369
101.79428103021317,101.73227206826263
96.178271439348,96.06798822799573
103.01882406876061,102.98161303192632
98.07837745019509,98.03617771173742
104.95883004752609,104.89958274137996
96.65800622045158,96.57077834709865
101.60512819775676,101.56808843477626
103.8135181819316,103.70938417307563
94.75578037840711,94.59761262378805
98.92208300120977,98.90313081305811
103.01129095235646,102.74588907683147
91.82747825302422,91.6344909140657
103.39831888030099,103.18151613362652
95.31420637840029,95.24320619670237
102.04916916764225,101.9978000136616
94.12761367082567,93.69282738718675
97.58684438309851,97.53866776304517
100.91577983311436,100.8645293750527
103.35089095586622,103.27640632352055
96.28202888087785,96.22859469388939
95.44326857906525,95.36627006294351
98.89991031044414,98.72562503252449
103.06534252153482,103.03331855260333
89.80759951723446,89.63538941329404
107.45375264493765,107.3838751845016
109.42014163521456,109.30540500627993
92.74036964304473,92.48369374378024
102.67946224371403,102.62875593054126
98.32142036962789,98.25692686689274
94.29625898443092,94.23539673904408
92.86917817517406,92.63577918958342
92.33450724647531,92.19089946797824
103.97081834355309,103.60910919057467
92.56812159198864,92.4636651009061
95.04810561630426,94.9749949120798
97.0246358056982,96.72706700453104
85.95231828086682,85.41580199495985
96.50060325142788,96.42560752063392
101.78346815519566,101.71534044498536
105.72747322203664,105.54061797171873
94.78617242961568,94.70778537673752
104.3506547328134,104.3006916699127
91.45308564857473,91.34333528159502
102.91801124526893,102.852955350785
89.716530508895,89.26124396536119
98.75034693444279,98.68891420948611
95.33990680446458,95.21994538604726
95.98761574534834,95.94192243391288
99.24691480355567,99.0968781652967
97.00499057710282,96.96371055189809
94.2610495114171,94.0789805157984
94.64365522648055,94.55333074957852
101.10427849313521,101.05687707920187
98.82046959776444,98.77790777482693
94.0599923712806,93.98866605705676
97.97645055008122,97.77467261256349
86.82153389553321,86.60443393955359
92.79759936734982,92.3906679334335
111.38739366485638,110.94307032667768
103.63365104491419,103.58116038218094
98.72179167721507,98.65164203130878
95.54088346830174,95.4896314058813
96.84651897814781,96.83006121549612
90.4996362164467,90.35638329951195
97.4822647746386,97.01819968576757
95.64521584346156,95.49242828756073
101.51940596008208,101.46680004620633
98.7042932104604,98.6579261275341
95.02936445626898,94.80530830711034
102.66097702388977,102.62853636436977
98.073757616988,98.05452546727426
94.22472673755888,94.17562784054594
94.80499352553733,94.59974683226234
96.39480753636441,96.32518247511979
100.52738207114662,100.49631714279155
95.15680816878763,95.0677483923453
99.5416120744211,99.50518163932608
101.56045262133046,101.47507631784622
97.67296050395441,97.56238906247908
103.34096737508673,103.28664858643853
99.6102490274962,99.565713521778
94.65586007238892,94.61524635472648
93.8892756623846,93.77500246244325
91.64102328637176,91.25397893218897
103.62578586292109,103.43009278204464
97.22101275940538,97.02344643417732
101.01917205899665,100.77740443165511
93.92979606300841,93.65427715552471
98.82957635100384,98.79909582639257
103.02633743831407,102.75487673976677
97.15133565053085,97.0608139088947
98.43217489486625,98.35935230978862
101.56340739065443,101.52622721529039
103.74417773592137,103.70592716558744
93.2459349954711,93.09460793010727
102.14946404299057,102.11493211201307
92.40356857476809,92.32565711068042
92.81017095163298,92.61669087873177
103.61787174568191,103.53033876404999
101.76518298685477,101.7041506604632
96.96463162159162,96.92943731033799
96.06095317856858,96.00527441086771
94.91330224795458,94.61929007053894
90.76840092514995,90.60261961297641
102.76154527011774,102.72140647010427
95.57364813861895,95.50125252069225
103.83483218270392,103.75348599360115
102.1807180774759,102.1430545277036
96.65740902088781,96.62132739875554
92.42332867750375,92.3599702101526
96.40348143560048,96.23007781540328
95.4912618611916,95.43659416676819
92.63477014527749,92.5646258734151
93.98040390135974,93.89174822797386
101.23819173812788,101.20181037154406
93.77283736253608,93.55548578582767
98.04219656932861,97.95563245324065
101.76643034464976,101.64037360527206
103.49142825093479,103.39842211982275
88.28720765187578,88.07619240254634
98.26656496595919,98.19760896469066
92.17080848877114,91.96713040663167
95.84323563512325,95.80489385432158
95.59035275750608,95.33208487002817
100.48692426309363,100.4181323740678
96.59565835811775,96.50608010262225
94.15200828828945,94.11095481030709
94.83826112452854,94.64740258071672
105.16674873888911,105.10270904039285
95.56938749303758,95.43632918014721
95.27192421034891,95.1712282643752
95.52073303794148,95.48721369959455
97.81189902976476,97.74164817371825
95.77873689900167,95.51994939466448
98.03451394628941,98.01436049787701
103.9357697441466,103.83793863022485
99.65588269529013,99.58506788355227
96.19778743364981,95.95218528883395
94.04392194138987,93.91934470771591
98.92433970171842,98.8544989375714
101.20275991021144,101.16303662386568
90.47241857193247,90.13147260886883
96.63508505888211,96.60007363255073
91.85862800226494,91.59486514383991
95.34002367821954,95.20618882257519
102.01156713593836,101.95319327953986
98.49628991787391,98.32734210250779
95.625373743387,95.43025175088339
96.29939435401562,96.21378848575942
96.8759788452676,96.71073699613225
96.37637141548443,96.268256473744
97.1650969957493,97.01197706501556
96.25063419175456,96.1675416311683
111.13985100321749,111.01107293457407
98.1813480380358,98.12595462234503
92.57258479593602,92.2506935046725
93.46461152967223,93.30585877862846
103.41657308087733,103.36356293991189
99.67836566195858,99.66124334978883
103.36308569137786,103.25722734564707
110.25820744707269,109.90021323305433
93.40028758673542,93.1351194750631
90.99393071264649,90.83444074169877
95.39326824987022,95.3629180359548
104.3938916057489,104.23929556107423
95.74008220680463,95.59296159658113
92.4924754719505,92.3729765720035
95.37897640046667,95.27948849868179
94.71751102230972,94.66073592810434
95.50241444228357,95.42049075873689
98.74859948625449,98.70228798312147
105.1458843140273,105.11300130519481
105.87559400371167,105.8143222986842
101.22153798980234,101.14527757648862
89.97468681265619,89.856633907909
106.73897005227288,106.56921995456533
98.16564269734367,98.11988235375466
93.34270184178195,93.27790377474348
96.78565001949534,96.74182268087844
104.92814404421833,104.84596224306304
96.12389560783942,95.92324427768939
95.98199333869186,95.95139859497796
106.07969027102456,105.9719099795689
102.02376329811457,101.87191883189845
92.484471948867,92.43596475408063
89.13706654088145,88.77118441888535
99.85865969894023,99.7962311320674
94.80931848290984,94.6993708191233
96.79071994308912,96.72438977757366
96.15233323802073,96.08873475173561
94.86609161269298,94.28329986413507
97.53888148372339,97.47799743279798
99.23280005502953,99.20725807177853
99.58498468399685,99.5403276380533
95.65293785682951,95.58993298186721
86.83865198968093,86.52719253814483
93.45703690229183,93.39137222599199
95.77197443816787,95.60037027454106
92.20148084923427,92.12853160530163
97.66943440783292,97.61898634378146
98.71980377975116,98.68822746157993
101.74431228760275,101.67387986602435
101.43874868720988,101.160123031644
90.26222271321556,90.11714556433814
102.6846845261402,102.65875521565619
94.14583441313887,93.93224145073924
91.32244769025716,91.04487675372404
100.19726041282689,100.0216226037265
90.28843851249265,90.11586191032947
97.01240621663749,96.95830052891661
106.53129057357857,106.41377891550697
97.89071423524585,97.75802980596339
92.8251571373792,92.67063284276244
89.6585022398985,89.0699417475954
95.77193896072222,95.73391165522722
100.53795172895826,100.49473979461347
94.1259771762794,93.87171586708168
96.15497874552048,96.04610835210735
90.96231552252424,90.71152110682169
94.74460115560349,94.69908116417609
101.86789455967022,101.75700318883177
99.25521949568979,99.13185700902649
102.88405356676014,102.80748892072137
95.58017089552867,95.47153094621139
99.57376911869805,99.51614851779304
87.19805065304823,87.04857451311406
98.59241079319364,98.51168181856781
92.64923670030981,92.35073619505141
101.87518388354607,101.74285853446436
100.13215681275813,100.05741053251985
99.33658549538552,99.2924932835117
101.78167536456243,101.71864881090555
99.49183164080154,99.41993625939928
96.74752574120815,96.4389620276058
104.24471365376264,104.19730730073132
97.5731027303657,97.45972180146177
98.94887954418242,98.88189507483737
97.10036299963765,97.04997761261066
90.86717070202641,90.72094888441045
103.72632876337184,103.66845329204749
97.15104633440927,97.03732912559667
90.31626860891592,89.91054372915814
99.85820277360679,99.79045121308339
100.45231100525879,100.36238422321793
96.57596272960336,96.5202239132824
96.36783391458113,96.32766461246673
95.0787992149566,94.96342709586686
104.18692783016532,104.15386133615452
96.32781086776694,96.30595518765365
95.63241178851403,95.4757767056235
93.69642093495843,93.52669343931794
104.36685049784197,104.1885040183932
95.43751039708258,95.28671703282278
101.05271647417045,100.86177310984637
92.51077919307394,92.31926858977124
97.31019053918648,97.26668457371193
96.82539276404358,96.70814673043539
98.25677459585526,98.21508041732656
103.52189166949194,103.4296834176358
91.61180790602873,91.43294405828317
101.70580817668713,101.66042532312697
104.58281339083173,104.50605324982735
103.9566931460963,103.84392167632296
96.01750730560583,95.7105063662056
95.37765967152977,95.07854265522849
94.70898195964797,94.64621720106707
98.129522407239,98.06554838861038
99.42978440843098,99.38221046888681
93.83461655510752,93.60216298444865
99.70282587068772,99.62618292523804
97.04322653491141,96.87621139850766
94.41880790075739,94.3748677082055
94.90946059725977,94.86678876359557
96.85447635739331,96.33954635038266
88.49675578763767,88.08116066080831
98.89696595588605,98.83865382323208
100.40929460447987,100.34634326051246
105.14247646115614,105.02659506410276
84.51902814543101,84.00949196012026
89.65382639113795,89.4651651798959
102.56147961693804,102.52993112991813
99.06434456919946,98.98106124055545
99.87043090256442,99.82686558140493
100.08371352932372,100.00097910191991
90.51621712297306,90.13310900115235
102.25449494267073,102.17512109856713
100.41712584660206,100.39172089967732
95.2693785914235,95.13250906122236
97.11113842017423,97.07989892503605
96.02737884066092,95.87805421892742
93.55428049312017,93.39652733054035
93.80325589336152,93.62065733481035
91.52401652256017,91.35286990304088
94.8982064796289,94.70940847650718
92.01979488694742,91.8504521115501
106.28638516863344,106.15754969962848
93.31433300453132,93.14863597717557
93.33677254038341,93.09791332752275
96.49876893569113,96.44628712140222
94.20630687032026,94.08375690157446
105.05826523539156,104.98330025611982
98.13000504403337,97.91267704642
93.59429085118808,93.45339277247234
104.85565675105867,104.75453556320862
93.25476313488156,93.06877298143777
99.77398367476775,99.69849899847245
99.39871996803608,99.30044662991398
98.45501583254173,98.38669364030278
101.21828732669817,101.1986187036743
113.64815972162931,113.38975893419943
97.65887632052971,97.56375602840454
102.68284713960873,102.63701307536397
98.31508746862391,98.23003756242083
100.90664215136967,100.86742941949464
92.86510873693425,92.734970670168
104.05800214774189,103.96664010652027
94.76165220789613,94.54405380455489
87.80990587879027,87.20883896236845
96.82167256688477,96.55603592746203
101.7728372240358,101.68018866822378
100.81932311191389,100.78231380038244
104.10050447197187,104.04821179336574
96.7660660124871,96.65516720223009
97.52758018521367,97.42862909593833
98.98955223827335,98.82694226558039
99.89943101356067,99.86562919183362
106.43522162901426,106.37358007837894
104.28276322802978,104.20117758706743
102.6484006473515,102.34110378399694
101.71268212139475,101.59977669259553
93.46309520956936,93.29654291812868
92.15715551891488,91.90566916908277
106.11374452018514,105.95893693785301
91.63905779372377,91.43346098336445
95.57201265439352,95.54926785511624
92.41513819130313,92.12150446339811
87.4938923538557,87.33339956650981
91.38246906635273,91.13693989462618
96.55755298377855,96.41031123090049
96.25924826767498,96.06316707952068
91.93159664296626,91.58054273274865
85.7849351406596,85.01683512044386
94.13730456367018,94.04609623424668
103.01101022651977,102.97383423053549
89.81498572521586,89.42074491112307
105.21670200579254,104.9014018931933
98.8202382167015,98.77671206078465
96.14764774153889,95.99728968891338
93.05789571283557,92.91366687361217
100.02059027870719,99.98693844515925
92.73445387292921,92.63072492385477
98.4526565408415,98.40905433605869
94.48591575068035,94.3666863728659
99.59390635198898,99.51472496376167
94.47412291906788,93.93417910320325
102.43609235133194,102.36379236695954
97.2578512740829,97.15506102304232
96.8414541179082,96.75282681142515
96.0827190767504,96.0265747319652
89.32712189796945,88.98213970695726
90.87463973933578,90.78713820785023
97.418678653737,97.18989588553931
103.06225643303806,102.96878816591055
93.17939646066708,93.06092154361224
99.74620513369798,99.49697199099664
95.0048394685597,94.7806026289053
100.49859772904614,100.43111728310569
94.04563262227799,93.89776033859017
98.22465188592275,98.05461299583556
91.94946572651197,91.74561511939544
100.52068551446675,100.47080531680074
96.54008420207668,96.45370153937837
103.10388943999033,103.04872991277539
94.49338102952736,94.32812809006532
101.85005236535694,101.8288005672169
102.41421480558758,102.3818594196694
99.66867080224628,99.61817252860443
91.163414388743,90.78171127771998
100.83026797502532,100.80117340151023
94.79019937683799,94.40106276280416
95.42297847757226,95.26071208416212
90.11341832701326,90.03709946304144
103.43289182530152,103.36560122435633
95.11689870126546,95.08169137131544
90.63503352949527,90.41078480010769
91.99639340117113,91.7886152707915
100.02166389696777,99.99537854570667
86.48933445708442,86.18478348846268
87.79244109390828,87.438582883327
94.3849327722965,94.17983994224468
99.66174686245353,99.57388656524917
100.97232081009203,100.88725896880939
100.67942540866164,100.61804079379374
93.62707383112925,93.50104869465571
92.35494392965192,92.02310900903862
95.93058436745328,95.73452332847934
97.91314480931038,97.86781675082264
94.20314324239136,93.7683564636988
96.2850068915206,95.97585949749966
90.82730772691936,90.58305357361573
92.72190319408526,92.34005652774589
107.21702157195163,107.05980837697098
104.67722119899452,104.50892098255711
93.43629736433505,93.30406295287241
97.32771082651678,97.18651609347351
94.73994903570714,94.68167892616543
90.5434234729654,90.26620686363458
91.74240279973624,91.66893106001935
96.40852494319552,96.39157465783431
92.28987301349784,92.15602351647637
105.65435621364239,105.57131883292504
97.62634131691813,97.4717780239657
99.84405065837545,99.71409220006971
102.656986854224,102.62131854645087
92.5119425549055,92.44110771574995
98.78590796782885,98.75152603415756
98.31463815484663,98.2219691351961
96.08131803674378,96.06379114481045
100.0472167330257,99.96213181938049
97.47531937982689,97.30960033637128
98.51510038506714,98.40620150626917
94.9307338255689,94.84916028442046
99.4477474577482,99.37003245982254
100.01747093571502,99.96979199829805
101.56968446528565,101.4828612987982
106.22533159971381,106.14355965772242
98.29891314615853,98.27786826140151
106.81106226498189,106.74478323721135
88.76454333207784,88.37066809553345
94.73929804660251,94.47087481384789
101.74586963779892,101.71724992736382
98.91626706969095,98.86656157243155
90.65081084678566,90.51479023777398
98.68566955443593,98.6093027801487
92.00510313079563,91.5656753687012
97.38933787574643,97.14720489802725
95.14412729339621,94.87187738109189
92.25048464009815,91.93068606548066
100.91464486522507,100.87762443307302
98.94321520164165,98.8721806789901
94.00391759273109,93.8691217676113
92.33649067508968,91.86645581800327
93.0689505865993,92.87195255002794
105.4273234348241,105.31917873423747
90.14550944361945,89.7794214062519
99.27663827670885,99.18766372149655
103.6378705042094,103.51166955542814
94.87337964827768,94.58693941322277
96.15981358201655,96.07635695286443
100.9314981021203,100.88124601325865
92.78771868066063,92.74474075660102
97.50715535418725,97.454785001441
99.10705171722194,99.08266781863549
96.1566559108445,96.12326206710232
97.78661427990686,97.75822276284646
93.21658750177866,93.15168741059715
88.5137662807264,88.12054458821896
89.9414786390444,89.3193599795164
101.77889890903646,101.70907037901506
90.98524203973234,90.79844943889682
93.98718629761615,93.8699324594057
95.8230687474207,95.75784931969389
98.92604064021734,98.87213660773341
94.36173082929992,94.2188941625206
97.11925901623019,96.9238742133001
98.63707817303197,98.13749757941136
89.17065637272454,88.98263014850284
99.9524076025172,99.72758821087662
109.88361587780682,109.67536103924358
99.44728655966487,99.40946357299785
91.98402276150895,91.76760344717961
100.25017082800443,100.05688416078154
91.73342781910509,91.38199150809572
101.17143403313347,101.12109492168065
96.65841471883945,96.62526134989938
102.57483421685592,102.46991907293103
98.41540488893752,98.37967056225925
95.35855147784376,94.98074951579888
99.50876362979275,99.42623204266717
95.46230839439414,95.42257779731392
97.68749637267851,97.48024385502107
99.86774840950291,99.78603875794141
97.04929290847608,96.9459660549472
98.0278434826724,97.93472090948623
100.67438089191229,100.60299331689986
103.01699857913131,102.67660299259413
92.49514993694206,92.31431126539103
102.05407307467917,101.98933707397164
91.5161504265997,91.27315671087763
89.62872901987126,89.44995184185402
102.60244406186395,102.5619760831181
98.31030647599958,98.1955647712137
95.2043745582828,94.95988709867413
105.80029839673917,105.563612605851
102.92336613539086,102.7685491895134
98.78029322076328,98.76798193969546
92.5845916804588,92.19467149285586
99.14218752003754,99.07021037588412
97.28022983374393,97.247164255174
92.95145136656112,92.91398890955973
100.8787980961476,100.83298790932028
95.88210887536745,95.83314878667932
93.55493481960464,93.40569883197533
97.65653708239843,97.43097302901765
96.06685298803593,96.0074911565798
99.99488442353478,99.90510088509794
101.3142566276305,101.21425872091713
98.95983530636767,98.93836846312524
92.12105035599949,91.96147083337426
100.20907123178074,100.18196638134955
106.26138135413402,106.18606490956623
100.7265077014955,100.692707851533
95.40969667252803,95.3178150919077
100.66362917322783,100.6201034587817
92.32100705051172,92.05989127434943
94.32374831709818,94.28261599395582
97.8714264823856,97.8198822100676
88.59376444072652,88.29992403946402
104.93071584298345,104.8621457671561
91.84143394790803,91.53951771370255
93.87599077596273,93.73184456280472
93.85039818857845,93.76281391977646
92.71908807187985,92.60445730898591
101.30481043627105,101.25362818831795
96.30218258347237,96.22557234052076
92.21886690487939,92.00533298207432
97.4591531108245,97.36094889672428
89.32007988225878,89.07688052259485
100.25729773968307,100.22935331480028
99.83053719858495,99.81486849784712
98.01824078535662,97.98075675433054
96.39537057138763,96.24683609179198
99.16630307298254,99.02478167222787
95.46477940835582,95.39780686465171
98.23993528639723,98.2253768568503
97.84653538694147,97.78694236146293
94.65686336784425,94.40881213786234
100.6571176052339,100.60543248139106
95.53506238829051,95.01588296821866
100.2926879481886,100.26406444825139
94.83829811380647,94.67377503240266
98.78398790564506,98.74342648505261
100.33461071227048,100.2129813437431
99.74678423061194,99.68553044677083
96.25134428670981,96.16829558781399
95.3715602471811,95.30068332211964
95.56317910020772,95.43544474853512
95.08251110748843,94.81310108878048
95.93990318890648,95.90200320001178
101.24751149172015,101.0380971619461
100.9071447258633,100.88290169876666
97.05777424694593,97.02632779938308
97.0104400236644,96.85217256342077
89.5221839662252,89.23905328015833
99.23461950642657,99.20643872382014
91.00611783967601,90.7555190293491
92.59665244288563,92.46056120616507
98.18673772013707,98.12781742888268
100.41172702158121,100.37264320827971
100.2823333716961,100.16190257706388
102.45510995489784,102.30747253504836
108.22182681014596,108.06020788209332
101.33784737137934,101.23257198658777
92.07599367726196,91.63972093275937
96.38260457287411,96.29279558965332
92.53156982085783,92.14835087966514
96.35038596252599,96.19101601853282
102.33022764310488,102.14068327509024
94.1670237376309,94.09239447140483
103.11856146310214,103.07440344736
90.74070931400134,90.4466990154929
94.77555505186398,94.56557491303792
92.74098954181292,92.27458968909541
102.33577994395428,102.31300349696058
95.4247823699628,95.36023908380027
99.03911216332958,99.00112793903963
92.89779262350585,92.84683421526996
97.11242998768667,97.06907300856649
105.84338598615746,105.77356578900225
104.45362231105581,104.40183460365347
101.42993379914864,101.40923388015793
103.00905795440663,102.8886097384054
94.15947835426428,94.11514023285173
106.10245713556039,105.75270084352331
101.91680972606608,101.83470547049129
88.76876132908404,88.21575584477489
102.20131573953833,102.18467436877897
92.47874150783038,92.36249811579587
92.5484738062396,92.43535992658632
96.51625490719368,95.82988904227564
101.49887842397247,101.38553348694435
98.03029958124225,97.93737419628435
100.7468971726723,100.7308422101409
103.95507494053389,103.8708934240897
93.88421298515064,93.7547765990462
93.18313230955815,93.0566455424581
99.1099865188757,99.04844598276613
93.95401124762955,93.88413237641517
95.29999613894395,95.08392338315969
98.33431314687178,98.3042651083727
94.6855373600716,94.58765522491171
94.06820242341175,93.98529065781096
110.0801664646426,109.83404842815182
102.39637333611867,102.28431235265138
102.22735822519986,102.0890170018798
92.47181639571355,92.36253117648484
100.68467447383603,100.65375563458463
102.40008042010133,102.35427746691286
105.52039237846977,105.45065341061616
87.69263222755127,87.36076365912328
100.08693208019149,99.99223421494132
94.68364516111275,94.61369172164817
96.09694183919602,95.99565109798169
96.79984285050271,96.739958559097
97.99637179201883,97.95567405814157
94.5420584323788,94.40846929793362
105.06009382505086,104.97752155548092
91.02522369287394,90.97276534488826
94.61704848641004,94.53462427844232
102.60454495380385,102.49918289732886
95.63297221545075,95.48839535202313
96.08992004140113,96.05313119254164
99.96548064883373,99.9305213711477
99.68231225232624,99.64576389799768
100.14500301585615,100.1276390779395
99.49939414754772,99.45444376899515
102.70736388851772,102.651439569168
105.70578425425103,105.62001012326051
102.77148160727627,102.69811672021714
107.45549914300038,107.19912665261202
93.98658077612905,93.93374090936601
89.4712468781465,89.29818159176453
101.72691006327264,101.62006785152087
96.85243400565014,96.64087939667424
105.15611191029484,105.09710910583408
110.55528661801013,110.24931170401653
103.44155480560099,103.121853978559
101.85273333277986,101.73021200634108
95.70288588730799,95.46644908700922
95.60045924197037,95.51657145380797
94.57414033974891,94.37949138795629
101.9356530710991,101.85656730298476
90.44183314185376,90.0020817447795
100.00762806017252,99.86382014031484
89.43265784060097,89.14253725302493
95.81401828560618,95.75613768551779
104.28640373677928,104.2370218816703
103.2222263102641,103.06856983941604
102.42683844072339,102.33351471805908
92.35685560586204,92.04570692725565
99.31503403008442,99.28306388141746
92.05774231671454,91.72235197871645
98.69956123279508,98.60360313263666
94.73960947669879,94.63868776537349
95.053319398538,95.00561199851872
91.04034492285486,90.76871168143644
94.72852038161,94.59052758794533
93.80005033838897,93.37168091091499
97.27419356884188,97.18357546692476
103.32475888834992,103.23879581114475
93.0976938278691,92.94224573415907
98.81495953864435,98.75668488745585
93.35296674524552,92.93682467340406
105.06312919913718,104.91764550933966
96.49456938083969,96.36159463832107
88.09635977461814,87.59963052336447
101.23459960772898,101.17148227426314
95.87133361223538,95.75840583096323
104.26336492109112,104.24713506762066
108.95211292010212,108.81463398705812
100.02897830677205,99.90837547563207
96.5545490338107,96.45452812826608
91.60468867645609,91.16214896762129
99.82699195062159,99.80394245162452
97.81256050206768,97.74871614525921
96.79817685053166,96.64667670318784
96.78919269628908,96.74341402116906
94.79877746515677,94.59015474064559
105.90977545793783,105.76547028737342
101.16453302009488,101.03413793859217
95.00334972632048,94.9314506769965
101.04977713004325,101.03716465547639
89.8739383292064,89.75588238848907
93.3004300498233,93.2187348837869
90.8525947568612,90.62637953615798
94.41776840064648,94.34357035481938
90.57077198117815,90.41298877555248
105.27486121702337,105.15448978269946
97.38886204266596,97.25795659667068
100.66076609673986,100.612606311734
95.42879871445331,95.37268419926217
98.3591188031067,98.31042962846786
94.32634319226364,94.2430944888105
95.73626678237737,95.60410275690518
98.71692482497313,98.58408993675727
99.29470496286176,99.27092384837756
98.51658684029877,98.47821399167567
94.22807305812863,94.05281525625112
92.92796859270962,92.68370175063052
99.53449410947601,99.49312096353398
101.00426777503363,100.77748294600866
106.43599666626722,106.334930824585
99.6737226041459,99.63459072672765
98.78381580065884,98.70933332616886
100.13693517161157,100.09706147171742
89.2046233664333,88.9444169799242
96.98732570157526,96.7210145433881
98.11246657998423,98.06708536876211
97.70345302028883,97.67514505741848
93.96524128025368,93.89151327485034
97.21229666474788,97.12561539460256
93.89504763292598,93.75189849455171
95.32930209108677,95.1690592939615
94.10271503115682,94.05593014311307
93.39978539286875,93.32055019473752
95.52712338426645,95.48055193498811
94.72223792539152,94.60654128573952
96.48192735220753,96.4275948984438
104.29559051515064,104.22680153381768
96.84180283174184,96.77159994182301
87.57593864446686,87.31190396941092
103.94966635427228,103.85908640249404
98.58045770325343,98.55915524318107
94.23987753343735,94.20568524796744
105.00100447344904,104.91049549941252
95.51008693172135,95.43219538636703
101.08172394519447,101.05753537496419
94.09669943029597,93.59763381834203
98.53118558175032,98.50147975535484
90.0663159608891,90.00163133013518
99.6300458390966,99.49743791393927
91.13705958357275,90.79150948547498
93.32448687414355,93.08019324962851
108.6756806228511,108.47484941934248
88.17502164389643,87.86587387684227
102.7903920501035,102.74249641143227
93.32001635027655,93.25903290118889
103.88302983158066,103.79235162127476
90.54456603315177,89.92857030648481
96.9763981384884,96.95267374595336
102.34846455449394,102.30912752732382
97.18175107513032,97.12973258467284
107.03409198513897,106.93923238339075
98.54689831527485,98.48120672453891
100.49792478748115,100.45160772358706
100.6473805785823,100.62420132192906
105.0000659074313,104.85255992361223
106.24664665364928,106.18197791973061
90.91377033210449,90.54168746639739
97.26189162327105,97.23619423810037
102.39502000667824,102.36189463938946
98.00536220173875,97.96104885024205
96.1174577767313,96.04313298888799
94.10800479447141,93.90383100857254
93.33428968415046,93.1018405522626
101.99183057416187,101.94843363878145
94.95611238406904,94.897839545849
98.88546474753608,98.79583799381484
95.73927624829074,95.42724498552037
108.5440485967477,108.32922747733487
99.08596434855656,99.05422789992953
90.17829471701928,89.8492962427375
91.87129103083366,91.72728265947646
93.98994711918222,93.9076553936336
95.68467456034519,95.496728515723
91.63552958743497,91.53132274268668
99.94182534710477,99.90364947145459
99.65787608546985,99.63265401680339
94.91981652587162,94.85521423911214
97.20611617273288,97.14242556840456
89.19134931284857,88.75671218793246
101.46798200646086,101.43375940649516
87.75701694834747,87.62295841958795
95.50135679024643,95.4103655917451
104.4552888075279,104.39640559342149
104.08745623024527,103.92738561135212
96.27357114236109,96.20078281508974
95.13824344920029,95.04271763250694
101.32189521848973,101.28231821825672
99.64674717851547,99.60109894016763
97.96947735368676,97.92387403412347
104.54877136813144,104.40493627863455
100.47129889185831,100.42931116801866
98.24112323477058,98.14088777110584
94.71282716847558,94.58803872809203
103.63917355771515,103.58640584466536
91.2218832509497,91.0500293521126
91.52081651282568,91.24394615495518
90.74514124105286,90.35341209808678
95.52499796707389,95.45904398202373
98.22405550409935,97.70609813497094
95.92587132421602,95.87610298185234
100.25159385236724,100.2247864902598
105.44235480450854,105.22212697477178
96.53801292509864,96.28228070568417
101.12625598695863,101.07688017886389
93.71468148805761,93.4237186396597
95.50716505389013,95.106421748654
106.20622847963492,105.98006179272947
96.41068903165966,96.33621321418629
93.15493197828852,92.91324689290232
89.52884772046119,89.3546438447133
99.41663528585208,99.37367993601276
103.62000097010696,103.51528409788722
98.5827627102844,98.54961637226972
96.3793797530642,96.24274056095197
93.47422795915494,93.39420121600403
96.05156536945786,95.95622989874558
110.45679322350549,110.27262448951197
101.46337480523133,101.4050750484073
89.09082914058946,88.70952678133334
96.64080247144175,96.51260663837257
98.38035978571602,98.34317550326678
94.32781053990948,94.21487207664744
101.43382431225581,101.40896993950268
99.44344739299095,99.35767854547989
97.41888150188977,97.26921027085166
95.19012796269668,95.09129040201155
99.3969274332912,99.36918147687254
94.61916297017376,94.5519896399123
94.67140419621757,94.52727883233213
96.41278596050265,96.37209745858875
93.81700598875787,93.67904073916385
98.4114941674323,98.3117497347231
101.54286106181449,101.50937882690029
94.81101441560621,94.69750344910484
98.10670029250865,98.0393313431544
96.34059158647675,96.29311913239361
96.90729440114775,96.87636700341066
88.36760747833776,87.96769319544315
94.36041209444747,94.2855700044102
95.00653248266916,94.82605649929411
101.13677346324684,101.09306116182468
106.30780791040596,106.25131381665602
97.09696045349322,97.03072913364421
101.87602711961894,101.81247511674128
93.45447919288794,93.33457970085234
99.2182135463624,99.11021598870062
91.83969762504488,91.63199126902003
87.95891472478543,87.30525074723322
101.23260917596332,101.21562793608518
101.62416087267256,101.55497691684447
92.45876686622283,92.24020137546931
94.39829152495506,94.32556313636228
88.27890690560042,88.10015891253873
94.87919911986428,94.81230066616915
103.5687309176646,103.43006170988596
96.25989686872362,96.20224927302242
95.10514241685893,95.09743780490908
94.98000022788312,94.95268758365407
108.28879518638342,108.13903031250786
98.3521464180929,98.22649642147668
96.73833169532004,96.61749131067545
99.8065898077423,99.68109227641824
93.912312092127,93.72522139640046
90.83778297259923,90.71972494220537
94.6630981202335,94.6222051721278
96.92737998050993,96.74805402508458
99.65808262134424,99.60453881561664
96.02806381600959,95.92820313541587
93.79746689921882,93.63745306584997
99.16333737316906,99.09276107343496
96.50674958915032,96.45431714001238
98.54079334254273,98.46396930906687
91.46318126107191,91.11854439531034
99.24816725636319,99.0786229452362
93.8095945099926,93.74635773126552
92.11117342183641,92.0329805629217
93.08913947195231,92.82794386260223
100.73703838695474,100.61312878543656
94.7576913519752,94.72940056640337
104.26565922230112,104.16407353298862
103.63684062934935,103.57988872130595
93.01797253415934,92.9588828392683
98.78831667866321,98.72635196017582
102.25082383015615,102.22430216078423
94.73998693237931,94.29354817959624
100.5321984694608,100.50308580737983
92.02846659914427,91.7146576415356
102.25633554188205,102.14135769820015
91.96915778128245,91.90454696171442
101.74533010485725,101.69605993181771
99.96115637291851,99.8822364989792
97.91032427396699,97.88689069371586
98.06560488461535,98.0215749134825
98.71114839603607,98.56132890047643
97.44863275084275,97.30933275500892
99.39327628077054,99.35376067161718
97.67354730376226,97.62088678687566
96.48574895382986,96.35654435055845
91.15968324709357,90.83953710317579
91.58859728569765,91.07248578073502
91.83871454944638,91.72420700377641
98.94987680042506,98.73237904297729
93.18104376673426,93.02218078179327
93.90749519646259,93.8437696723166
97.07413819004094,97.02216260730913
92.95828203589507,92.16593794388587
98.94376299647249,98.88386175879623
95.47860875639248,95.41438114330427
96.68168159676378,96.57216222360833
100.40877800830278,100.36557758365834
93.29624368301624,93.18386808614666
91.77921488713146,91.52408767007739
97.71122135208947,97.6831919794992
93.3705473063375,93.10121078727927
94.50921774922186,94.41813324061447
98.16044814899942,98.06909368966328
105.25867854840533,105.09946975888003
92.68147246858655,92.54882435106921
94.18172907242699,93.95463301729349
93.08293009782032,92.900066619402
87.04580159371999,86.68728653421726
92.49308942310088,92.45360625844914
91.40714797048715,91.2307013811267
101.28910169572931,101.0930670080447
95.01808294417833,94.91137337169799
90.9156834649651,90.66031344966996
97.66094321323057,97.60498788504928
96.81748182186146,96.66661654546242
97.59055597686839,97.56455810430748
93.27597625275541,93.18955148763297
98.49986800874252,98.48107695321312
98.71477544331825,98.66444159781457
95.72508797287603,95.55113542028778
99.2833068303584,99.23822610601115
100.8444201702679,100.81840269345392
95.87614474751585,95.65203600072378
101.94191243780811,101.81228964355107
92.72371375404356,92.58894254536285
97.39728302468983,97.33803939573765
98.32201294170767,98.27446509080896
101.65686456241417,101.6207969131661
86.08541021934167,85.63001804419466
98.1711191958834,98.12730244899157
91.98776520506797,91.75012394208028
102.02519033608723,101.98561991942316
107.77558891433986,107.58247235940229
94.91579749820177,94.85836484912846
94.73241337692708,94.49357203736155
99.04615910925897,98.98383069825468
107.16807443585509,107.0898919542324
100.17509030756918,100.12248137569587
95.65958760990205,95.60299251890335
95.44490845298786,95.20977192056347
90.81656942898766,90.42086078482987
96.28755487361576,96.26103457822465
100.2482233486551,100.20048584514971
95.89385861552223,95.7304096023554
100.71512462141547,100.68039936358666
98.260058834137,98.23862305184663
95.29235333396214,94.9262024857743
98.13888263933178,97.98041217486131
98.18907067255266,98.07426385561644
94.60345678531128,94.54947350971553
98.47159022483082,98.45763405731968
98.95895199722419,98.92561202126944
96.77452541909277,96.75656355798986
97.8234488564615,97.67952553616361
99.98640980956881,99.95660190334902
102.44172561187888,102.4004759704798
97.45247264854441,97.3388718318052
101.5592031593668,101.43113966230749
98.30422643711786,98.27922407276422
97.87427331213729,97.82751896635858
96.67968437577787,96.63747934178552
97.08750088308919,96.93796951330958
98.57526615414034,98.52557812991456
95.84321538364668,95.77973663552227
95.80503473808184,95.65868841429949
93.54301408616544,93.44829598181579
95.45985290277686,95.40635292394614
102.31422776400164,102.21531934432977
100.67078567956158,100.43373957797138
99.35472506452692,99.27094853012943
99.49451787726244,99.45431362456785
90.62708396181486,90.39708701683625
93.25618921453652,93.1344161935821
103.79276134087803,103.63242643387737
107.08086784990465,106.97918984766994
99.36819958201202,99.30194762568489
98.3481301571535,98.29904286461256
106.56299834796573,106.40507639044263
104.00481459950969,103.80738480303263
104.92711661563933,104.86143845430595
100.03911851878848,100.02492402449141
94.40206579767663,94.38179671818175
97.58937261423021,97.55085616538906
92.92846490580976,92.76250231081123
96.05705149682001,95.94876446067919
103.37096111837054,103.25021914909603
105.75918582792647,105.69424368012403
101.17684333512169,101.15980867429248
96.10909496867912,96.00225808537171
96.55747848489264,96.44040084235674
95.03278419318575,94.96168963962111
90.50688315920029,90.35046154162563
95.12217227930671,95.06569491922235
96.6820648581202,96.60975357587773
95.78258204668464,95.63226599606705
93.58463234948539,93.46236038822398
101.1940593327481,101.12393741876976
94.54939065387386,94.19220440452787
101.02520140291108,100.99256171253825
95.25806521550666,95.15831598939666
99.83445401489334,99.7406689693222
89.61820864073408,89.03102944571269
95.16931291449572,94.97199029059348
89.39334435519174,88.84975662729305
95.23536936990591,95.13185085321166
102.03800344739523,101.98802999711195
91.4988746373741,91.2990679080542
102.48471140165412,102.40917090916665
91.36772306702724,91.14291001422148
96.5316115834542,96.32707089065681
90.12479061693706,89.83244967630145
97.63556772422902,97.55561539081386
94.34341782789852,94.26635026262852
103.611938621515,103.51396421592605
94.2867274606574,94.12178829822615
93.79013301308916,93.70157987274612
93.24080715952046,93.14485181342272
99.37873361784177,99.36071907986464
88.95769297259578,88.66941493687827
99.15309307832658,99.08202223164643
90.06673343776974,89.82540756094386
94.79887455767187,94.73195251267157
100.08757637522443,100.05992662711309
99.94545280076363,99.92814298012713
104.12432517461711,104.05340972140255
100.96747638376536,100.93696339240691
92.93125890708792,92.86496549008886
95.62544204345154,95.58548513375237
95.14242747782687,95.11200133652828
101.29350841706439,101.22654025547237
96.69549936001022,96.65557124942544
95.76067811804818,95.67481790612543
95.33652430962758,95.23485285149972
94.2485076444381,94.20102669679551
103.9676011620319,103.93406713612951
98.51998174086009,98.47444397318563
107.45858567344561,107.21655307820491
94.46487024177641,94.43038015539852
103.06946908318763,102.89117017819041
91.28300335852381,91.1618247100729
91.30347745060644,91.19213196497047
95.613711671575,95.53438105320545
103.80249298734489,103.74776285943382
106.43139871309357,105.89631556601593
96.74253645874873,96.6346000836016
100.40928319248356,100.34131234857726
93.90236794514222,93.7550502034649
93.61411511200512,93.47612160321731
101.85360508257513,101.82044986369267
96.45430058949232,96.35900590731346
97.05567648773817,96.97566675139562
94.19262709429202,94.11807951664474
96.54648853689378,96.51257678427328
93.92488415687039,93.73718857953197
101.74927266011262,101.69832804845281
99.8213529045815,99.69755030754337
93.99372358238733,93.68548881250118
97.61361492086392,97.4827616339965
102.18416466765875,102.15957999955478
95.9976551618317,95.88815279177962
90.87394840119798,90.75887822356498
96.21381091751635,96.06744094340402
91.87090953726036,91.73570540658991
93.00709115847832,92.8638061408817
87.05807509793333,86.79613876890652
112.82552262561163,112.17546067527368
109.0530227506315,108.70035367826873
94.88755663890929,94.74821789185167
93.57510908993012,93.49068013631751
99.28211657361942,99.06780222302095
101.48479509956313,101.42363452040989
91.35339494632836,90.98595362052242
101.88433999994177,101.81903032199317
96.44588867498624,96.41682748455035
99.2696426880076,99.15839831606262
101.97043714842283,101.69726430739999
97.64006076736527,97.6007019217448
84.49622900288809,83.92588911963243
100.19482469043746,100.15549481586002
105.89243852150267,105.84043277341402
97.72204929323466,97.69403627076069
96.36973252936983,96.28912940234048
101.9223138118298,101.85292738997008
91.9960628210649,91.7686497259501
99.75784715552828,99.71125270634181
104.71020475356103,104.50828788912722
93.59711206621562,93.1020521587747
103.52531889726723,103.4620239360512
95.56190738083342,95.35085885689166
97.55768202115058,97.48778671486238
97.70328241719776,97.66941939113491
100.10526789893969,99.92547104472587
98.48400132413197,98.37149029573492
94.1064271034691,93.97177147555699
109.51386538560575,109.33307401830575
101.78157376724532,101.65210527415394
100.73995132093759,100.56194876137468
98.47767717484413,98.40863774911844
105.21273187285362,105.12539859962072
110.1565368633333,110.02551490810269
99.22888995460771,99.18747395661826
93.37614695520044,92.91693037729803
103.28204703617392,103.20056698513132
96.49213275695688,96.46960456724001
93.99684150776464,93.9240813078996
93.34145729651195,93.11152445957204
101.73317381352692,101.64422794953711
91.38534806626001,91.04507437993159
94.51666752012689,94.39991842054125
94.49453647395349,94.1088150990067
103.85023313782739,103.77103626259968
98.5224250810384,98.4721978613784
90.4216784816001,90.20605005786972
101.52690705846182,101.44138366940456
95.5026663059659,95.4663008903525
91.14995054846244,90.98537802592358
106.41424030432228,106.2095952095335
98.03164891637736,97.99825902727571
95.61525599903572,95.39404698677937
88.50299343448323,87.8737929821783
98.33699067876101,98.3099105362411
93.28602395666171,93.08229375182725
86.8791183915979,86.01510039516413
96.81916841256567,96.79320987873407
100.24917469168035,100.23242564479773
96.02701057876173,95.90395296113283
92.24393201709916,92.0517484348804
99.37563694584313,99.22000120667244
88.02866008181022,87.72505569283673
96.83814472138987,96.68261681540966
93.44404275140607,93.30300882291837
97.13021944694549,97.07761493798883
96.22011930770513,96.10334812977312
96.14581853561965,95.9712152154746
91.08056138977351,90.97891943921015
93.47692754593598,93.25695776770412
97.74529462583497,97.66004611697687
94.04355859760139,93.97745878785342
97.61975961723925,97.47117161954901
101.94212854928665,101.90165588795487
91.48065045090252,91.35801308307101
96.3340242293841,96.28774855330965
97.4291209202944,97.39414940353414
99.59991883084209,99.54297331498336
103.57017691857956,103.52035503420764
99.91534965756269,99.88985825867525
103.51740106636161,103.45946467840484
97.89155272152082,97.63914970045435
92.64409765153343,92.49810228500826
96.53898110501139,96.50387771013114
99.45292928880502,99.32095920727424
107.61953494318067,107.51965065304512
92.29380962153198,92.24368265806952
94.75323747008147,94.67433903528955
100.25920146001098,100.23110932953945
99.36349833431586,99.34842073415939
98.24100213398714,98.14325765366135
105.26395136848404,105.01660268506166
104.12475605802553,104.06320519723532
95.86950570645982,95.80665745835996
105.31248812907883,105.2299792638577
88.93155542727051,88.75311821715673
93.7266927180697,93.67938566169691
94.63705723870353,94.5734733340595
90.61284266806231,89.910423455906
106.80156497744903,106.67658401202432
94.08541953392528,94.00267128630237
97.8001991896748,97.70700043428465
92.71978609767122,92.4572962976485
101.36941818916257,101.299579316871
102.14793117469908,102.05991154601914
99.02183533718758,98.81830866935661
96.29358287628251,96.23904362820223
92.43036783877751,92.32703256142652
107.24618782572865,107.00742283473178
107.21409172988835,107.16498524387484
98.30449963911947,98.25478026506215
99.74540657959031,99.72049975075464
83.34846697124566,82.863044865205
96.98998354400597,96.90454041014986
95.38292766098056,95.33168511594505
102.29384722056103,102.26534473270327
97.9290186512346,97.86883883913211
100.51460042911341,100.49047775744432
92.47321325134754,92.28465958404037
91.87014641103976,91.58299358065959
93.24636809224998,93.13402913282482
93.38657298087226,93.20664977275177
96.11674472410506,95.86321391412275
103.91315170661133,103.65187387115802
92.64725042571365,92.44986340978822
99.98943433780633,99.9267105359155
99.56935707746625,99.51272037445959
92.35971368063552,92.21305055709392
104.71268734266208,104.68254582797172
101.37743676754113,101.34919577300147
99.6719758359293,99.63441684003139
97.65296024949515,97.55801597822757
89.05693746512225,88.69820211938985
103.33055573774547,103.27591237519353
88.53885234306193,88.34148543218622
88.25123942003947,87.73819471923518
97.92149173876456,97.82729662499936
96.54256568899727,96.38252117112798
97.55730769249841,97.46538116793914
97.32479530882878,97.25998120789622
96.30661969627694,96.22216084868113
103.55672108840977,103.51818213372971
99.53119386768141,99.48935921471464
93.69619269433687,93.65584753003237
98.06401253528193,97.94711075199933
103.26073497545416,102.8341803795389
97.9697971739091,97.89674082365434
105.88942096352206,105.82721767577264
90.16522890876755,89.86830370203838
94.61744638523649,94.53716108289996
95.60415780529428,95.41735699207752
100.15736775656133,100.1125847573133
97.5693871877582,97.53421231502429
94.34871224485909,94.19268631514619
98.45989501440147,98.3882682727695
107.68550820756437,107.58436294892469
100.06440465545533,100.04280417156154
96.03539744882107,95.921623245765
93.93083377407439,93.87583499456002
99.8102913072039,99.73857025791926
93.46686120316839,93.35730766728395
96.49872187104047,96.42730906270765
96.27666913756391,96.23765930676919
104.77090786781405,104.74363968843366
96.82838249217455,96.75364079535757
101.46037386883185,101.4267700867513
92.23701929573873,92.04999367503218
90.96097167162283,90.54680423628767
98.60402379084782,98.45160619677966
98.24006432276894,98.18693389983633
95.98009036165612,95.90999562634862
93.72530352901194,93.24598924411342
97.19658411207814,97.01082572848486
94.07888431165064,94.03756080379823
101.63447066877214,101.60719026592852
101.15587404586034,101.1169198672837
97.54668511589419,97.46370604303465
95.62906551597247,95.54097890238153
91.91160341387554,91.82917035151384
98.33501986160049,98.23490814962024
96.22818720193496,96.14618707763563
95.09227212333435,95.01502263804373
99.68978975839276,99.60962517138478
93.43084240865451,93.09643472528505
96.55522357893709,96.33296771788186
101.254033565088,101.18074207214013
102.79924414512917,102.75826674154938
97.39624142744702,97.33645518543403
96.54744633193124,96.45206191003025
101.18789389513312,100.90472806520987
102.99919266145902,102.91172288137642
95.5714289456507,95.48286404899432
110.4385427590391,110.11933015310456
99.22393471697947,99.17237379944918
94.6563832308599,94.31989180703647
98.34339678064168,98.25145389048141
94.99527953424355,94.87167943492422
99.65740906229463,99.58694211960936
96.39749354630017,96.3045830105151
96.39352732757132,96.33797534555892
108.57062121860714,108.50873929388318
105.69584821110735,105.49075888948484
90.54595023415955,90.34040267472436
97.31995280596598,97.21370473424567
101.5171127432325,101.49690734589845
97.95914078084016,97.9265199060735
92.89851794748667,92.73648435114708
98.95909361623235,98.9227541259413
97.51948337623026,97.43920225412148
94.99421689105867,94.9341702616254
91.86136165109423,91.56508046723347
105.31523404775479,105.23025393824274
100.84157479076597,100.70729888080912
93.29941192202536,93.21252748758454
87.76935743694963,87.10246085716892
95.45790893748625,95.38013713871224
103.00907921767083,102.96666595553792
95.53927217345877,95.38517407151429
100.950906310591,100.9205661456235
95.24003062973739,95.11181221745467
91.71677645433284,91.53439396764769
91.93515617314961,91.73881272722151
93.08461213711445,92.97480632484732
94.40182745680433,94.32257873147243
98.57156595361482,98.51586529953131
95.23370301758757,95.19767086820761
93.30499792877332,93.20309362023228
103.9684538296711,103.95026744779756
95.16095243484408,95.0510965808411
92.25675396587006,92.14357632585518
94.43591481424568,94.28031633809633
88.11891775716795,87.9682444097967
93.99557961744964,93.90800757174839
98.00027687126476,97.92729374180773
93.23938974865702,93.16222243504436
93.44018113691786,93.4005833033661
95.59856778113084,95.55177773530025
100.64538560177154,100.57459001083465
100.92752904827653,100.77151532517955
90.78490470427523,90.5212609530525
90.63189027277694,90.4326312892845
89.60508915825326,89.1925624149529
94.97942659455502,94.91573829021625
100.10987508308692,100.08088729594387
104.91211584390248,104.77093895200562
96.69051021230405,96.65373325319648
103.3150128606208,103.27700523933208
92.7488988819818,92.4963942680682
96.92679697179452,96.72738083683403
90.1610895196714,90.0210644787381
98.12725663810058,98.10297019492067
102.29674986191014,102.18293923088005
93.10405768351288,92.97377340705135
104.20181264191768,104.09692028381473
90.51224080049867,90.15992776354575
87.09329266079158,86.86294562965868
100.96172851011224,100.7502718837217
96.23036635680916,96.18550373763514
94.61841369615489,94.31851960542237
98.15805796639475,98.11576489994154
97.2283102300825,97.17789030662787
99.64495552235516,99.58652770838808
99.58744028668025,99.509635947449
94.38836543784515,94.26927241199371
103.47656243238065,103.44313540071545
96.07269940665523,95.83189944776083
100.6466209442857,100.56932238452731
108.67705315917594,108.50621441342156
95.0977392642607,95.04325961542204
97.7087669560695,97.67345334875303
97.20138150443077,97.12982232569156
100.00331083536906,99.94651357159279
97.02278318903012,96.9571525263223
102.65962488566738,102.61758354564174
95.95452224412931,95.76857894198145
97.01478230556124,96.96481426244455
91.56932884492966,91.42383150299828
92.29612030523569,92.11696132920954
94.89530249718722,94.7609399877132
95.26731666228811,94.94930741281108
92.39264027679508,92.21910624323476
92.57501430149718,92.28683929798558
100.65308900058446,100.59089889063114
92.46947291683693,92.28097845887076
97.14320111794194,97.02221926136139
98.8667061296223,98.80881868987822
87.25245074952527,86.6266011781049
100.35752400556339,100.29832344577352
102.5375854182613,102.519109169034
91.4164518296039,90.97044763409914
102.48604507125842,102.44824040224478
94.03222583182055,93.92508504413446
89.94245535678641,89.61541769337838
103.43208438952206,103.39567585653757
99.47810199693674,99.41637630949086
105.6231149245536,105.52070602820015
94.3406531421902,94.1724796137519
97.23784380031917,97.04889695335113
103.69590404987461,103.61235733052749
103.09737380224408,103.06064592120225
102.01015994388099,101.86997580935969
99.16175105656652,99.11695958740219
102.71074172664542,102.68896983251493
95.42122360760038,95.3140139114994
83.52146886272236,83.3042732032919
91.8082253592985,91.29921210881139
94.98798732415644,94.89190389112309
95.53182881452885,95.34847372309548
92.6765757784038,92.52923961369692
98.8117130178079,98.77060590030541
94.10601855425932,94.03937908949865
96.47950335667355,96.33327114290415
105.35699496744081,105.26736434034969
92.66210150987692,92.35895481794232
91.58644859488362,91.2973964421312
108.65078985533317,108.49578421529519
93.38309345626504,93.18319760697048
96.57097207659274,96.28619485210487
100.66125657505158,100.5814053677566
96.96255635461712,96.87364262926211
105.35137239651384,105.20672590123223
100.42227247764131,100.36104165477347
96.57258046837401,96.5513785122133
96.21707747336443,96.09510018660113
93.6507865343826,93.39308483108888
96.93250925694615,96.85903416177858
101.05255909581616,101.01243588146144
100.95362136807442,100.90381599714591
91.60731944395827,91.44292974336895
101.49714028900115,101.41131532868842
97.81368467786075,97.75369588408918
93.26292801756539,93.12966394821201
92.23574843472643,92.04603850960011
92.12180941177421,91.93266281916698
102.69521208896118,102.568575776837
91.5684580160774,91.27061495661809
94.89516301218615,94.66722806422943
95.0381739017759,94.76094359448845
114.02037128703729,113.89556989895607
95.28886163420707,95.13931802710624
96.56152294170286,96.49600483004873
89.58462319328567,89.4177200510351
91.02787274212056,90.77566922253392
87.10598057820633,86.78319460233077
101.11289603945903,101.09112924322885
102.17797693200882,102.15402239231545
102.40197043618251,102.35187628534364
98.30907698620186,98.05866424133444
91.8484147881938,91.63197544388045
97.2363059818171,97.15073375003502
105.94934002112346,105.78104499603066
102.04565558388086,101.97692569155545
104.36666278442596,104.23071833607705
96.52943292190086,96.49546539323592
97.72680675327211,97.62058273325297
96.4693047805219,96.17498993207256
98.25462296800403,97.99690064593428
107.35603614883907,107.2106104873636
97.5575997278536,97.531678717767
100.5156260129891,100.49135298719013
91.82318369562712,91.72926362377751
94.66554057450426,94.54425055655106
92.45821058736561,92.17124305711097
97.78299634333301,97.75385907366646
94.22409644680052,94.10897166364366
95.34122253127194,95.26822129520652
89.71691413138583,89.47212396419549
92.24537938800923,92.08614084881715
93.55514784684561,93.2029392532162
100.16281554840764,100.10637522913164
100.7387838626025,100.71534423897961
93.59170149988913,93.51070333354546
97.04398546751054,96.98491170376528
92.02531226219826,91.9348498626116
88.50471539578547,87.95113853179706
94.1250221449914,93.85157322852847
99.70705642618778,99.63091078701154
97.54571094886457,97.48221372787238
87.11819465426879,86.40395050602268
94.38917458777445,94.27436186331975
89.2106559979874,88.65118027516223
96.57660175444516,96.54333384383646
100.49786573950816,100.46450822857389
96.25890270485998,96.23001659904976
95.64156920468018,95.56784359679668
103.58940364167943,103.49740012515664
90.17509620350788,90.03555503680617
100.13420892398193,100.07654777699298
96.71240127381905,96.59595299991344
97.29557795721898,97.03845199101193
98.35426316218077,98.31888164910575
90.30167629135815,90.13338030172497
92.34023133081757,92.22648009135166
91.61320141004154,91.5167618959814
102.73164137950492,102.63613363874768
108.24456657541059,108.04802097088977
99.8630439551474,99.80853054795504
106.81828486687733,106.61697858338435
105.37473377780516,105.33427659063757
93.93720332373555,93.77538723401914
95.73998703736386,95.53981047736629
95.4235664740657,95.37963460179327
96.19006668994466,96.11805324355667
99.52539205499356,99.49321657464273
107.30283918533067,107.21792037840251
93.29563888761187,93.17715407108848
99.80587960393541,99.7733931894322
99.21338123965833,99.11412422988506
97.08184506594287,96.91089854640636
96.13150225371172,95.9308151526038
94.63731274241938,94.5428465310548
105.36915441276953,105.33943300376387
102.24238697510796,102.17487300262235
106.99508951388333,106.90098177093246
92.8483439217511,92.63851937654293
105.56419588724185,105.41057889341266
98.52305559166327,98.40633937253759
96.85551708570918,96.82605811767384
95.22668613527739,95.13758853527699
92.8937002833739,92.67630486576695
99.09673756762264,98.91825952454207
95.58557192976863,95.22860220954414
97.55715951019015,97.50039322057097
101.56701243944177,101.528044391197
102.29161169818406,102.23463793825364
96.82475389504381,96.52645706619991
95.08145489099913,94.82053999390234
102.0266026627096,101.97584713671507
98.80855028534911,98.7438860165953
92.77202727985328,92.5670887107363
103.6330179924113,103.56565514057233
103.51904393276713,103.50222264008019
97.99522288433735,97.90446123096368
100.09895386634987,100.05246356806566
96.15928750954083,95.93165411538023
99.35008458633266,99.13408761386053
99.26342070646253,99.25030201111612
95.56304497662208,95.41520873170653
98.84379008620404,98.82427278262044
93.41445012328064,93.30801587398777
91.02726789037081,90.84712894337606
92.94245131189257,92.55837501477544
100.83598213861076,100.7644736747305
97.29118330760284,97.19487620129884
92.93391240698857,92.73488071604596
96.77870402546259,96.64616586054747
90.04602958767632,89.80918470166529
96.95344358377731,96.8798277865901
99.32383340883753,99.05790402120168
99.5222399867086,99.41742125748138
106.83218522625037,106.52646956816719
97.9047955389642,97.75565662217112
96.85108142797193,96.65035447906894
94.43749868759947,94.31550577093064
98.09080430972223,97.9928675317238
102.59601437352893,102.57179863503418
97.61997086480633,97.59221661116153
95.5756046018735,95.43567573168944
95.62705244828794,95.47096468681542
104.68414395877745,104.59388484408947
96.87982285619688,96.76206786376306
98.50611853313559,98.19187136864582
97.99835129890049,97.8071285402301
93.5327847137291,93.39169393486343
93.15921181765499,93.01598933620117
98.54974731814694,98.4116972643317
104.25748328559257,104.00973628406373
90.63810846310233,90.13343526464324
97.89359184029398,97.7838170871981
94.6803592884466,94.58926924344973
101.83866621565454,101.70073965541138
95.68243990931002,95.61549457586497
95.94386221196352,95.90155797855813
92.60562265613407,92.40623281748518
95.44616014193602,95.34792496909742
94.77205156507101,94.39886579377789
97.756951740381,97.56826959303376
94.16985644393333,94.07456415624725
90.78010316578127,90.49498313952395
95.48826772455367,95.412372254391
96.78587718810448,96.57874053633795
103.26083945705206,103.23629532435677
93.10991244375965,93.02521523638552
93.84105831500916,93.41396992997547
100.487703672181,100.42022610463077
93.28870920727284,93.22511258577283
95.41530181603231,95.31298821361904
96.01032538219717,95.9390859958857
95.75265898956759,95.31244488555171
97.13610100146208,97.09148814034312
100.20644196300081,100.1760716611832
98.44170734970338,98.39516771994852
107.00121671407771,106.71730831289061
101.58685134119358,101.5672129773784
101.27761020812137,101.23540050420678
99.82358115490217,99.74647571266522
103.51679724404359,103.44092998180021
91.30197515715957,91.05726288176085
101.99752052534244,101.91836219925148
97.59841168084338,97.55886789193299
101.28130605079006,101.23521115024788
102.260569059771,102.07419638337187
95.95305662556483,95.8903022330405
102.60423761457103,102.55553363956649
96.11660627878621,95.87365646030686
92.82627775127932,92.63046620001461
106.73177562420894,106.40442039491037
101.786198241486,101.75960814249275
99.65050478677585,99.61495347668982
94.99573126263391,94.86424360831677
89.29454964902044,88.73992948523544
92.7076678509979,92.61809376202747
103.21429687114397,103.05936753975512
98.40898929013544,98.30113634132796
97.66181670997514,97.56632331696807
110.42213976091551,110.14442573409836
96.577461907658,96.4248403394337
103.72970775004576,103.69486768411623
95.7131600511058,95.55332855397799
95.05255516453828,95.00686429736406
92.47035913750545,92.32767080437263
94.53376015033474,94.487064011003
96.5068317276097,96.47563611345062
94.18563895590874,94.04905208133509
90.70812095669561,90.58003551634427
98.89179790726588,98.84150039271647
99.23412728128646,99.18813264817939
98.35177086421395,98.20789429254239
97.88137770196207,97.82510625105698
100.11481319492081,99.97316834726153
101.46412471852591,101.17508921797202
105.85693065807222,105.68012670108799
102.13258465512892,102.02157141378255
92.58555546434432,92.4117358269389
108.60662794658623,108.48471897355657
100.28556413457335,100.20842543793648
111.86276320257586,111.51522676683113
99.1431212742834,98.93921111011872
95.51148925309495,95.43680853299529
96.35976836120263,96.27203469223447
103.5855415878003,103.50576464792952
91.04957300180733,90.6478342081308
103.37991488419904,103.21285038866199
96.34193344779091,96.00550971637705
97.12033879484918,97.04297255686014
97.10625411734904,96.68578309477437
91.62933809819113,91.51933601364465
95.4670452605219,95.35860678156781
96.30179671063598,96.24977359957435
105.735183263951,105.53013964834219
93.40255358553104,93.3313352876312
94.3292552622691,94.29615909254146
91.90910987294929,91.80161890726124
95.85147538175944,95.80772276073559
97.20155079134916,97.14233224807052
93.60326773817567,93.53249686929357
86.47771509916075,86.1876318128817
93.19709438567898,93.08181683605115
93.39915090840124,93.28854903436101
104.50522470060798,104.47397649185547
95.63119738362705,95.54396825056234
91.8462055272608,91.71319960479552
89.39160306629003,88.9975242473343
95.29982727347834,95.21702329657138
95.62312859872321,95.53061494154123
103.56451585811168,103.5101374423203
102.94085747354873,102.84803149236906
96.95037110593576,96.84921215284369
95.72990162993261,95.44749337778555
99.8088346650795,99.78079233832568
105.61317788663129,105.5007916310523
98.80252169770633,98.73980065643137
90.97176576562781,90.59798765899725
95.423524434527,95.36359807413908
95.59113692369064,95.28392542818766
93.97625910436987,93.70797706200436
105.03159336242679,104.79982017464683
103.85026354645004,103.81510615699666
98.76083328137187,98.7420858484477
99.31260653814832,99.27695991500556
95.66503624316775,95.59999757195753
106.98767228132635,106.85346565739998
99.80391062724969,99.49315211730455
100.16335226985066,100.15389774044164
99.7594345984564,99.68695769279053
93.48310942134451,93.2982077916762
106.24169206540047,106.04702648714272
97.38933847648535,97.26395287159686
102.97974013610904,102.93419327723993
99.3281885822867,99.28314598817568
97.7037266095475,97.64705249139993
96.0017598032946,95.95725261677892
93.67520445194391,93.5303397190511
95.66840638258579,95.6434732977587
96.9205445700755,96.85696294924654
94.98399271745406,94.88833646468018
92.09627587932738,91.54927922319955
99.49725087465336,99.45619631650105
99.79120319312797,99.55016575940014
89.06474353665271,88.85813502816139
100.61688586746946,100.58052292908916
91.41981844141519,91.10972765199261
97.60446508330719,97.5791810076326
91.65985351232928,91.51854815932974
98.62169503478626,98.56594386327545
98.42201993569735,98.24246300859475
93.00936073511875,92.88735708626508
93.87999951419071,93.80631222924713
93.96163611427177,93.75813498973689
94.5095924848551,94.37831701743086
97.40638957659395,97.30826717382779
102.73314101548944,102.70122438075184
92.8634843028794,92.74669665855251
97.08272881384397,96.96799539452213
102.3679583433297,102.32774055649297
97.06877598926656,97.01469919180647
96.39164363913304,96.35104954969835
102.48333791844334,102.45019182409067
107.34806846391861,107.267535177324
100.66330657898754,100.62016944536553
100.18543346682105,100.1034191893831
99.27944837847468,99.25226893680494
95.91228006832685,95.78190662735499
95.71696653604528,95.63543151418241
94.20777691670939,94.15662157522928
96.77603371579363,96.46201984989786
96.18682731138657,96.15615989457665
96.24088797392922,96.05627696172374
97.78512906952623,97.69314260515024
92.65911830850142,92.55388486222452
100.61474521775435,100.44953900350981
101.78973770832948,101.72466019558361
96.60528303927879,96.33319184003692
101.51908839983773,101.48091007097182
101.23666555812008,101.22378298496427
97.79717698903582,97.76110232006171
92.90182610031134,92.76147182550584
92.94137906444352,92.86806216718182
95.82949579086191,95.68264139484108
91.33535920811839,91.18448852104018
100.54032729136259,100.41629734524898
98.19477596883156,98.13885834020482
95.58330858147143,95.42850458013453
92.53845316677506,92.25526272303881
101.03484425624494,100.99478586977095
93.91698981960333,93.81735992703224
90.06398618639763,89.74794327468877
101.53678585451196,101.50092861221853
95.11389815454818,94.99202677268165
102.02457999799212,101.84677896810479
96.36135605231013,96.29262579989872
96.57380096648247,96.4137682556472
91.12927160132809,90.89063049011284
107.87862964089665,107.71316703180504
104.92865899890985,104.86433123344722
92.2994002541622,92.07953079216469
101.48442566057956,101.45464509797735
94.44051901167724,94.35631518904545
99.49689690163946,99.43205365550217
92.44320971387432,92.35901672133024
97.03037046689515,96.98925208204338
91.95001859198943,91.83246885813847
102.02741410235517,101.98172350288979
95.42429648003854,95.27649687437943
93.3982033973755,93.25969222441573
90.47613630630536,90.34602971497581
97.26374270306586,97.23512303496146
98.09197374438439,98.04445500909507
88.250069301541,87.60833540415517
96.94651714924754,96.84203369332707
97.61051489521125,97.44832496743386
99.51890801686869,99.46117123129427
92.38890068775662,92.11791628174707
108.70855072910037,108.19409624530319
94.68069604059474,94.48444459174
101.84758402520922,101.78219841309996
98.14273595463382,98.04211665493959
98.13956929743782,98.05304129895903
95.4452669484703,95.38458607029499
86.76968629963291,86.43793104413417
104.59858624455838,104.53150524814158
97.95541376594991,97.93053824076294
99.6192377659971,99.39119364140171
88.52579975325592,88.255666767724
104.3511187311288,104.31350774320566
92.931954580501,92.64998505606347
99.80421997507696,99.62867221701823
99.14807399079083,99.11090970826108
92.79264832450197,92.60788661019733
92.8858466119827,92.71426792984194
97.47818053953262,97.42729556403049
97.66146859142914,97.55123170331461
94.93661146370688,94.62185718534188
98.21717022820926,98.1760904635412
96.67956929047178,96.6110558324928
92.8629848116688,92.30324783603703
98.82527851078379,98.66446468534771
94.99743793542483,94.92993116619012
95.58762324893418,95.49294821099188
106.3557770344741,106.24683100329182
103.78405053145056,103.62927617232486
92.49322982797023,92.212838679508
95.23882016604351,94.92810550737953
96.96536235914704,96.89059299596057
95.25624606652252,94.94216444969557
95.61496886629644,95.46640375646018
109.74569751499708,109.52794555865309
102.60660631489617,102.53508392831439
93.95643972910182,93.88591772604057
97.34538783214603,97.29252480487926
98.39832592479343,98.2793535560874
92.2101664517466,92.10058879305218
99.74121512542293,99.63806224680738
96.66403685291047,96.60090721779156
101.27779875294591,101.22752220285028
97.83030869861774,97.59104684705181
96.32753034344252,96.19716419938459
98.716089340682,98.65295492062694
102.68417914383068,102.5936227288186
100.5955266949677,100.53303936735622
100.16606615902928,100.04431729947251
99.88839438102063,99.80291184184121
99.68026563346963,99.65879332180836
100.56254250652918,100.52638874029681
104.09921123165284,104.00579737986325
103.13550705525357,102.92080614212236
91.14980985139812,91.03392231325097
97.8922662214848,97.78148690707032
90.55224552529084,90.30243826624732
92.6735062529427,92.47313823110433
95.56410562981189,95.49570970312053
105.7751878607977,105.60073693562605
101.0310353008121,100.97889008173462
91.63870282593993,91.35923881560417
100.55940956758876,100.45071300363959
87.3444189664452,86.98360599156389
85.41843579951286,84.81065020840845
98.39989926523194,98.36299846864989
93.98274772055358,93.85113937039633
102.31292910079226,102.2901578944338
98.96504769463154,98.89764879373604
97.41731737425327,97.40392982687204
91.92230257995172,91.56998535479919
97.65181412908612,97.59977844513621
97.02327192420029,96.98822515642868
102.35213431887608,102.31056565640617
95.91681665993961,95.87496396553878
99.28718060722895,99.24832334303936
97.19201941098892,96.92762979701702
97.47942427094105,97.41415116203544
98.91463566344122,98.8299134631653
102.5050196099142,102.43148429437397
93.3577722493414,93.15175717760496
99.8683694689712,99.62908805009204
99.92877373195803,99.8464248828647
95.77222157338193,95.43145758633013
93.41859772300987,93.26639536075301
96.75990664540639,96.72189881207774
95.30324981378682,95.16650298861832
98.84490845441536,98.75356997364848
101.24761951382429,101.18900270847148
90.39991308295211,90.18677633073247
103.03077950659844,102.97823813788631
103.32402414030112,103.2737581989807
88.58004605529776,88.3623459641651
89.98248891527842,89.62673912404026
94.2404897887548,94.1436236136628
99.8711395454319,99.85056106815884
95.8647970251123,95.81531252588813
99.05955647864829,99.03366090115213
98.25301511708729,98.2415178685805
100.29592633394475,100.24979909078388
105.34053505802565,105.19911535440578
97.51700719845132,97.50658506328125
96.9151801746024,96.7602120351295
100.89678741436869,100.86412271706172
94.97598007304973,94.87645694529763
94.66306364360936,94.62718378172667
94.97546558864575,94.6878932518344
93.67871143682252,93.65835373579192
99.20850903884394,99.11605665448029
93.63084239710878,93.52478052088101
91.9390127182041,91.67445854510488
100.08174215697034,100.03111227593627
99.62553928359276,99.60299723077334
98.75879814190313,98.72817036317905
95.04912748753003,94.88213742152767
90.88698385507107,90.69685648526671
93.25550854331402,93.20314911336528
95.94950483875175,95.78899949276988
99.87373161477392,99.64351436234077
102.92980863562224,102.88576587353431
91.39920008559129,91.19789746521238
91.15561351674667,90.9108161996669
94.161769847753,94.05256644230813
93.40313685372827,93.2085427239452
100.73936982216533,100.65598596631936
100.81917089390048,100.70450690008589
98.44486821122173,98.37702630009584
97.53515666214318,97.49324294499698
88.91710536188286,88.74400725550193
94.19386610130397,94.146917623097
92.83268788254335,92.67536654490252
102.32578962567251,102.17489813030171
94.04750086747228,93.98456522094085
88.89796994675292,88.18775988072592
97.07982640857809,96.91461109814217
100.19093659302357,100.13895156183015
98.89017384110956,98.74865913405796
98.25687266148304,98.22383027984746
100.01769246903618,99.97278206937891
101.94957959963837,101.91094114597244
95.27239510875508,95.19948653926845
104.00726347069472,103.93914340579174
99.23108399627492,99.21852971075272
101.26284333643274,101.23130806716678
100.85626716780135,100.83328504379756
95.74677954141133,95.5065485486849
95.84111424517971,95.81734025219025
104.74839111540714,104.66598878482897
88.75236567963604,88.39296815199303
93.44861090770151,93.2786406567508
99.12177555495093,99.09058230180861
95.84089507592464,95.75175266986882
100.97824467115944,100.92879444368528
107.16556178885106,107.0745584191467
94.23814325615827,94.03664431076231
99.29876106732863,99.25047111545402
96.24823879484993,96.20915756575693
95.06108493902185,94.96189239151616
91.97197851815068,91.52887684006109
93.57323531025312,93.49701120302002
92.24174266447837,92.02725047923208
97.63598968713393,97.48979565125536
96.40872951813708,96.31553946782124
100.73607361219659,100.72098042215816
103.81039444844185,103.72531144620827
89.63017741190532,89.2064465327247
95.45068716425095,95.37569953090419
92.70051472139846,92.2326892858178
99.37042229926332,99.25614139440039
104.62811475970636,104.4780939538199
97.4309695818197,97.4048764212766
89.8864017941594,89.76334495073743
92.94222679251236,92.65218792531938
105.06074520877283,104.92768252844913
98.03890796915655,97.9400906781419
96.1792560470892,96.1456030250096
93.8986820259117,93.81994290174141
93.83890443338838,93.6996686638841
93.95096168783272,93.8000393545953
98.51338706220487,98.49992770255615
94.83458434000184,94.75799511980392
94.81998938351646,94.7135654279431
93.0529122263088,92.7580503942917
93.80609226350457,93.57433132092412
103.2694301267482,103.18034957419819
98.51552141319917,98.41442247914196
111.20772554845999,110.77047401465506
87.75489991093302,87.457066103466
104.8018381209194,104.75783319168653
104.94590565180638,104.86648789227789
100.37261874254072,100.2353599080136
92.43946219067439,92.17123954724867
107.36021865282144,107.27635883834975
104.87337089251045,104.74795232982876
95.91451689629213,95.87627069492048
96.97850169604304,96.87383455665876
87.83306463716711,87.49835075998286
100.93362280901049,100.9170258029379
101.25230458870445,101.21891857905764
102.05472401370001,101.89867868361226
97.21471482045226,97.14150489951562
95.01637229390526,94.67187684872802
98.9279708155146,98.83125637990565
102.35736720076143,102.29714280904655
92.02133398448893,91.85495080569794
88.03277196186704,87.42375930422907
98.07223806194996,98.00865158626655
98.14970401929772,98.06789223713497
99.34550753040385,99.31841447238276
96.93156068126613,96.84969478309735
108.35238358734543,108.22812805834083
91.65582459353311,91.53586452209233
99.4155067229232,99.35776343554505
96.53245379839068,96.48203117284093
92.50222465184855,92.4010655497828
92.8424600301983,92.46118442894327
91.23210128700299,91.14802910180688
103.56841819036404,103.50692113387137
91.45811580802143,91.204393444324
98.52733477748305,98.44024011986265
99.0612589116436,98.89318376624722
102.45638223668215,102.38583900419715
97.10317449128799,97.03229380034678
93.9063154799272,93.6853455847223
91.60333558088956,91.51633756544591
103.97032151937137,103.9073189808052
100.81725127301978,100.73010612780695
97.55816037995528,97.14490108022571
109.10057251600901,108.98183893251304
97.14425485290873,97.11881723218502
100.00173455378184,99.93578768256062
93.85104206299997,93.6700800505337
93.89024232486805,93.64230368108862
97.23686224629584,97.14775427164574
95.9726324258921,95.9319923293841
90.96841925466342,90.48480458618194
99.35251401017791,99.31579366543843
96.02093396154078,95.87312032382579
98.37549990927695,98.30627831873238
93.838496215767,93.73652526750237
102.88970771798893,102.84896065796302
100.96377991435462,100.8802120981703
95.46297861315107,95.36563696330519
89.83441562645815,89.52921873158542
90.32709631011136,89.9962786242213
93.87137750443844,93.74472833029364
90.15838527886397,89.86380844533112
94.35317095378447,93.96375538108546
101.93899034247698,101.88077151331315
103.57667524795785,103.53093593578203
99.85100164304971,99.78272559214372
106.1140303985468,106.03306919681053
99.36349427886697,99.29467252958739
91.4156444761826,91.15681516772055
94.45275805031388,94.3910525287295
93.65125219599217,93.07096574751786
100.14292986580523,100.09549291370129
92.4575834199481,92.35318403273023
93.9095376430955,93.70110883941187
92.60033006032936,92.5224851899331
101.13160989539773,101.05328540836145
97.924857166897,97.82426854279151
99.54969882435455,99.38261706034268
95.3902316887897,95.27636980028572
95.0779372691866,94.63925457802652
97.37464179195831,97.31608844911683
92.41032656893485,92.25353635813238
99.64952598221457,99.6253243798956
91.39663042096291,91.27630611181021
95.56573816597238,95.44485502184132
91.01271999120692,90.8493838835309
93.93838575391426,93.89355405455494
96.74377614758629,96.7128898191634
92.80571297580578,92.63758707162424
101.54558824655956,101.32720800219363
94.79104302710033,94.72561435491387
106.25716603513365,106.16808784759725
94.3017497746165,94.2238461082681
98.0676832204737,97.9407109050686
93.3241143925332,93.16269673820396
97.0230130830798,96.9863540045702
99.19037033783175,99.1671715882705
97.11449423708201,97.08025975677641
93.64220458417277,93.42215281722665
92.62640474489221,92.50751997501477
96.21431046201904,96.120055456775
94.29898371722498,94.21080342435222
94.15423371582126,94.06636763199566
104.88549978712966,104.84203154664708
101.71904113704478,101.69783456130159
95.84628543929722,95.7825344446789
100.48855462383041,100.3655856182555
97.16690143257222,97.10871971433671
96.13349657483126,96.03847847503204
96.68016564190684,96.43598347168142
105.61539535291251,105.39266918895666
96.64824584143979,96.53649484827625
108.96994524476536,108.8082261371327
96.67562209563775,96.63248869878782
95.35021904484664,95.23708497919068
103.0565386602546,103.00868082432955
102.69061721125723,102.52359829138764
95.68371269721692,95.5392171926087
90.47590564285728,90.29442211866507
98.35691825991645,98.3311861076443
98.25737682389544,98.17170586439505
88.50726358767425,88.15160195720341
89.54654792831599,89.3441475084512
96.00822360016532,95.9674998726741
93.61449890063216,93.50913655416227
99.51807305874732,99.47917729140167
95.24451268293213,95.17916265668372
99.0336307179005,98.98563907814808
90.76056258044972,90.44709765811291
97.85615513411462,97.76455525012524
99.22401245522606,99.18715900385868
100.3447072792003,100.28980975263553
90.5451825954561,90.40579241889355
101.61023574287877,101.51934419492042
97.20918303053722,97.15776864613954
100.55049221437739,100.49435786953289
101.0683260689893,101.01635872910418
101.26034399327199,101.14068196892055
101.11957552851956,101.07364119961086
92.26254410471034,92.09116738320344
98.68556094963007,98.57001393661582
85.63922669329096,85.15716950202393
102.84997276151728,102.79998741116464
94.54079102025193,94.40540446448205
100.17430778458805,100.14369799070175
99.43600923887345,99.29909028961012
92.25825698256581,91.90647187256997
97.87124403368014,97.77297573435888
104.41623818709247,104.36310174707587
92.48998120965668,92.39171545809391
100.27507415879265,100.25141176524198
102.04119007945752,101.93826658231454
96.76536683143566,96.74997455744206
95.31892302286298,94.94894393975298
95.50049957187179,95.33524982801863
100.53465901599746,100.51026552976764
97.32694722052301,97.2634294758946
93.21057495804051,93.03498861151968
91.88417629635688,91.63119577308011
103.2848462600322,103.17872875045376
99.55756504290231,99.33356488497378
92.55922771607975,92.22661957377328
91.35938152553167,91.23785454305634
101.27966233116422,101.23778788044976
90.57966136573066,89.94076133336473
100.65959077766341,100.6063704676453
94.70054127984122,94.5666124835946
94.05010534025723,93.85506381499823
97.36314269865093,97.28836223534695
106.70381691210332,106.52403953040135
98.09803387064383,98.07891163196624
98.37078253873729,98.29906164955828
97.37415986269585,97.34523814228437
112.63764868562092,112.45410152548183
99.69669601532568,99.60999195712165
97.53268838110424,97.44515591069984
94.00359162316913,93.89180833505183
93.63177190550029,93.4352491423568
101.45125083715533,101.36319081090154
99.81635764579356,99.80297382758975
105.10698412673673,105.0566232355332
91.49953378612032,91.15702822850152
94.20576021466293,93.99171880870392
93.31462210515619,93.22215984785313
98.4308293459117,98.40651922705322
94.86099511209193,94.81341310672467
100.30129344455565,100.00904331416302
100.59416348272585,100.53592019353506
103.91394140198567,103.7888203502966
94.49158597711613,94.42141437973444
92.7912550516054,92.65396400490003
102.20920888961098,102.0686450124402
96.94240915963218,96.91302921085564
104.9030396890778,104.84898535320414
98.82678602636608,98.79297153368887
92.61170297404459,92.45822819478113
98.84930628628854,98.67390467848489
106.36020776410054,106.12143108966718
92.3405072362495,92.09304747616544
100.04929519538295,100.0012188380975
103.63881404869298,103.18203886975039
95.75180081076647,95.71101001405461
91.6298631432872,91.20440482724138
101.80604204004378,101.7718325300436
86.86071950704978,86.39824990912707
94.82586175119138,94.65444304647258
103.6299918424539,103.51962181503987
100.73974722771129,100.68753786705149
89.86797459823458,89.60500366862289
100.89700934379859,100.80664819153802
98.2067529480654,98.18817077544274
102.10516877607604,102.07144588596661
101.18411143018538,101.0695200851385
96.8999765046796,96.73087927444608
98.87548645443175,98.85598069200209
95.62418722775439,95.30366210083268
96.66003690791598,96.59861039144786
96.7253296677101,96.66623050912494
101.38646826873602,101.3669272738373
90.74109465349778,90.65615331799933
94.63359252264834,94.28697722301239
94.44163901257839,94.25985868878129
98.50066288739052,98.40424493598734
93.8125712836,93.50230167702105
99.00086178506801,98.97240398441168
91.48600969846997,91.38001438942797
95.60177399760369,95.57197380711047
94.97722917675712,94.8756227755536
96.3456545180461,96.22154178053786
99.48967981938168,99.43197422039538
101.01638341159935,100.94833879923236
98.28325928165805,98.22125265770957
103.9300197134355,103.8532849923357
93.96920523935219,93.7017258198029
94.60306860806185,94.38134238077718
102.5301828767072,102.45449138446372
95.82713997974574,95.7887935531998
96.7573673548646,96.4118725613801
98.68029859809681,98.61705275673002
100.5085094713361,100.47698001391149
87.44510271562449,87.10894859289782
98.13480166056259,98.04726396325421
102.07691702812419,102.02908010144148
97.56509958336284,97.35441149425473
97.94326840135483,97.92259501835045
95.26491101089081,95.20245322413895
96.21403068809518,96.16451197233243
82.52050169375546,81.69913065837596
104.71248102916876,104.66764426934786
100.54325485367656,100.4579115643377
94.4766078695404,94.40395020219808
100.69247458332788,100.56068018450271
101.71380363021996,101.64882288581927
100.2373589924857,100.18087599752131
88.44526110159593,87.77953310393683
98.4772468365786,98.4122671903611
101.32717938929318,101.30004720489258
98.35926129457303,98.24190550473074
92.33269998225667,92.20688004958791
104.89064135371389,104.8480054558211
91.1350901571398,91.0158917632192
97.44036863893056,97.34584594958734
106.50194847020106,106.36244910657035
102.72592582479,102.70098407318042
95.2527351978022,95.1742260609128
94.56090323069319,94.14448558023523
96.85840515701744,96.79909005128698
103.45069630261747,103.41699620970103
94.96724799356946,94.90179645895634
101.75005061047791,101.73319341234595
89.30425110969028,88.69990109060495
101.2332253093453,101.15660155526311
97.30385457730253,97.26978789048212
94.35230809432187,94.33040185027477
96.81970562669844,96.75231110406025
95.92248882298398,95.86288276527758
100.17038467533563,100.14363716282963
104.3138232787532,104.22893871472262
91.55205594038345,91.32430312727257
92.68073227203577,92.56528652322139
95.1275262289095,94.89142530044842
99.43620474866256,99.41909938562125
103.2950195101473,103.16618980980066
98.53987283692581,98.3153959915565
102.63467952654266,102.58261775771791
92.65760615707491,92.40002728524159
97.51333673160765,97.47550934601163
91.13816864569274,90.99371246644644
92.59624303659295,92.31877523990883
96.44128205780785,96.36162178703258
98.20814933946575,98.1757790858698
93.51782147494445,93.47508485301253
100.5523294272216,100.48261174904526
88.4555569631197,87.98141210214499
100.37309051546232,100.27282429324119
97.04519267730355,97.00054983953666
90.07260817805444,89.98166086776631
100.60054797768363,100.54408124884685
104.80741221011952,104.74782865169335
94.38707693448583,94.23425715498902
100.39261980297408,100.1806668656309
101.09151442152313,101.07316114695624
85.2888533295089,84.73799401080838
96.07918626690117,95.8589239368214
100.32820907443941,100.26197610992801
91.77139107369364,91.67363801948252
96.07414166630629,95.97199964770755
103.36771407381794,103.30616872916154
94.1601528086787,94.04872427547294
93.41308518484239,92.8109514080391
95.94701829655233,95.72401316191718
95.87853123558028,95.69556177404156
94.45283849160636,94.40984394841438
95.20046059617823,94.7643983497084
93.92819490311174,93.59994232710855
90.05052145306166,89.94056774251075
93.30638410339243,93.15581605488237
100.36703111412116,100.34699032211643
90.70406244822509,90.52213600710772
93.39393336383873,93.20841732081335
90.18270803393884,89.8139535902057
98.5469291527984,98.31141217182251
94.15384663603369,94.09648564345214
94.64736969892374,94.56864886512497
101.08415886342296,101.03291213727297
107.81726876093097,107.57772237170595
97.01498795059595,96.7867825005861
104.00698221144592,103.92662731670036
105.03584670837141,105.01297338807706
97.34612975542144,97.2273452820315
100.08005421476058,100.04831285796523
87.74824969477604,87.08564157651841
90.80542792707956,90.65871659626127
108.63353942219959,108.35384166341899
99.68321237699689,99.37843212815275
99.6968372368105,99.6438038472967
94.31898821620956,94.25718446856068
92.7293644732813,92.39719677747489
97.34260240422826,97.28422478705501
96.86194309654553,96.78136575701095
94.75670984363732,94.45558038485105
103.72116415218315,103.65220903029284
103.95726947757947,103.887665744594
99.86992050230587,99.81951358234045
96.94733522662216,96.71446320767426
95.14059877245175,95.10193200506913
105.69652563878762,105.55562519937922
97.82022691036185,97.72742324312385
95.8839611575,95.64212277722542
93.70753804406375,93.23511000679305
93.6285853054606,93.53535292931147
96.12184517719912,96.06181991318348
105.59092268694985,105.39094951411629
87.15354735759463,86.3509849040464
87.25618423011794,86.73129280458531
101.44888142702872,101.33092553281935
104.38599425587472,104.30435263594399
103.6610841705327,103.49564118270274
101.32344852414377,101.29686931014729
103.24289865911251,102.95487491461637
94.62399810854212,94.34022963585599
96.77321510476186,96.68509837878976
93.54546188644755,93.50329655129309
95.20766930649992,95.13729148670593
97.51177510414828,97.27427129475663
106.91283814428652,106.86818844007833
100.97223796683451,100.95153869828877
96.50709230743925,96.40835074034938
90.17903912238873,89.9595025777565
100.21484424500157,100.14173353929053
103.09966826120774,103.06905528936421
98.66563181420076,98.61364952813513
102.88466762263097,102.82897635952533
98.63016734600596,98.56937562516737
90.65984546738161,90.40475188893625
101.62709304847715,101.57271828431817
97.52823844628797,97.45685275770758
94.49838932879679,94.24337223705355
99.67376704288915,99.65621468033746
101.1694866111636,101.11508824842242
95.20262928926394,95.07973628916906
96.52678285389044,96.44240456865897
97.71956115818614,97.67819789651821
95.76296334846634,95.71828594349316
96.74622685976749,96.69018364471414
97.46543344531855,97.4189127441208
96.13874294423182,96.10366253536405
91.62548118266628,91.38201285856726
101.25151342726029,101.13651602234313
93.56090164613987,93.48260416105711
96.09212032370384,96.04861562749996
91.1628679508221,91.09940484774681
99.32485634936558,99.13068733981898
99.07100235602445,98.85892635533604
103.58648052977523,103.4958151189061
95.96215973093803,95.74124430058434
96.268323995917,96.21956552828846
89.35479029425511,89.01025419631947
82.7824429004602,81.9903359507326
101.05238472046788,100.98515491383124
98.92372119457633,98.88389068573386
106.05815601357017,105.9360897157566
101.51545217301245,101.37907951743
101.89638773633814,101.84613205532402
99.34517943305802,99.29224040498053
89.93654319467922,89.45330067068996
91.89851631063976,91.72602150184224
93.04895765502116,92.95386776363412
98.53467839406474,98.33172208093832
93.96622328197398,93.7762455563963
97.22226340970305,97.17561283140238
90.47628895519433,90.0981040560485
93.45802813686296,93.05713086834136
106.30088292040176,106.03916784793107
99.4196089793185,99.30944963975155
97.70499373594454,97.69149374984778
94.1313788092479,93.85204093496442
87.49904513219853,87.03688517594858
94.85730972389976,94.70804067769315
87.48262374623015,86.97922901581717
101.49128150329926,101.42910251268694
94.24914793626884,94.20818646703775
94.94816857634343,94.86747255807288
105.17959254475304,105.11453531388061
94.07156300590636,93.93930973776001
95.71329623898046,95.4833330233323
92.0324906735556,91.67730662035083
102.0952506012473,102.02376990912211
96.47575206150681,96.45717450861862
108.90949803083684,108.6524949776652
101.18934908321951,101.15641181054171
102.42982219639444,102.27157328218726
95.58938558919036,95.53765859740601
96.38779042444081,96.3376122561086
97.56487288793754,97.38825601570824
91.29836870010129,90.95454261598515
89.83842039193361,89.52971441805175
99.28181852760657,99.11873864354052
99.24590971104027,98.88543157630089
92.73903934448892,92.67447624273579
93.49586660964938,93.39756656096431
99.55890545107788,99.51674132829808
99.0705441952628,99.02729877127331
97.71094379973049,97.58003437726744
98.63284220908068,98.56960692368578
96.58496415524107,96.52821024087672
98.29913401367236,98.26609463240564
97.01355595734489,96.91973132476522
92.75428485595208,92.64104317390961
98.95179250911687,98.93285855007865
101.72621355847853,101.64726912827567
97.51449875520879,97.46454367468475
97.42311514136865,97.37728682312301
93.16838791409182,92.53027325549063
96.24197782566326,96.04132326216758
95.21718051429376,94.84880865258661
92.96141982509822,92.79381036119715
99.17827806239748,99.05058683459299
88.84726746301718,87.98533822043981
93.13599975143298,92.88161401463418
96.38054379260295,96.31321633412571
93.16326329173465,93.02056212224522
95.9035234447485,95.86776842520435
101.50394859190155,101.42545045588832
104.59880020827221,104.24088015212763
104.94640950376069,104.87842849184543
97.17488625864468,97.12154186645745
91.19271043838783,90.9497116338778
102.16788656470317,102.14853713436972
94.5245782936839,94.17237191104891
94.7384428415215,94.63232819236721
94.94009269741272,94.86138036964499
91.52211392647477,91.11198924444942
98.3887346643665,98.32383678475904
98.3692351040221,98.03732257969207
100.57853984758074,100.5285959474184
84.99987037080274,84.58966572136706
95.00262509044504,94.90052783607918
98.15150652891992,98.11077331312597
99.39643227175759,99.36189587264519
96.00619762677036,95.83638708441246
99.6801548438839,99.65497075656167
92.87199703090772,92.54985397513991
99.3244977084562,99.22333835045215
84.64463288908361,83.76879514064191
94.92295893324011,94.7463976975096
99.56068101403311,99.53019104673473
101.85445505635076,101.80174097202197
97.02725414581035,96.85592412616515
98.2090737771468,98.16963960223637
92.79785619039343,92.66680781358679
94.6752466650997,94.48247484852074
98.24455440534925,98.21939576697208
91.53691160516895,91.2341709734004
93.72021605615458,93.56885884452919
97.79637235354768,97.77278169632496
98.99817127210572,98.94283633090367
96.56765535559062,96.41450497167975
100.05650885841739,99.93349987602983
97.78627563086383,97.74233494353801
95.87431280755956,95.82952212323246
97.21264041247507,97.15512995296322
102.2046016470386,102.15216792245704
91.26052680972663,91.14077856774418
92.74430209739751,92.32376361061196
98.98354144561623,98.89626678889691
97.29382191956563,97.24035728223782
102.41182052982056,102.35775702235415
98.8401553927658,98.82542877548148
98.40251256676868,98.30900305616096
104.09795994395012,104.00928580544067
88.531198437643,87.8687290728907
100.03105785696022,99.93959507326396
95.3785706537796,95.34571195074896
93.67768263153495,93.63853445143849
100.23444443067116,100.19397660639854
95.54851114851941,95.4340020151642
89.96188935139226,89.82786710572884
102.74626993690144,102.59692829109144
100.4198985992884,100.3509324064591
93.60649324972448,93.54623994179993
105.25962391701896,105.19851864956394
92.51058670387678,92.37197334200847
98.6111865865822,98.56511232517923
98.72053721934017,98.59737417175491
93.21260803524443,93.10138838626608
96.72189220641799,96.65434206816418
93.80473962127897,93.71574406562529
100.73805905144133,100.62720774243257
102.88684126882877,102.72822936304134
96.9219668722648,96.86052495168973
98.53115912602894,98.51661115598986
99.71961569843305,99.68051019028083
100.50141481223025,100.42630225339616
95.09214418065255,95.0151395173775
97.37063038320134,97.27963929589113
91.76729229437814,91.6796364247525
101.09251067077511,100.91230921251935
89.5723164686748,89.38462345576602
92.2259654552274,91.98920622892189
94.08632213974461,93.99986847296442
100.82117746451485,100.78260809067763
91.5042136700989,90.94203678297201
106.34791048292873,106.06762501788242
104.8223955716831,104.70392575949495
102.59820177316206,102.4290901232857
107.20317673642033,106.96873034213729
95.21850124252147,95.07643846133773
97.71575090826516,97.6510844625027
95.50590292837954,95.42883258597696
99.69067140330264,99.52712813136422
92.69196341644187,92.57516974817548
100.71308119568188,100.60220468913407
102.3954634332087,102.29836157059987
94.33506870098051,93.99986426780296
97.73983449347074,97.66232243824791
94.84243453754613,94.78118417608607
97.45662742612748,97.38361081752386
91.64256385484263,91.34663464787705
92.62637253304956,92.50104577212055
95.336402772008,95.28169049421429
94.37727919243721,94.31417450705169
94.64544697812124,94.5765541624325
94.55392693515697,94.36329729200473
95.79302615302473,95.6674926552557
98.60862264351493,98.57591991904192
105.05581847394855,104.93092221913741
95.24474631897678,95.10569364594039
97.57416940233146,97.5202811166224
90.92231817869708,90.49111540402559
99.41427286166346,99.30947510322005
99.4521564746172,99.39134839999838
99.37315972420961,99.3381866379078
93.78051822209261,93.59481380273219
103.40861027718218,103.36218782248805
93.63070720127139,93.53166342962662
95.6272260057401,95.42448505229126
100.65343000802693,100.59644299707834
91.85620660364913,91.67802736068411
95.83628926314766,95.74830501629553
91.11605403472008,90.98955633665406
93.49364226545482,93.20225092088708
100.62465277547282,100.57144817457485
97.52493518738265,97.49409995571318
97.80227851465216,97.70821760051764
97.33017096842677,97.21854364090683
98.2440492569738,98.18406997702033
100.92522922910791,100.90053079116139
103.86942063209459,103.82296575097217
97.62192799193522,97.54042272217706
97.0254926305347,96.92589380585302
88.87652173434526,88.70765791577244
102.55974321206747,102.45111999018036
92.89894564070251,92.78271172650864
103.51385286203453,103.46066702860723
92.55197544589781,92.43414245940433
99.38942448100921,99.34006205609845
94.07768281544266,93.83985135785908
101.68012496785363,101.64909321989298
94.66489435162048,94.51369592025523
104.83189902206341,104.78230156157241
102.79945694893972,102.57500607678165
97.73624281101159,97.58506756610873
102.38904768930686,102.32367417867744
99.23128534005876,99.1017317121493
96.62461396854745,96.56472714305247
101.27645298689586,101.19336128531023
98.84350049124396,98.75620787172625
103.0978350358252,103.05571266123015
94.36070394395378,94.08061689926781
97.77233899482155,97.69429022270585
103.1317779829295,103.08153407619946
91.89585381402163,91.6593366955202
98.22675787502526,98.1568569040222
93.88054550395626,93.82414212835252
97.00163130506324,96.84950867511509
108.66270619211201,108.39102396421343
99.57141968533588,99.55547575543028
100.50462857268514,100.4683162785572
106.15262226326709,106.10169050108443
96.91342823710458,96.87734136267949
98.09118869898442,98.03364691159253
103.14488607280828,103.06688855404673
97.56619386264077,97.41618010645942
98.20378151973426,98.18127627330652
103.14692031727878,103.09320561010009
92.1628415646153,91.69502240373225
91.1541827291931,90.81399380884648
97.25926934286954,97.21544556278832
103.34723709953077,103.31506908903178
96.31088580769602,96.11329885694296
106.30930312578728,106.22344015570623
106.78791949754563,106.59616576499774
98.65078701289548,98.63049806250905
94.03935986838776,93.95618471709552
94.88060787648074,94.61895124949845
97.0658633307651,96.8488076758067
93.8222001896873,93.72051134141012
98.38339343536308,98.3448716876969
100.59100395239012,100.55464125537581
94.73521582681134,94.55632112930945
97.29922553328491,97.22672626130615
98.05743709242564,97.94158204828202
95.8944850124764,95.52598298578899
92.02043526030626,91.84663213737981
96.2758889240248,96.22076165663114
100.60203128216301,100.5479072998883
102.19906800408855,102.1087472700596
92.7133885311723,92.59180362376713
94.46753024513004,94.38037788628318
93.24900397857508,93.13453443532377
95.08024100549224,94.86970922598103
90.53908700346275,90.18474134721082
91.80674337656266,91.61573035629111
105.03009652070854,104.91352119127133
97.67329737657957,97.60541036226631
101.49155935398183,101.46719808997264
94.71767169954006,94.39977358196023
102.61419154492204,102.57539271900625
100.19060543683347,100.11281887071988
94.09947393823671,93.8271798194757
90.96969157018373,90.70747769933652
103.39545346823432,103.31891805191172
98.7071908938954,98.67944191586132
97.48227663318829,97.38902020224423
97.26610024267238,97.23243035912691
86.6858263195669,86.21148555671297
98.70821717960526,98.62652522657831
103.06239966082991,102.98696374081243
91.7802534786195,91.69509516883488
101.70017552085282,101.63124256922703
89.47742676281504,89.08178465308744
95.56717531327446,95.46495382619905
98.9117305567974,98.86170928754116
103.8634423086176,103.81670440830506
89.60440975130606,89.27623418915454
92.91382372715024,92.82227149185134
95.83756006732132,95.77256868181252
94.93554825641384,94.70941649649309
101.60930261273518,101.5508394055648
108.5570319706936,108.4946963425126
103.24748589272933,103.17924178474607
93.66186672942108,93.5441512463615
90.66286861693403,90.5397890486313
94.0066605771117,93.91771235278628
96.31785419451457,96.04886860191831
91.69280251316034,91.57407934835892
97.26602815432996,97.19745304254626
91.21445056318036,91.02221778597236
96.23364354415042,96.12551662835052
99.32605782070942,99.29868131588462
95.21391917376677,94.94777533176897
92.07457906536443,91.8570414609971
98.97374483976277,98.87096536700287
95.72998180242634,95.69338671401918
98.57615431612942,98.54515184823545
97.0810100523189,97.04388276956186
99.71719655549485,99.66482885942774
102.47181009245709,102.42110696519542
100.08436775206343,99.94526546485305
100.67015793933665,100.62996517344853
93.66038242454843,93.46776217228776
103.80308440781663,103.75248113321906
94.86152707508718,94.78991249406067
89.67897249354763,89.44991448298101
92.70173098494259,92.38276128198108
89.3451623543175,89.09872490458054
95.39147774197299,95.31506170315788
100.11941331170607,100.10321497923883
94.84333039862494,94.77591174012723
97.96701095146668,97.9088823468904
103.27852890796919,103.18479954266319
107.16849796025461,107.07476403968046
94.25196606981345,94.18346777906262
95.99944661590261,95.88945647416867
93.33240773521591,93.27081321376681
96.11234731044908,95.92163242042753
101.67344120148222,101.60307220472885
96.19244989703377,96.11127282203756
101.85082380371549,101.69345873326198
92.53610868336389,92.46105192540539
105.12742363602503,104.97110166692805
99.03935716599239,98.68883438996318
100.06530687919366,100.03756478702805
104.55461047546787,104.52175977078562
95.44196172294241,95.29203522782429
95.13340509099368,95.07821441689478
104.66225727184397,104.60889329118389
101.60025097770033,101.55178698674112
95.44055225104192,95.34812027475759
99.26392989056825,99.11806967683565
101.21829553517482,101.15084824408571
98.05092993535058,97.99954308986922
98.88314890349847,98.85045484805727
98.0936954337619,98.0559888559772
108.11249187956182,107.91832462078101
98.32285983841633,98.15404076382869
104.02217163945606,103.92899286943127
96.49524638668723,96.34048952973859
95.56989725775995,95.46026209710264
92.15968509912355,92.08508080505189
95.30918028958372,95.15013994262623
97.55302293780888,97.53162709068845
99.55306924166165,99.45795236874139
105.61874887858725,105.49395339992164
91.713199379364,91.52800297170961
98.50606079112148,98.43253794645182
94.2953354247213,94.20382234810442
91.06809989950573,90.79293942389404
92.46650101850679,91.92261689859804
97.25033786808497,97.10335100437096
95.8396159651415,95.75737962041535
101.94134800836038,101.83406759075618
100.56700336930875,100.41824918675862
98.12608113944214,97.96366189046351
91.50217273654378,91.27917940518132
100.56699028318222,100.53418795409182
95.6990945816961,95.53772149656511
104.51259060377862,104.30441395071007
107.43329938760094,107.33520236782665
99.35379608669851,99.30188198303536
90.95562614238166,90.54711718622035
102.20407976938891,102.15191688141165
89.70789063914702,89.42781702970716
96.68931697278408,96.62992208713023
94.89152324999603,94.80812695535835
95.33906790994268,95.30697464329279
97.11007314046182,97.04766346664692
100.12092454802679,100.04936656963973
96.21295406607813,96.12892981293558
98.45031525722243,98.39640709238225
99.80637860288729,99.75725087821803
99.00240015116367,98.94925071047186
89.7796809053674,89.35134787652314
100.0117114178645,99.84138142369514
92.82852408526101,92.5579589761543
98.62154337805137,98.57742978883049
97.43170619976372,97.3392139000707
106.1707113564022,106.11169541167618
94.42941181262997,94.38847436594905
97.43745000807921,97.36562149361286
93.00329950605865,92.90409482234212
101.35821504807605,101.31113527572647
99.05003379931065,98.99053390499024
97.99642174223196,97.96227275536175
88.05790530939436,87.53997214864471
95.62933050280336,95.4165348777617
95.09142265783821,94.97962503263498
100.52207762798253,100.44802530662156
96.42796442696546,96.36055491975783
88.88075902559375,88.45305977058985
96.94216650517528,96.92848516044407
103.05767303359184,102.9944753457047
101.09818588375205,101.07583369113563
95.82905203681555,95.78528485842727
101.48875715559035,101.42387869705263
97.48632211525567,97.42672476621846
92.93120873174392,92.80113590707913
97.53656757711794,97.49539377446732
101.18750171026267,101.09555112565887
95.67484927706928,95.64363960439377
95.38202851023352,95.05306628796664
94.46729347229719,94.21036669245522
97.00314214226843,96.92503910557254
99.7955505259845,99.71515349041016
96.35976632330916,96.29622846253484
90.23046967905863,89.6577038624255
98.24624164643477,98.1957883384177
99.73048632090935,99.58549045171802
102.34404432738907,102.26262605277911
94.4457493313777,94.39008622851274
86.79485956908677,86.45906716590187
99.88366127328753,99.68207822569823
102.54166032246343,102.2346183027506
102.77003457346527,102.68482643069548
98.4060830686918,98.34689433426331
92.89892619219886,92.75393674961533
94.5052624222073,94.44056757601687
89.34348390417452,89.02434052800801
99.68519951507537,99.65185437907881
96.6036098872001,96.46504121496798
105.81092364696087,105.73431433299798
98.2447351574533,98.17085745776625
84.96188902690405,84.50254959367737
92.20736217404021,91.78039972324713
99.091453360162,98.99227453761326
104.05575330709844,104.00910834741637
93.92434028432652,93.79289601741506
102.37157180907354,102.30970599333605
94.13527580248694,94.06159149055453
92.47958883772648,92.37166413692073
92.743534039161,92.50474256488675
93.17311346982409,93.10253658989417
101.82181985887046,101.80423015553654
100.42150429114098,100.40491370466054
94.03329227482074,93.97337912546776
94.90434191912476,94.773116895492
93.19394262660342,93.1280595446782
89.21945465913166,89.03112047341989
92.51577836406588,92.31522949766232
95.66459788323742,95.45086963443164
95.23099710111165,95.15221740299013
102.08209565813011,102.05656128775098
95.73208092571863,95.37358800671277
85.66168352688679,84.56373501478477
96.96205067165477,96.89448045996544
101.65364061746389,101.55699464722792
101.12853131271575,100.89218144969684
99.22094032195182,99.17071741563292
102.29330209224099,102.22747246106192
99.38699767701793,99.35390837033177
106.85607174194612,106.69231895250344
96.03069034681138,95.97697891195529
96.42915486388904,96.2773129976174
99.04921805849627,98.97364514440629
94.95329849323751,94.79051645612394
94.9770227414118,94.93724067907696
99.02966861666248,98.96814498789057
98.64998157982455,98.61370158316866
92.57526347560542,92.43175736450368
98.72364674007841,98.59981692032638
102.05471154777783,102.01647361508103
99.4929730553075,99.44590072682992
98.72851747470014,98.68501556256386
90.19275432152658,89.92219455317026
93.52035170970339,93.43201919447263
96.87734549477693,96.82871377766917
107.9547823302374,107.7642525046185
92.46610878766997,92.17473714008558
100.56420541580759,100.53287486830607
98.62892799003163,98.59831696095272
102.73945989437587,102.61794052033133
96.99291885694643,96.91841411394199
107.54968536300132,107.25019249128715
106.21073684603549,106.02672980770308
96.17456084973458,96.0984487603639
95.05409383823331,94.97930166350959
98.6803107120037,98.63160397255353
101.09480665917336,101.0813281270553
93.48790806090182,93.3898265343404
95.85461909598574,95.81506941187838
97.85143553334704,97.81247126517093
97.34043533863436,97.3172901048034
94.396785026456,94.23749376837533
103.05185737844195,102.95183161788154
90.43542754895903,90.13661197791282
90.55781243703834,90.06278153154935
94.20017819166925,93.99868460487774
88.20338761201549,87.97045700107098
100.07240703254573,100.0013020547004
97.52805355514042,97.48739647916675
89.47436296750608,88.9819703396769
94.67445953623059,94.51203903761416
102.16594206688318,102.12667363009581
98.54315763381588,98.516756388878
101.1306364614597,101.0348234548624
95.32883748239654,95.25743933441709
91.57518183925515,91.41265760121647
97.95640289895587,97.5243964449374
99.53252387047776,99.46846842526939
97.33063588041037,97.21457401994643
105.98780798123508,105.93650424327653
95.66120420255284,95.60352999485444
94.864393840753,94.43812841754932
101.0023113841859,100.98467259780095
96.63324523963053,96.58955225877249
94.68413200546458,94.56887250705375
96.84343080885844,96.69988642435781
100.62551049693676,100.60601620139089
101.12998732139529,100.9445678916851
94.4613175051369,94.30377768353895
95.76457162868492,95.58355878735951
102.54517439936978,102.4891988575201
100.49244815135776,100.45019937760618
99.42055649649389,99.34059615435609
96.74820658535319,96.68382986661099
100.30986031685038,100.15461997044261
98.16047272147222,98.00642592361483
99.94011642145382,99.90693568024021
94.911993622603,94.74118701829707
97.23155917118571,97.17439136059495
95.49387213420337,95.16117690322449
93.86638533950851,93.73605093073377
109.54726556626669,109.33268114800906
93.08408020969544,92.91874227424663
95.26523696877128,95.07706747791069
102.06521845467275,102.02756433572578
95.76298932824207,95.62432278705475
100.68514808523307,100.61560248023459
89.95820138053789,89.51388596547989
95.05583987804137,94.71868989683428
91.94975856013741,91.7170647711574
91.88917259304245,91.58166837035917
101.18333596773734,101.02340987518545
100.4388547350501,100.41618793961186
93.73577969703891,93.65663812775827
98.87600345024754,98.74214095694454
98.32738580565287,98.26459049412924
89.68149223136277,89.2221101864188
98.75215170325075,98.69337929600437
93.74215816220996,93.67567959307709
98.24125096980724,98.20269683109271
88.2707197963708,88.01823564938866
95.64345873119854,95.55272082540543
91.22345681423266,90.92375762695976
89.4948165526196,89.3688186944476
99.91020324192199,99.81792855814506
110.01456745119226,109.84962351798309
97.9965775182846,97.96502784629729
95.95109290228915,95.87597518681685
94.23293524875069,94.18994851166549
96.51681001622188,96.44550579699919
101.70886557725834,101.65821614986793
101.71815814357353,101.69032847186479
98.20328727443497,98.1301251574888
100.144258739947,100.11704730463084
95.62253976759486,95.4659338153265
99.67342820666289,99.59158416338906
101.9213182480722,101.89033498336781
91.3027877579167,91.12614853452604
91.18192420019258,91.10892178848654
97.50630007422978,97.40090459853276
97.93709335112928,97.9021714575083
98.39288106273786,98.32200770043235
104.64404860664746,104.4764316796659
99.07667712655515,99.05080124701497
98.46609780116991,98.40963166385876
104.79377553889424,104.66697157040997
93.63110145488065,93.37061899286093
98.46237628531985,98.32520648266421
89.80368055124188,89.47652798956602
93.50660912566225,93.40338550292716
99.38442485883081,99.3199819474429
105.36707365395168,105.27451761383651
96.33688668137793,96.24056447893462
100.62550461954203,100.56822816983623
101.6971184123368,101.37893963322779
90.91763285930264,90.66775146734759
96.73351510934806,96.63365228982542
89.40012169814992,89.11469283585417
96.24058142313176,96.15955171031199
90.81613331352632,90.5675316249034
102.16182385972371,102.09644178452908
97.82929946687013,97.74700118376015
96.67035445162674,96.58372850805564
101.20200675145198,101.1692147327252
97.96714104395232,97.8072437140199
96.75202775727408,96.70201180708133
90.97764760159448,90.75692975807326
99.07446448123139,99.03203291768729
101.59978550610147,101.54414147522358
96.06788290361551,95.95191286840269
93.12941991663565,93.00500604451287
97.71599249359261,97.68707558427387
91.75716962376043,91.65145280292148
89.03419236814547,88.64129957628138
93.10819694059509,93.05330251612517
88.81920728638462,88.60933307885989
99.58532949651251,99.53502534426555
114.64248348983932,114.24170175767576
94.73214519208885,94.45803625750997
104.89027489394434,104.72946102052131
90.37500199419199,90.21649474631964
100.85941234168773,100.8422671064214
95.09473565439151,94.8418785814721
92.14026436793729,92.03827044702237
97.15834566809235,96.76589873579775
91.47639031151326,91.39569038529854
93.01240962705339,92.73643443575023
103.21978465649123,102.94445326944164
102.98981307199588,102.86800270809465
107.2729186434072,107.17399393837844
102.41108180808722,102.37932828970908
101.9092258754017,101.88208175795263
94.43842253615131,94.37035021371993
101.16125396140225,101.05830678448213
99.20036340518647,99.16786002665195
97.73869181332715,97.69604908567084
96.67352370841843,96.38972147117848
91.00288490990548,90.71940733345656
91.2522955789038,90.95371825827674
95.77314287553185,95.55802352019391
95.5217697315923,95.43204111484664
95.12506777283423,95.03989061511162
95.87396223274196,95.81254877431795
93.10386703524459,92.96749384884623
87.42160581665459,86.99830095516262
93.27456698580188,93.11494651577483
101.32705481931555,101.24777387535372
97.06698718296359,96.99590940758814
96.86372495606109,96.76469965614668
95.57458122832043,95.53490101818113
93.45505300543032,93.34934324368179
92.89162642596202,92.7887970348909
91.27503437154684,90.73330624731564
102.6719922455024,102.62317808017046
94.75893615912973,94.67616501419542
103.25203393882087,103.19103514939552
92.65256067935147,92.44628474676989
97.40739607338584,97.36293212701084
95.19079409236585,94.9325920951271
90.88261795144564,90.79304363971916
96.77457881045392,96.64957395073768
92.91414560368895,92.78120219391568
104.73369344456346,104.70901298911339
97.64519932585445,97.56803895397174
94.49863211280262,94.34898444817121
102.11015991413426,101.88282131618901
101.92897928294244,101.81704135866453
97.33455883132612,97.30952510876702
87.73067203002252,87.3346610871359
101.00858432763505,100.86168233626074
100.40983506926655,100.34484032460556
102.74699993301516,102.71522433534629
95.3379044061134,95.12176479621449
91.3824806739658,91.12049973115873
104.62605823665535,104.5328315212171
98.6582464234125,98.5048499292868
86.3940486796807,85.87981792365565
103.15848231831067,103.12485129528275
99.18020537268141,99.0975947238412
97.43917872069916,97.40301262395504
97.19386630806929,97.09827676526622
97.47610978703729,97.44963170410108
92.72623675454868,92.46918753007954
100.48147709041554,100.31151926716343
102.55561843240754,102.50877035344136
90.48569060999132,90.27193068989664
101.86683334940766,101.80553521953345
100.00522436192615,99.96692623197859
96.33634161044829,96.05992666971675
95.09413299815269,95.06253953449696
96.59901915726867,96.57730579405423
104.76963294160723,104.58795691164768
99.38805181287042,99.3149553206215
105.92040931892797,105.87718341118777
94.15858706004374,94.07287602181047
99.58322547113544,99.56451532354738
93.79447659440571,93.6386635701779
98.29207390466757,98.24970146857272
99.52498387009446,99.46544315122213
89.9005421565234,89.719567811417
94.88903831148401,94.83513738708378
99.54796801130428,99.45890663786372
96.53560904293958,96.42313223749652
108.75680824546134,108.64637661884763
98.68671155361291,98.66504607318522
100.8563654326125,100.79743580666425
102.9494526646374,102.8809381662817
96.1061590793768,96.02471638668541
94.1030078319525,93.55260941667501
95.8811024811814,95.83171791108091
95.6375677393881,95.50978872049998
102.97163178602223,102.88719157026205
90.63894561282399,90.32030640629641
96.77419078246402,96.72248879233294
95.62562976886231,95.54826398940058
97.91836159724681,97.89188524254928
93.10825680288937,92.99695514288945
97.00335272030152,96.89099821576188
101.35546339581701,101.32979323494288
97.56972711967138,97.49444911537621
109.57740134760087,109.40422862155793
98.76424030976142,98.72656541112397
96.0056813397147,95.90910389874368
96.84083336758455,96.75674109206197
98.4199911933282,98.34121399344104
86.4323545668176,85.87770534141256
101.48107268128156,101.46589773912446
96.85291691109141,96.79440186938298
103.77544044588109,103.72544197889205
95.61873388110526,95.59369123231586
102.04650199189904,101.9392794426988
87.14349263345295,86.49409787593527
103.58356513057132,103.51079116811636
101.6253401971806,101.6109845583594
97.77275392638172,97.73457844609084
104.0177584346232,103.98169962554765
98.2486262804669,98.18297330409312
104.89213167910184,104.79734716283907
100.42332955387695,100.32896804917914
98.46588215148931,98.34700493663912
108.89835268066638,108.59067135816228
101.60766310945343,101.57409611493573
91.09205880098766,90.9577690836848
94.34766854549812,93.96486757218493
93.94038870787173,93.88220572913502
97.57957036982292,97.51048653729524
103.86733015830403,103.8129761959167
97.58402393465039,97.55698416613953
97.57995694325128,97.53301025432906
102.37068050090485,102.12970071982754
102.29673046458232,102.16815243332718
99.18990595453471,99.10579906382155
94.0014654326809,93.79695771275458
91.78041213026802,91.66436817331078
89.15517885165288,88.93708223876632
103.130522867648,103.09017651149803
96.77728310206724,96.70231689755677
93.58845492093062,93.33852804353265
99.96190410497445,99.9335120854972
100.0918968233756,100.03688083596849
94.2086100112021,94.07283556753147
101.24956367668871,101.18426402237004
98.24111394938699,98.17757000965034
94.66322114189593,94.56650856759077
98.43956390479265,98.3886820014853
95.81600625094799,95.72107773726442
91.74864584013235,91.68250694870545
104.03071994086083,103.93488283646766
100.22721386233566,100.18559178761092
97.51921767685772,97.33286835149208
88.32446885252295,88.00279318314168
89.14793007755087,88.95410650359887
100.35072006756296,100.31028453281095
104.75913669828994,104.62709362376704
88.96674650337785,88.69243033294671
100.8283945247191,100.75560411941929
105.1963924408657,105.0032802980493
104.50268997003974,104.4071820840718
89.42053476851666,89.05085040301763
107.35437056302662,106.94560649884394
99.45124065440406,99.42316316132933
94.1462425178864,94.08485499458743
92.01397735164957,91.9305510249029
93.22630730409786,93.04138449439046
100.43304583128501,100.39834726554821
96.91000806452841,96.8492863657001
101.00866157670413,100.9861346994234
95.66791757494404,95.59866281627548
95.00463651042692,94.86073953719091
93.83468587535434,93.79988906474686
89.83811511658611,89.70122131400393
102.98060882112745,102.95126520179517
91.76887958191702,91.47143617774593
91.61984984823184,91.48804966567205
101.88366858116859,101.68217931915237
101.45704945591882,101.40386112123558
92.69402455389607,92.38364474386486
91.42313707906582,91.24633824967104
99.58686017626404,99.51840074912452
94.20328815271229,94.10923135026638
90.5749506106058,90.15405322917854
101.05326066701538,101.01072965429783
90.70286670055626,90.50703922262001
101.41097482061059,101.34924770911479
102.12914218455698,102.09110174402318
91.3624962648652,91.18932380088694
98.76504610718145,98.55355697130699
98.17223395967429,98.15402479910811
99.35733662156815,99.32249524955176
100.57284906878576,100.55316585325218
98.57544485819756,98.52843594583062
95.01682734792935,94.94327999325466
101.76252507757374,101.72930027926512
87.74727088158224,87.499340208114
101.03482633347974,100.90349091312206
95.92419381493886,95.83273281710898
106.85514454226782,106.79517353976013
95.7115948460518,95.54088968687662
96.98380422551982,96.8556767270134
99.58639553094665,99.4120560237303
93.40321058031805,93.09054883484299
93.70826329667534,93.67925429209643
100.96403848126492,100.9461374527982
94.97801496713444,94.8910163568519
100.3851382061869,100.32514918631392
103.63913445499867,103.60329259081531
91.09562787441355,90.96036539717132
108.04249188218091,107.86715700453756
99.64190235968346,99.54440414311591
102.6700925245671,102.65199354992855
90.0136866175851,89.79033148315766
99.8610779215699,99.77876039720287
98.51001332935684,98.45275510931887
99.6114272286546,99.59203995804333
91.39076985222772,90.94878619346447
96.7200915979559,96.58719986263377
96.16787486840381,96.07472864152429
91.84441556620484,91.72305589364191
108.73316658795181,108.56052335482421
93.14477325150384,93.05651408954587
100.32923249393635,100.2614130334412
94.24114327992721,94.08852419171002
88.9197602603384,88.69541726861914
86.4073415817007,86.06974206089549
104.25548885922774,104.1651111184163
100.01667882710723,99.92270868501618
90.44952281814084,90.24114129824986
98.08541818872723,98.06549365545825
96.88893011618634,96.76155648585727
88.99988495167118,88.63863642842696
96.32896105092581,96.1444810508992
89.80860688811212,89.64104354875163
93.48273846516808,93.3810262637786
91.38552372083561,90.86033284770221
96.88190273294742,96.85181560272787
97.72564557643426,97.6448790732659
92.81841718787257,92.73283366864244
94.64857013630481,94.43882037091015
108.95413440716237,108.89580301523138
94.91036273942325,94.59481494124195
102.45186734217705,102.20380248601607
98.92215359319079,98.85769804059068
102.9264148098886,102.87865595246501
92.48452178173935,92.34097474145292
94.33867658723472,94.12869557114523
89.67086107224819,89.47464897070465
95.30438089637714,95.23971543285379
98.06953767637313,98.03551985432203
97.06787421709988,97.0326160172058
100.76393176919808,100.71877809262217
90.71343319221567,89.80045224629241
97.6761694281437,97.65402921157205
102.75677937692787,102.68507933239042
90.48722662406033,90.17780353271438
91.58148084431856,91.36820888983547
91.78215205786708,91.6336212207974
100.43593273168632,100.3475816214052
97.02313214868256,96.97285102714439
90.75140004323136,90.31122477138385
105.15158247697693,105.03625316526082
91.9783257123278,91.91620979427945
94.39413079125352,94.30293569990259
104.25660140664012,104.19047074782107
106.04340792005218,105.96870256346205
99.03819575912789,99.00405584140715
96.71776845859948,96.62629992857511
100.89348307872636,100.86678174159307
96.84454710104028,96.79040634561841
92.37537183367753,92.28401117454064
95.02216071989955,94.88342850529081
89.99683096380663,89.75176885518322
94.885885378797,94.7256798872107
105.4379210475064,105.38396079891344
98.84957875131879,98.65782784106494
94.61356327405929,94.52158367609553
96.30624523003983,96.14808952460967
97.60493029628981,97.5203464204234
100.77062606901026,100.68462034781336
97.56785410610313,97.4935780113051
91.64978358078372,91.55091031007912
97.38384471940735,97.24999630719186
98.42744518571176,98.39906694045379
99.88804367269182,99.83599513304891
106.05799430569337,105.85152817700111
101.37229499593,101.3167336274669
92.79033715497451,92.73328824798031
92.83122813094843,92.75279906015612
92.75275846704785,92.51426846376575
98.85449686221924,98.74758482240493
92.96205692510472,92.73815573583181
96.34022292122258,96.1320289988836
100.43837025394718,100.39326903699614
96.64221553507006,96.57845809102939
99.87514504311635,99.82238072054159
92.06796168239616,91.94042969750079
98.74474926172121,98.67061462397972
99.07850441595288,99.03398076297596
93.41166510099426,93.29333669316716
105.05847337276185,104.91707042730188
96.54666907913948,96.38864327203811
100.75478077197582,100.71600994535356
103.49044243270706,103.42952150489837
102.66849440885393,102.64644006089115
90.54784905015049,90.42068360821017
97.0101073937178,96.92767872044394
98.04901891536687,97.98507181250534
98.76979579392184,98.65993517696084
94.32988911753775,93.9524969643921
91.49680322590349,91.30747287237392
98.03550377911253,97.95971821841835
103.9734994150807,103.87420149186497
103.08229791012623,103.0568816938713
98.62699371738525,98.61326330905888
100.66947793136873,100.58182145223559
101.50484529571546,101.29257838982296
97.8055976337995,97.76367547483602
107.4757184623224,107.3781171841871
92.76790212699736,92.54400039622003
97.33600858616808,97.30043209428874
96.49829367783535,96.3033326061358
88.59717498351846,88.28979353187223
99.82431826952825,99.7301521394724
96.2696246379037,96.17142206215406
99.43493789405684,99.14274253807588
100.6136058017731,100.5864604286644
90.75544336141344,90.10863800315232
108.54418888602576,108.35571887830916
92.12178626529118,91.98072682892771
98.1038745041494,98.07532489584929
97.2225425698784,97.12173170061641
99.78340281063902,99.68082043756782
103.39396545913546,103.36613963674107
100.46737681028623,100.35546465372657
92.62452183973788,92.32809557904257
92.96730418411651,92.82319459284118
90.53269304295482,90.27305591987871
102.50916319572438,102.43516861700121
88.78852467346265,88.5242760568502
103.78740492764055,103.67850883031322
85.50662991440328,84.47421589558435
96.78905865069667,96.45023533636892
100.39570234614686,100.33492376792587
111.2660374964595,110.79980621307128
95.14729842223744,95.11106318497119
91.97791054071803,91.89518153646355
93.16745139500311,92.94189984230792
96.95747690375919,96.85529545286867
99.35356101521725,99.27891090586294
94.72670742810277,94.51767390761262
95.07957234049148,95.01510147996979
96.23428211720052,96.15301097207328
92.21111762064274,91.91070370727138
98.90364374360414,98.78130401961634
96.16774692843735,96.06735366211338
90.99218252231842,90.65842712445176
103.98921358350462,103.93903854734377
93.06230443444552,92.76775259793351
100.48042641988869,100.41241005732131
90.84621475464608,90.65105741581473
97.0827752213154,97.03659480068929
97.41402218329773,97.34653720076432
92.52718091634628,92.3965430499968
90.89384413956336,90.58735676083911
102.23782680845164,102.21284133532065
90.18145268122396,90.05518958363655
94.63321545405287,94.25303135003387
91.81773436735861,91.5944396150087
90.65505708885372,90.58243752645954
99.66092497805417,99.63349529379757
94.60223365493488,94.53115136611675
91.53497428152579,91.43117428018125
101.17008806134898,101.11674848324178
100.20593047529836,100.12490004839758
93.5034387514318,93.43658412988633
101.00929066033186,100.95709432989669
92.69415970730618,92.4057740944877
99.89798939031907,99.8629439170692
99.10236985206264,99.03823029346562
99.65614477446199,99.62184336347498
98.39246532091506,98.32388969249848
100.25741094812487,100.17351351920834
108.50428171161387,108.4212636325147
94.57285995231078,94.26734780873662
92.48611127686223,92.16233855200718
102.44503147813451,102.28977432486796
99.43951249399795,99.41905836191256
96.28198407416807,96.14768125452048
105.59911102592243,105.41440147866143
93.38076336598638,93.24558254260604
98.54781721629698,98.4887506860796
93.76218996091285,93.38977192394498
91.53415259039951,91.43496396912303
91.1354837753004,90.96335581559967
102.24958556806801,102.11675341422188
101.64548953560978,101.58963555408856
94.89318855919655,94.77438945490228
92.12606296313373,91.86920992341814
100.1723922488107,100.04983369894131
100.09303533661532,99.96587813576765
100.57478108935884,100.51062601551692
95.5568207255167,95.47421820220863
87.33525171213755,87.0864162450559
92.01202501208681,91.74464939903348
94.44362031640371,94.19105206750851
93.82721167216238,93.71225187275851
105.87557201830975,105.59488520674209
96.71851507632432,96.5585885276999
99.75335500034512,99.72438611858135
101.31723454084518,101.27065972970527
86.79675847426162,86.42857669725822
93.55848265061454,93.17560659579091
94.4885367365967,94.12576599731028
97.86250233993452,97.8088918369389
103.18560174596561,103.09662928347291
93.44482382507972,93.30505979978801
98.99386281816658,98.88448060568591
95.00616729328468,94.76132988216642
99.54497915683673,99.44784651683769
92.63759001214237,92.51651236425847
98.69699382024992,98.5788906648463
95.90598115469493,95.72787451985683
98.28241744040362,98.24509291200866
99.27323301503901,99.25222491348866
91.73125673884408,91.67638747861646
97.5052172226784,97.48652909652286
100.0797918926695,99.96276059186566
98.52275666072563,98.33114634339783
98.92756500185327,98.89339560668837
97.32315070430394,97.27884862595542
101.09206091792957,100.97219180604523
96.69879351329153,96.59695066284029
94.6740848267828,94.63328587922902
97.72532567540765,97.68787089545987
96.31906670167204,96.13956903483557
103.85849713314676,103.76422543873481
94.1077321507733,94.08588409816913
100.20059921570147,100.10469423639407
88.38404667850473,87.8431682119404
98.73925813865537,98.64560002405922
98.84334998374533,98.7224351560591
98.30092310806066,98.22328608340183
96.89964134677025,96.77589674377727
98.86413722496158,98.80281267942775
97.71146718612499,97.66771756248443
92.35305899898952,92.29745040147571
98.90547498299031,98.8818850571089
95.64235623466342,95.54506253071897
97.95380256369755,97.90429603781632
98.40665300462528,98.34173193910037
101.8954510965332,101.86448569426081
102.3887021769756,102.32886399445422
111.93878222849654,111.77340895728858
98.22055622932487,98.1057654743886
99.1240725249147,99.08038327573013
102.25291808541223,102.06739322401764
93.3530053277147,93.2404930982663
95.79263625582287,95.69991927775091
97.03032876322654,96.97940244285508
94.99552705461596,94.81966595631503
102.47239032342185,102.36412522106963
92.84199529442101,92.71021754092223
97.46157554377352,97.31409035808457
98.66490378733421,98.18868169090597
95.19177158894867,94.9770762631982
101.2221454101244,101.19220868109225
95.23363123319308,95.17343539886912
86.16655638956895,85.81341738315678
96.48035026028133,96.31862142115605
99.50044093039465,99.37429340991132
97.72686137499984,97.56094533082536
94.94471666819834,94.54627487563158
94.50826589627906,94.28980709538088
116.11858851050717,115.69148929351347
92.75217445914893,92.57092409368008
99.11156394930074,98.85138026137118
89.98289386231487,89.69571363858823
106.00424326038416,105.95634326647179
97.81314976429198,97.78203110549337
96.13343300665005,96.06694360302295
95.05407482301626,94.90526768777987
101.74895012924225,101.71449246269353
95.97235433437825,95.86776425871133
103.33449531320916,103.23805251315427
88.48287637262318,88.26853958819706
91.02237076282853,90.78305141086075
102.81537631570224,102.7796085243856
104.4557578392498,104.38046517292881
92.0319791468116,91.75657470303085
98.0380837623882,98.01375867165092
101.42356523710843,101.39734827861254
98.23594260298842,98.19144158196555
101.07539207989295,101.04287471321244
96.78735947220088,96.72873134853418
94.1241385914352,93.94627821719818
89.91243491735267,89.38903421315526
98.02637804877833,97.99275469491425
95.29489026566903,95.25715389393503
95.31510273884871,95.26180012630039
101.60173727255363,101.57427700757918
100.44871373516617,100.42547303443652
90.8447648654974,90.59838555534297
94.81380694826117,94.64967848211772
101.78389229603495,101.73750977802392
98.1263070789781,97.98243665348605
93.1567208287985,93.00258937703455
93.3694926521461,93.18160095089816
103.54186537519598,103.49693100041388
101.41804942687591,101.35303578333482
99.5512846230439,99.26812204987571
101.4651793260518,101.34550008086879
98.96338269992286,98.86953602590127
93.64637477362515,93.52751684787903
95.33454054078211,95.3093169505778
93.24071466537949,93.13048387743396
100.46097649222482,100.38567752905178
105.22987520012398,105.1436765175539
98.45570864984673,98.42472797445681
102.6057721633138,102.54678005062662
95.23883226744493,95.1828480010393
102.20031957326691,102.18144323595217
92.1055274500021,91.89302569780297
96.4665690751322,96.44329894209002
89.88895270645429,89.67697042968535
101.66580410178032,101.5776684174967
102.5167703409943,102.4837811524902
100.94562657169986,100.86849847931074
96.8801298239738,96.72598560975447
102.57494152766098,102.42303005977065
92.7843821057437,92.65557485606251
96.99361689191933,96.95751999580699
94.84614315069673,94.80424794283648
92.50045288887078,92.37921696991971
97.15809736134031,97.08006414293892
93.47132740384065,93.21534171357507
98.759608698529,98.66855527711935
94.96269330430374,94.84430454499554
101.10465689407862,101.04120364612453
94.79370792108519,94.60873552066444
102.95946362380286,102.86210187616003
96.26070305864557,96.05054710015229
98.86919822016418,98.71605343378737
98.90510314224176,98.87209075091388
111.79852985271353,111.37607109275723
96.12548585235668,96.0160330268536
94.06036688181355,93.96650409781206
96.69926060914386,96.5633767382499
99.66972880131236,99.63483605288398
96.49173050704492,96.26706481822978
103.18316329925345,103.13408707889933
100.19452784197925,100.11645690956087
103.29853652911942,103.20074799062084
98.5443310923508,98.5035019360455
95.13060564027889,95.06997113315752
94.60525698250673,94.30825860651444
100.66444828074071,100.60504568668979
106.05722112739706,105.9094819115206
102.97111532084742,102.8753597249163
100.94196382124179,100.86294131173716
98.79399575118323,98.74669462065938
93.54901048717068,93.41850116275558
92.88477690377809,92.67819824276758
102.62575810474566,102.56557027566254
97.57242563888411,97.52279809508042
102.32241440070358,102.2596357575795
102.10301605983679,101.98475328330507
96.19912860461811,96.15553380864101
102.64770664626158,102.57031685508097
104.03073691005471,103.9743341539151
94.11922595583093,93.9882862711904
103.39597496088922,103.1371847031082
99.02788274492877,98.9770906653095
101.22135176023684,101.1264289213051
100.99240827651379,100.9258890460222
106.48988522752565,106.42183912013797
98.91189027736509,98.85222660763752
100.04314156317936,99.99897724869884
97.25986781315942,97.1929306712906
93.43416199291549,93.2162069493545
94.69553706751284,94.48205714041337
97.145331060115,97.0855376720177
98.06071240643165,98.01394458033464
91.98071919598729,91.79120048568082
98.51382405939003,98.50101933558558
95.69232297305014,95.65964994723896
90.50023582702856,90.17928253657892
99.57823812511883,99.46688337064505
92.21375233794812,91.86473309328649
101.58638329133211,101.54057530393484
96.46639437491753,96.39285969627846
95.75007726448413,95.11984427481366
91.70042627157368,91.50269270391183
98.38712565118533,98.34304879321192
97.55333427741715,97.42589441159292
102.72850020294857,102.64598723488012
92.60337800383,92.45498375733872
102.66681396960765,102.64248825752232
100.56981931184653,100.50299720688515
88.29190540775836,87.99027602106023
92.77891904080816,92.50839666982716
107.86489267430944,107.62607132425342
106.17790801915689,106.11259681306055
92.51693544484255,92.42082790029562
97.71211250354484,97.53536441291541
86.767573172024,86.4041366815254
94.77904881149333,94.73981361189038
99.4692622066886,99.23513194655133
96.34306063517086,96.32169089845702
103.38453088527099,103.30162037299506
102.048672144461,101.98366838724395
90.1692958916112,89.98987057050826
93.96482146383771,93.85650042712412
92.98476056626026,92.84316934393931
98.06438362673428,98.0382037639184
99.34512711104253,99.30461446084927
96.89853965638888,96.54823453957287
103.5314522597892,103.2869394520282
93.61657742973182,93.3495664308702
93.20814269909145,93.05168648726408
90.57802556442124,90.2592602937637
90.55991839686871,90.30033657820859
93.47045209823992,93.21728439957906
92.39660472957638,92.03672961620312
97.74927691181931,97.68929613785642
99.9396761591054,99.89089356078694
93.72317533935869,93.50952250919917
98.89020900790001,98.84466508769917
95.65779084884643,95.35187239016216
96.49726199661383,96.41047602850912
99.08237094980701,99.0271875025528
96.12308254756363,96.09617093568205
103.64401840795206,103.57117485879692
97.77515355909462,97.62839950213656
98.71029266414466,98.6597753703594
97.82025630394854,97.78473762580632
106.6119558642144,106.54220277995796
97.47380492013411,96.96583981183544
99.46890036725894,99.23998258625157
85.66008970924949,85.28387170431472
92.89445205264104,92.45857792611861
92.23049512093081,92.12244391871727
96.63327715347651,96.56958875001703
93.96674180497911,93.86229565482013
102.2661569344601,102.18951240405538
99.11642529894033,99.03157484769379
102.5581793683506,102.49798888095249
94.85664954411025,94.79831460558343
94.40713450072256,94.29662944385406
102.42907407620797,102.40621031005107
97.73187651379412,97.65361981203569
99.58295496209496,99.53678661135291
95.28847221794629,95.25230901813491
94.85928704195418,94.7877037672026
93.57279876899139,93.40143433162294
96.1693426434697,96.10532811563728
97.05685593537414,96.91016322089085
98.91084124026625,98.84736561861828
91.42818614938413,91.11481361484348
94.77753624355492,94.51852623702688
98.11921860537231,98.07535894244477
100.85744735441351,100.81366985751785
91.96858984382666,91.63003938893941
96.14028329471512,96.08818105442256
94.73089059203531,94.30396312997209
97.0539700811055,96.2660081789681
96.43482872822088,96.4063338951795
100.15896711975599,100.12180157586565
93.72088730988278,93.54458077310412
95.1553901680492,95.10099906411075
89.03234306883674,88.81579075753413
97.78403126742722,97.64728705473973
96.70241518592994,96.66901153987585
99.17501536356217,99.00618959077153
98.0265573303232,97.88744251510698
96.30401415817987,96.26892014915866
97.4720726388502,97.4329787715224
97.05110883219093,96.96946146838891
103.16001293774349,103.08674729915596
96.74355825427075,96.70065045516411
93.6962570883337,93.6491438277702
107.51756642184777,107.4589151283189
97.95020503828718,97.91058870144427
93.4171233319619,93.16809535716867
93.72011615572048,93.5124420585055
98.9374794007801,98.80658202246619
94.40484827625107,94.10187812779591
103.61081327223245,103.5782425702257
94.17147660184624,93.96279795428387
92.68042736364674,92.50369918917993
95.94695083993594,95.8571658202587
90.56622286751949,90.43725218428261
97.5576188247801,97.35140615276055
104.20196483416443,104.13139618060785
91.49986771717748,91.41554187303127
99.70039775900693,99.67134797768726
98.29740621719975,98.26330726310617
94.51928625030982,94.46482801635457
104.2454393908396,104.18602101097214
100.25437150101763,100.2058501093057
88.57797690056557,88.37163605522204
98.42466807958348,98.35501702897393
98.11473873637395,98.03870759790827
97.84974611003186,97.77866699301356
104.75604881531319,104.68858851685548
96.5171481105019,96.47227863485705
93.97152859755072,93.90879241444475
91.43199902790035,91.2774855665057
101.35488590965284,101.33350858593643
97.31570704901218,97.21366105108879
94.87187657817633,94.33643040631863
95.38526069964222,95.2595884929316
91.1964286135674,91.04285232509847
92.64592169666548,92.5123894862046
98.55152118943126,98.44199147292427
104.38125001295087,104.32165891205372
105.57786662244008,105.53103125937858
103.41328106945755,103.38196651967056
96.52642336377346,96.47298795776433
94.69671633798978,94.58129152671647
96.73414692263819,96.69294241954644
93.61853149839172,92.93868278722624
96.17878265884261,96.07313331417737
104.39723173637375,104.10224140087352
93.87570447397322,93.7032616389184
93.58588545668992,93.28776427993617
98.48074348469794,98.44383126688007
97.76816621072282,97.58496643695668
95.1677730514612,95.12741851397145
101.76307375414281,101.74054330678867
91.35914374961717,91.0408940609429
91.2400990949551,90.85105574471451
94.902899117075,94.77274865584832
97.33335403999139,97.2955584468884
102.40136729791641,102.23722145245577
94.74292435478198,94.53948267425852
94.89623952513669,94.61919527095277
100.05091349976855,100.0038259564599
95.09621868404598,94.89193683253895
107.82304876816865,107.39846658157623
92.67032599474943,92.62439698040818
97.2609471910557,97.17585829300336
84.66288050320611,83.96216719440136
92.9588973474806,92.90091789631356
104.9016558720577,104.22751946295404
90.58732087758538,90.37487006316763
100.23194090836692,100.18782334253125
94.87676866889511,94.81451488196495
98.28083407346209,98.2492538828867
98.68654769318235,98.64164186864325
98.54871174522462,98.50259469354066
96.63560956961493,96.49383027492964
93.39065190155063,93.33930938371601
95.80986060975712,95.74866158280912
89.03761763743398,88.64058862804951
92.45908999237712,92.1829734311802
104.99782313100182,104.94972654027964
101.10229584730261,101.03258405243588
90.95119084451957,90.80548514831044
99.8743100680395,99.70969531500116
90.61053838643174,90.42524780070464
110.13009273426178,109.95907705146404
92.25898951495802,92.18022949063712
89.02637500240702,88.8604733051689
98.55387342044993,98.54040351905432
93.07852726845397,93.03517092802133
92.88694696419256,92.84130947331359
102.03733520471046,102.00531545607176
97.59550893535275,97.50946350802396
100.43563284628077,100.37071768769076
89.60221897856495,89.37050459212409
104.96765278848306,104.82351968660073
94.87283345909991,94.72597196202264
97.90371844396068,97.87772316225788
94.87328433360238,94.7709958059767
92.19405007352421,91.95632314292293
105.5880781555183,105.47798991916895
93.89162437717323,93.6342407424397
97.19525553601078,97.09249635686396
93.7976772917675,93.51616018016544
98.79233478992487,98.68312592197177
104.34756386956546,104.26551152173354
102.84235666341075,102.64228707433867
90.78810291716296,90.45817442698394
94.0480051171123,93.89845706175272
96.27939718544168,96.16133519891149
99.27013099657755,99.20455160920024
97.38055497887137,97.35002392248552
96.99952788436343,96.92315570080122
103.05612935072837,103.00135641182392
107.14800854916562,107.0535112955044
92.21714071883389,92.12097659141352
97.04870020696556,96.85886805484574
100.91502488707776,100.851460582868
98.21481865853274,98.17010660526932
96.36219505380838,96.29661727312595
100.18142270835517,100.11210575027843
99.54104623346517,99.50220398126596
99.89078439461078,99.81093326128124
94.94757233543478,94.75363234110038
95.62794134467558,95.54375892202745
97.7605019066921,97.66901482555534
95.27209786075053,95.2229450882209
95.6130980586334,95.51238076605027
107.44115645209797,107.32040524922559
101.26645014076212,101.07004874681864
93.28967683765724,93.09229428951276
97.16814861071133,97.15039847608277
96.17509928278898,96.11251144138595
106.67141969281552,106.5661842589048
98.60601504138116,98.4817744128928
94.08067683581898,93.90460234277919
101.99260944374814,101.94593912157455
93.77673742520001,93.65282962984415
99.48123685020171,99.39201949698065
94.40501483723665,94.28955859592094
100.28308253423488,100.23675407120372
102.39116331791467,102.27952793523174
93.98511122011591,93.8441539887684
100.57414023239119,100.3410370827761
96.68250889216213,96.5622963395733
99.86001528304338,99.76521546653069
80.43888323722697,79.63023114350447
93.57203300565261,93.3969006844754
100.22427451520534,100.20867039283952
98.56869569648858,98.28179151498209
93.66102147291767,93.4268648690044
92.05082502424817,91.86832888437206
95.29709396566203,95.22774618905842
91.02333047330787,90.66439251944597
90.09237575513279,89.81954978909201
93.77969664542006,93.74477291176954
93.31069423037641,92.88442337556934
97.76299584678976,97.66643508164117
97.72877282936918,97.63621868232283
95.96486833269196,95.6043983483733
102.82657034565105,102.79454205904332
96.35638546735917,96.3219659232276
100.0980369567599,100.02095761327234
99.46908996394637,99.3933664864383
96.84504153185857,96.75079546192723
95.52797908906352,95.47312021471822
103.2623779983155,103.17123321501889
95.10520506746734,95.04927425191903
95.87709621715209,95.83147005593112
99.65682309412021,99.56554090632221
93.60828684441927,93.45092176002419
93.27392108697677,93.1325605159771
95.4461533894329,95.4040565612924
100.00534829710908,99.96776859456673
95.38378729696453,95.30343417062481
99.28966777529274,99.2544757686456
99.2121713827749,99.17317903720189
101.98838750393965,101.85814716507036
89.8276090782913,89.61026624188784
94.70347293993808,94.59929942073774
91.55145532351115,91.46181564532782
98.2600564131471,98.23286968634521
100.69877317370059,100.63580088705265
104.30118221132717,104.15369309687941
96.08651104656961,95.94643033126432
103.87466172337,103.84203732749494
103.75490096544655,103.14935369208953
104.5555494468143,104.51093655232576
96.705415924755,96.62698586992042
93.58121655054815,93.34828130150188
103.30613319089836,103.22415779888333
92.32967726250203,92.06423692803357
100.38693748491458,100.32557139897287
105.76739119408371,105.71915380433128
93.01286264953318,92.9153048117174
94.69753292707384,94.64964326223895
98.7752734279261,98.73211064763507
101.6020718020203,101.52808730658153
90.46506431375927,90.29723680336417
99.10979477685518,98.99365391333268
99.07572685132216,98.98814546834478
95.89160154171991,95.77034913608017
104.54045954515101,104.39137910452327
93.37591842602674,93.11386634349124
97.63550077580872,97.57751552201233
96.37288394284433,96.32476941678719
107.92732837737702,107.75972207563453
93.26693947707923,93.12662898261532
101.91790413346843,101.82091868904746
94.81021419615081,94.66468906260266
92.1080694139866,91.91006662188687
99.69880424068022,99.62033680335271
106.97674221264529,106.89492369421943
95.12209111679955,95.00341542367958
104.48680669657374,104.31815867732783
92.58165922259045,92.26916840026661
95.98173924071233,95.95071498550017
94.06386717126074,93.90462917539764
96.6415746481122,96.61099970104641
98.85030171468485,98.78718012242334
96.26451400152199,96.11910117999996
99.37557935362668,99.25779093749213
97.16307918970254,97.04018169894735
98.5228657299024,98.45310731293021
99.38792534760607,99.36278845994437
100.74822669296682,100.69592592662943
92.27906877814344,92.16691742397636
97.61887694562189,97.5160262979732
96.69885092440745,96.65194622656745
99.83452649100161,99.7167409485942
96.03888197183824,96.0013621435042
90.03498946264322,89.93826121566764
99.6091554515425,99.45579671481391
88.66970742343445,88.3007496019839
91.19449051486414,90.99607569500594
100.15955241419384,100.03932457581283
94.18990651511825,94.00471545421726
94.52703696507427,94.199866538585
102.43024140152487,102.3994815135591
97.38868063522372,97.27395304350146
92.14453791711998,91.8705583317246
102.50963309096959,102.48406146947436
94.32382469997377,94.18495311712661
100.11668182215148,100.06764720872681
105.27326245731746,105.13662417875054
94.27451837403973,94.18468364302683
97.65367981940857,97.56507124760181
106.96303275482265,106.7596559095171
98.00514602175603,97.89941599543697
107.4692660255908,107.31057580240441
96.74779098376881,96.66420437302517
104.7179805195654,104.6145520337071
98.61889725243562,98.59497281545607
97.65644387056797,97.60571984924192
98.58152367680161,98.40320577469541
94.77104331537723,94.6657273632802
101.0574161753031,100.98530706366111
92.99151395949244,92.95421870206674
105.30792589796653,105.23514215509506
91.64715605144522,91.52962563184325
92.47573040332345,92.40459355916752
92.8849762209492,92.7385881822137
92.36397652460832,91.71712089341625
98.40447044019105,98.33877281059817
88.89083106304228,88.50531910312642
98.61963661731176,98.575365386555
100.57119484241134,100.53078084757159
101.93278475459205,101.8762412819488
93.66582945339114,93.35726946105773
99.67769290050538,99.64686015895674
104.2652652196682,104.1551353590141
100.31054297304068,100.27146624912412
99.37601426906974,99.22952296235907
93.61764126369262,93.52175934172081
105.2983052048308,105.18844652127603
90.88114808389558,90.61342506795837
91.92085683301153,91.82335218960215
101.46507529590744,101.41484741778059
93.20057783392524,92.93325785971092
91.98235385678612,91.87407845607628
110.14074761075216,109.60718501029402
101.26659039403545,101.10891615534464
97.69155667897354,97.59708379097071
102.22770150672137,102.15186366771734
96.2430333345399,96.13795455584523
98.04248709373546,98.01182690472923
92.86594283879907,92.67053602432705
98.03800969804459,97.7623011191297
90.45344763036495,89.96551333727301
89.40501928725833,89.31355544845738
97.70015118335012,97.66663060537043
97.15715131025424,97.06130737492836
101.76327544824912,101.68109980203131
104.98397617112397,104.89229476597515
107.99827157381463,107.64025092854202
95.94300440846663,95.91800267150224
89.53100802936906,89.31946865826224
96.6449925628269,96.52651518725484
98.45929253733773,98.35969888241365
99.69638902581019,99.65853766673636
100.75398081789261,100.49733212577158
97.30319154563948,97.27423770038082
94.70456892465305,94.59700282445483
88.75405525343562,88.60698015667235
102.7197751316732,102.69935782761735
95.58870560151398,95.50304919590124
94.7611883358427,94.4640284034593
96.10621138187703,95.74078705765571
94.08890214800729,93.96261952904264
92.63057628716915,92.53123065274428
104.11338480813923,103.96756626101353
100.72927067948194,100.65992816529288
91.78928563376981,91.1216501415583
97.18158110381793,97.13707120527559
102.84978036922563,102.79262639867684
100.66807946390982,100.6145295978304
94.07139948149363,93.84592899540714
90.42248523958995,90.19600171139257
93.81067054778161,93.67142155672205
100.89894284547498,100.84097158005399
94.42759735407411,94.32886412360949
97.80620161722071,97.75695032247974
97.6456688276846,97.58966389342292
99.95140827639072,99.8630441746898
98.69381288909932,98.66366958610872
98.0601478646062,97.68383441351047
93.20172298372772,93.10095104242752
91.01315398956939,90.84152093456976
97.92248219393981,97.8465936331289
99.17405899392577,98.97150362461105
108.57497308524177,108.1458992998145
104.3556110788327,104.29628922395874
101.33881654185414,101.29972773654346
103.44320303653348,103.40953509346006
98.96724808439781,98.81130037748227
103.34988174431034,103.28689195893507
92.81403197256513,92.68263330808668
98.89422243861904,98.87444151987664
102.9880339921687,102.94890640504805
94.32923983136095,94.23789807500327
99.71042630658332,99.67168272407666
92.4549826097711,92.18000100219285
103.66146974538779,103.59994761528944
98.11600483037898,98.0499737126869
104.97995326343846,104.92629025391693
100.20629327891429,100.17581147866959
94.84224883101177,94.4836734400915
92.62117247920828,92.57649650093641
92.04399425495637,91.4754340404629
95.59282077928701,95.44299693955672
97.62902936632003,97.53557944619766
96.56891771451099,96.47651342555189
87.36427452891184,87.07497899177505
92.21670081666115,92.05237264980035
96.9388413402062,96.8924119260321
94.00009545373099,93.93033693544916
102.7726453541551,102.74348862685915
99.0339348904697,98.95667504354104
95.15299434518856,94.98929276116795
96.74780273347527,96.7145616715322
104.1242844097158,104.04339399414106
100.2247658201414,100.11228962479763
96.07994299757527,96.00065651905926
95.08181180767937,94.93651968322426
110.59001028203154,109.8856228604892
99.60661240153274,99.55815971976038
95.44597980676825,95.2622239715152
101.7374549278213,101.69986179213963
103.08510134608497,103.0111341862706
98.10361140139491,98.07604508621343
83.15903020190815,82.73748493892076
92.28112411285503,92.03139781109178
100.43276134550503,100.4041505042144
96.25082778761416,96.09213115920065
103.45907526923982,103.39280497426245
98.4256180639734,98.40852546812208
96.51726350878249,96.37993745382335
97.30109355475035,97.23394290413603
90.91390212929036,90.59152947743773
104.08220245598933,104.01102694247042
109.8393918309266,109.50875823696742
101.66099627755162,101.6422218511928
97.491687437132,97.46397021989877
99.29124766131163,99.22431799353687
101.3270268495832,101.26981286952304
94.59090630674798,94.46306182892312
106.28490706163034,106.18172791597578
97.46248704612799,97.38690914796193
94.4445852921413,94.22066675760921
100.59344119193325,100.575720682316
99.4328354676195,99.36537162051997
103.17850379513985,103.1249497734935
101.87341610087299,101.82519826147517
98.60207501874189,98.47915909449974
92.64659004835248,92.53326488337513
90.55534306502291,90.2781105698283
96.80327288859931,96.41478321013665
96.3261316919456,96.2871679077224
90.8621915785239,90.73731047789435
97.89055029877319,97.74656403666934
90.38242192533198,90.25994160367298
88.89121402919842,88.58575544753782
89.84246782758026,89.3796023081468
94.11101740076461,94.03917171589858
104.00945710279991,103.97426770695843
91.71638943062933,91.52381785275415
107.32614896270142,107.21280040440512
96.72183734688038,96.50452665273164
93.734672590393,93.50877564468182
93.52435769848923,93.45351824069634
100.75858524446099,100.66240188350584
95.88181918599632,95.6269314652467
89.7094807444205,89.2097035088603
94.7598296943334,94.715957034723
90.68012326317657,90.3150334840343
96.74073661315325,96.67644943979866
94.83222298594255,94.58774811248219
101.96659262366761,101.91699668039752
91.79774847137854,91.69095482684916
91.06201816312742,90.83094709258239
100.3489478404471,100.32396299659027
95.16495530926196,95.03697993653367
89.72244468316978,89.37452039486648
97.63378012849587,97.50913879900061
88.27593815061203,87.9163075175352
93.24731733590045,93.142477767615
91.05803656188924,90.76369204849796
95.14133908958469,95.06145000570406
105.04521843609793,104.90239345393633
91.50148709048399,91.34541342234002
96.18933474100659,96.10831787407342
112.0646659331927,111.58595062863995
101.99630748269499,101.89614705470271
92.29156156617233,92.15361841766192
99.47821430438584,99.44877349080808
101.75174834113677,101.5835537959563
101.5409392086608,101.34768114705585
103.19934045079494,103.14881112840709
92.20561393521356,92.00972136897964
106.05280463830667,105.94557807042858
104.79954025507814,104.74470854201735
98.50840711047572,98.43633522113252
101.84410490493619,101.79623141919166
98.10389776556626,98.06047950782447
99.09891782915169,99.08098000258059
96.23343106884813,96.00488846456344
101.55940660719496,101.28288416020675
95.86124269792921,95.70003333550792
95.2243836974301,95.14207175053677
92.45456802996087,92.19054306815272
92.46060423752182,92.28737694443882
94.52085929765865,94.43019788566757
105.55955736542306,105.37619248676603
96.5113897573565,96.4465127735083
98.00844648452632,97.89504100373256
100.374653956763,100.31419013156726
101.24000965616206,101.16269116445284
102.52054921486071,102.39553470241269
89.7079975955414,89.34135263259317
98.04643292883857,97.89767556566309
104.89066943166277,104.84467000555453
93.3677477958378,92.93437338435865
93.07465141181075,92.71132946224023
96.29696723781595,96.27368731634631
98.04829701559696,97.89780647497722
94.64813524994355,94.45567077189698
106.00455557627555,105.83600432192034
92.63712582039389,92.53043218194024
91.21611658247132,91.08671422311798
103.56658271907676,103.48989208147118
106.89077042294163,106.7104263789801
92.30313570056633,91.85126874984655
103.13769270510902,102.92441537610661
95.09024489744355,94.92065687677517
89.27698293464684,88.99680255226623
104.24485936983906,104.15287200719247
98.04094642952192,97.99617955727369
91.5529322619896,91.39837328740627
92.8026331547724,92.71375939595872
102.03968611361624,101.99907102760778
98.72166005936378,98.68359192508527
98.61593512038584,98.44362142839155
92.33133265705042,91.69049458482618
96.82067364795354,96.66097513242642
98.93782944190703,98.8673186242098
100.16231440673317,100.08559987609834
92.95084952017697,92.78328075234865
94.1769427455731,94.12473776961957
91.78991935952807,91.61885728037721
87.59346455796737,87.41951129062478
98.5182221622351,98.43460027113744
93.78420698306601,93.71833100875253
100.29137094299122,100.14992127986923
105.53592900449797,105.481424066649
103.62688761089126,103.54388318858517
96.90204314589977,96.87565466369594
99.01817991106942,99.00231164687474
91.16320325609183,90.89038290496653
96.30429159220881,96.25053160006483
95.4300367654288,95.36815573082256
106.8546298317889,106.74432417132448
100.62165752850842,100.58797519199474
100.24644404187386,100.19053751777813
93.5989118922217,93.50556460337717
96.55688340930939,96.47614459799769
105.15429254643647,104.95209473053163
102.00579504932992,101.96770406965707
89.2501364420747,88.98291643542667
91.51616664052531,91.30924439984265
98.15344593293015,98.10729220163591
104.82771874815379,104.77503508174821
103.51502772901983,103.3705787595483
99.1632146263943,99.07027105963992
94.26139593685728,94.08378962610546
89.12823965330796,88.51120760391622
96.08993148079729,96.03208664869199
107.43105837423361,107.37550613324389
94.83208959866442,94.71082808244797
96.4910483535406,96.45616810091683
104.78340315785776,104.60837917967676
94.29178137627672,94.08380068295878
99.37222510969272,99.30749553561773
100.69662034607526,100.5325850254083
87.2858373009264,86.82731042316853
101.82188505469965,101.76083816472338
101.42072587940018,101.36631314288788
104.36655957933306,104.27917941809112
103.742766056373,103.66918909676929
94.45588372485638,94.16434276941949
96.9939271950034,96.86733359834722
100.14520374895666,100.10687649975168
98.57561747831888,98.51567836557957
98.86485231899313,98.65117574667252
97.26300387638138,97.15868432521229
100.80769555950468,100.72695905655615
111.70277148094686,111.58894762159524
92.87156360825512,92.78908265157366
93.77137415811609,93.47731056915795
97.82212982443596,97.76185725905505
101.79372955161786,101.77852489961063
95.60975171600273,95.43287545903496
88.9066744548451,88.72755338554806
94.62215576583304,94.5655853196363
98.44283507104703,98.34155661213914
101.34458341517426,101.30867957532179
102.9148933077634,102.89322903992532
98.31660814532596,98.22722775944263
93.27904814315303,92.57675602596854
110.98354943428177,110.50147908804404
92.18348628729663,91.68196377906071
99.72725134018161,99.61944905787239
103.92803517307406,103.89441426365049
100.05554435952885,99.97980178637108
100.356266322787,100.27850800479698
94.27023788150169,94.15237553879044
97.44808676314882,97.41007334611498
93.84793254360135,93.78871786471503
90.00117749853584,89.67594789655541
99.96389792094455,99.90668855833259
95.4393234808194,95.3675221823556
95.58254043415457,95.43118552913337
96.97447698940803,96.6477678410641
101.45084458076477,101.42720004967661
95.14540395518335,95.06559082920414
97.91588585765228,97.8510484298658
95.6440499628602,95.56237018677935
95.76395255705228,95.68319290449115
96.78790602067893,96.69729541435476
92.11651459770508,91.98674790225736
101.96828766975972,101.89630099839981
96.3056567260771,96.20784660928803
97.58808906382743,97.56288775232265
95.58955272040558,95.43853030913345
92.82185583548818,92.63950599162732
103.01786492298412,102.93301783697909
98.88996378245639,98.83933869416539
90.18178125386483,90.04134905026119
94.59695730321987,94.37146695069272
88.55624234703606,88.19953602519058
99.81588983550837,99.78910933026587
101.4667413221746,101.22439874764726
94.47812794467285,94.40661436284876
96.31636003739257,96.2528329252972
98.78430365818505,98.74768830267371
101.34837676553994,101.30446442003031
96.25388683280349,96.18798611642227
103.00582927202089,102.9456889439086
99.70627101849564,99.67496265718579
111.08851700668355,110.78886619473163
104.10976433655458,104.0045039950674
98.88995403547045,98.8133954055915
100.22692799447573,100.15464635383819
99.15573809639118,99.11190518300728
100.3309301931893,100.19693349339222
102.07092148549829,102.04559028834527
99.46972937066779,99.40866646052854
99.18981761101654,99.13055679739203
95.80005937946491,95.67267660460112
100.16244886157423,100.09424340052611
96.82230752767332,96.75112646561229
95.0851112520163,94.99765208851201
101.09583073501129,101.00380073949859
102.6878848001387,102.6513273758047
89.11599638285217,88.88308223163651
92.18773163747315,91.96637726111193
97.4992607024139,97.45164032977982
97.48876310165724,97.43632772302733
93.31084092447753,93.18612915800963
94.88598263647917,94.73329331899802
94.99826563340912,94.7525105469888
93.1303836193413,93.01096816569523
93.01978008470373,92.8976753927384
102.67601449336375,102.62737980356684
107.00355183238317,106.91527364454238
91.3011569937757,90.88471571096439
100.76098747053831,100.73766355841836
91.06560079702247,90.5917646130636
101.59898485538491,101.54456225996313
85.28164267910694,84.61293056567646
102.34424246828428,102.32807472553044
90.92672271818044,90.61609949773671
109.17230438744662,109.06896834708373
95.10603465644546,94.99970719575052
95.96142488612018,95.89212337704873
97.46035633971286,97.4074405313031
98.80215739093882,98.69755789780217
95.14621735145224,95.05767583249192
98.85091204617565,98.82178828161062
94.55755101467517,94.39429290527102
111.11077608009923,110.9628846069251
105.3671024323637,105.30354258794588
97.08851157332589,97.04788032152425
103.91020776236502,103.74858368127629
95.50565869258307,95.36444522926584
94.14863977720417,94.05061450032572
99.15132372984328,99.01710901897881
104.83272914826757,104.72263719102715
97.3427054951643,97.23682215796129
91.64047238430993,91.42354708092547
99.2661060827863,99.22642756205407
98.15163253947622,98.11815042269751
99.57103802402398,99.51752825335383
90.46721417947894,90.22723551880698
92.1043834218924,92.03849605334797
88.11089673893362,87.88014231712154
97.31853966201797,97.23949353787236
96.95846356795074,96.92550266489818
95.77335829235473,95.69944822249435
88.35688129992643,87.96087796943397
93.63941787313153,93.47159255962916
93.20218000561783,93.08582247091188
94.7765939269275,94.66062418559504
99.15671460329044,99.11706094021602
92.75605213093658,92.64568664313536
95.99570374927978,95.68500448590157
96.64022595969779,96.5756269602438
103.18199947380434,103.06023485596567
95.54289340409947,95.4223642343153
103.18273041428444,103.07214757760187
93.00212486323927,92.94031187612956
94.9015809119408,94.80848777776534
96.61945584714684,96.54099389793066
97.61636478427445,97.57679130812825
101.645458821999,101.58907302097406
100.11934175823033,100.08494403324515
97.17042817197026,97.12530579305815
98.30559953270827,98.21009673281243
99.60544461773233,99.54811306849474
102.13247000848587,102.10845689834362
93.7396388051321,93.5542507401387
95.52378125303429,95.46097517564172
100.20879782075662,100.15969846633618
93.68943333288249,93.53071859201532
97.6425929302186,97.5552148374951
93.97656609310523,93.41898901208374
92.535409483069,92.35765906332925
102.03140285537124,101.95621840683937
93.436298706726,92.89502207559963
102.83243908910212,102.78419826139954
92.2525444717214,92.02634606111556
93.48508292559227,93.17894953563614
95.26950928988684,95.11118544576087
104.51698447187714,104.47147485139689
104.64347914708688,104.30523921934366
95.505973018558,95.46110206116055
97.67887064254678,97.52385006002946
92.23661011689215,92.04613560860463
90.26332792332589,89.97753670163492
98.19636932217088,98.08151063985805
92.19211122023002,92.10343501781512
98.23034794856665,98.15909422925186
95.2590133825673,95.19077603813741
100.427689612669,100.34807065036837
92.35261202183914,91.98453106307815
95.94333755459711,95.90430187269922
94.29891573764787,94.06284498205908
99.19274239584182,99.09415144149706
98.32601981458551,98.3114721355178
98.72433123250953,98.66013713202841
97.48813130214421,97.34071247141388
90.31927823125592,90.17077641906036
105.92261103214351,105.85429938377428
98.7319199174612,98.63817578939334
105.75705180455985,105.72995348073324
106.17472139977201,106.0906045650474
89.47010983843231,88.65618353499823
98.76241862882743,98.6064037144106
98.20839543313402,98.09782441939248
94.65130672809545,94.45915988317097
93.46768806516809,93.23448987677979
94.29495949642381,94.14162673301598
99.07290377465817,99.04485952324424
91.99879755160799,91.62645584921788
96.45316786248524,96.404080669701
89.43702162775703,89.26768548058078
91.42468957690261,91.22482560367554
96.89532892010355,96.85831936489885
87.06604019097249,86.74341317025032
98.88403761991853,98.77728248589736
96.72093597222555,96.68287978672743
111.20167255536546,110.99406630204962
96.0553588555357,95.89396544988995
96.45904681230823,96.1868208349819
99.2544692279139,98.993187063882
88.10091833542039,87.80452667097254
94.70239840742879,94.61150564458713
90.88311591723226,90.5160490679002
96.09954442869721,95.73171701541732
93.10093858387971,92.9810131896349
90.47564770796374,90.23801803555759
92.72141375292259,92.56337897261905
94.75577540153137,94.69391667756598
94.24064614445089,94.02044132805727
94.26964084507067,94.16397184305865
100.40420481434549,100.38495278494966
89.85971945784772,89.48373072195841
90.4265222494227,90.25485878919879
99.87957801450419,99.86100015164789
103.21279430904278,103.17979367346727
96.89524074405561,96.8121428613508
96.39321653438031,96.33637730586719
102.08697624588812,102.00945175227213
98.38175765248458,98.35735148615704
97.94098345707334,97.87520415215751
94.29653899220143,94.07870895744409
90.86826916500199,90.70424179741833
97.01405844308493,96.95417408984198
95.79159243962745,95.73720978828096
94.27100427361503,94.15568619406301
92.50445009890922,92.13140992581401
103.03435660758879,102.92154237120434
103.14280154587243,103.09472234838269
93.73549470186437,93.59233702403833
93.22832187381671,92.98235698054636
99.38510360443127,99.32379812524572
98.92162008417678,98.83727461879539
93.69043782521244,93.47197249446438
96.40192666688753,96.2914615613077
93.44106539408467,93.28291552045826
101.60577441478945,101.57939355653066
90.3190964726801,89.81494738260972
99.21206134457648,99.04891228040178
90.22098927601428,90.0975775181063
99.11751397744159,99.09516224044238
103.16298878086329,103.10656202417788
106.50581942641084,106.37710737283027
103.50472742551867,103.4760260830681
94.66287647201469,94.52687435089308
94.09033698501426,94.03102459802504
94.00103462169349,93.93318752899805
103.47242722969932,103.30697955632675
96.50285889582537,96.47098052140491
101.50843764094861,101.44195428096279
99.77011444049941,99.73592870275337
106.53970452460914,106.49319117001494
99.58268147041385,99.54643123305297
100.13616826543483,100.10868678611392
90.27838322501098,89.77990053517904
94.47824076924871,94.41967260482339
90.19954472063992,90.0042186076169
95.61443363506096,95.58756630817683
93.60870735385436,93.51978962949619
98.2651158509657,98.05005775123477
92.77846355500873,92.65015386918037
103.38697330826587,103.31118991150271
99.96023156827297,99.53226657238578
88.70495654454767,88.40557869460109
106.32785974141935,106.19835745116549
99.18926408738082,99.16968815065567
102.52939299035569,102.47941847426235
103.0035391633596,102.97614083791287
90.40036745417157,89.69665695373885
92.26420369609554,92.15217652814931
99.58282733500813,99.47116264402842
96.22601754944485,96.065725080433
93.39424446017694,93.35568264362063
100.20782573428767,100.19635831459073
90.83183435524994,90.26938879945585
94.5517300300784,94.36608560655118
98.5826869771524,98.16835361188947
97.92443704130318,97.85662953520942
99.99305233568519,99.94438957359489
102.2636703758751,102.24846759892642
90.81961171380777,90.73338503168382
93.30446709925985,93.18883775100096
91.59779822026736,91.45861397942116
100.79289083438263,100.75211026980858
105.27399750072478,105.22181599867022
99.31978758463195,99.27813278968611
100.44811356395695,100.4104782479374
105.7988591284988,105.62187255914124
98.09412013059223,98.06474850821958
105.16388936891467,105.08112703849142
102.22494938584909,102.16575802328944
94.19061889575526,94.08964034697186
101.76499375361094,101.65797472604991
96.87005262988511,96.81315225483964
105.28157404440577,105.17144493890613
101.46426113531923,101.4351845739948
97.3062446878224,97.25290409342027
101.17746926615091,101.13955214611057
96.80803560033593,96.7892949756279
101.67950431636179,101.62422507293229
93.16979078146579,92.91678124181925
97.72984267481942,97.41773100064248
108.74625773650523,108.67498906511037
99.03091600448053,98.94171889868939
98.0568295490116,98.03451621115342
93.3090866407453,93.23424507024231
100.21117906377596,100.1418107049705
99.21373966032817,99.16430609090338
100.80507273494354,100.76397075382236
92.8954093333445,92.62218924107214
90.38536418542782,90.00131048735162
97.88333477475634,97.83947934461673
98.32006478132263,98.27145311218715
94.83211221010491,94.79290613890576
93.13842442950971,92.98940621242498
94.47302694250298,94.39768498861328
99.36207933452285,99.28918198401205
92.01112851280087,91.74302571157128
99.65948729757207,99.60392387982469
102.62578628841784,102.54742234049102
100.14139307978503,99.99954168902373
96.16401264681494,96.08764776750479
98.8617355849416,98.63793147228763
95.80033789840716,95.76086298232809
95.96681848007323,95.7705092282788
106.1935784135716,106.01913985024595
100.19538137031672,100.13378652233288
92.84815167424007,92.70708414125811
102.48935392466976,102.40451888836844
105.53466178265442,105.48187195589196
95.23467684877939,95.19997316092669
95.45178365873187,95.40563529930088
94.38688739206982,94.31996130474154
89.77309807132846,89.59177058623105
107.95712762381667,107.72981199100475
95.46161247941227,95.37273153087986
100.06809334883306,100.02035826290849
102.42220444648272,102.33562511270243
100.70948810186817,100.6856689134899
90.62931079420109,90.45620021392227
98.47944231492487,98.42788295884958
100.47650521055981,100.40749228514
97.6675898102739,97.62901218939392
91.56793579623456,91.18423954482955
93.83907049867146,93.78430393726624
96.05917601595353,96.01511525306273
95.16542233350339,95.05229735471936
100.37886884742363,100.32416505081578
98.14656925180964,98.09267864642464
94.62821652773135,94.13870077349071
100.5463456343018,100.49155962442754
96.76587091619751,96.74091054747188
99.26849641832352,99.20258506000776
86.44255119903626,85.77705125563742
93.76537632950222,93.66268784810173
100.99192124405481,100.86384891656576
96.66093102165243,96.48882492951263
95.8643436225918,95.7457117624444
92.42254705365798,92.14757191624052
96.8270427220667,96.7377461205799
103.47721216621176,103.40905728977847
97.23718600100456,97.18898709120666
99.7559364632041,99.70133673612574
96.76092353051358,96.52406572911934
98.67745838129576,98.60066057887182
94.35998875095828,94.2646682671437
96.4807820931782,96.43284180430734
99.52719301907946,99.5015703953421
90.51427630269696,89.96898813080279
100.71099632854501,100.6289511928999
93.82452321375612,93.65573606703468
92.11426870125366,91.94226170701238
96.09706646208419,95.93844568838784
95.86218770832242,95.78777152223084
101.03917199361935,100.97894955177537
105.83104921453182,105.7501371112784
84.9254712206433,84.38431476901543
95.03896502896727,94.95436456262371
94.23978511226069,94.00947573330834
97.52736232463607,97.42047366387065
93.85985750449235,93.67532985904592
97.66746297871889,97.50871509244945
95.63132363147062,95.55304932438385
92.01402690021699,91.66012572463003
96.76479490741221,96.70482354945644
98.89705268171538,98.74099391759513
99.25780021916688,99.20867695232778
107.78997534866403,107.70650557942025
95.177436528212,94.93936154984749
94.92880720384099,94.84721832750238
94.30571619068073,94.19720777724659
99.5997577238316,99.56996702032956
103.35824596953715,103.1451469787206
97.9965080604345,97.9408159605197
92.94991585895588,92.25653139705481
96.26980662263757,96.13235476658332
108.43404685768525,108.15218253912478
100.76554866805277,100.74426529855423
95.59816427847365,95.51026596499986
102.63786049007142,102.55624193370755
97.51768070715784,97.37554992254528
88.81521134971919,88.60579643823738
97.82755602936707,97.78798888315649
93.94316695721358,93.83162824735687
101.91904265590306,101.87617266907824
99.29615452013712,99.2635092986736
102.91975448253575,102.75780455808243
105.03166535295381,104.93834024793753
95.39348008194119,95.25729117541722
93.00726992899679,92.76238910038515
91.56725985817137,91.40324621229641
100.72912227215029,100.65905678638856
93.4227312890046,93.00560943610948
98.71410498556779,98.65698925782115
100.90311537836662,100.86570830942101
97.75712646572637,97.702398775219
98.56892728387895,98.42481849637467
102.24982269899084,102.16739560537624
93.09046636799876,92.95292857360911
94.63941905125841,94.57682150831153
88.58014590122444,88.28122649414904
108.38208511156076,108.13277680291864
99.81385083920622,99.80064634439924
97.02233039964672,96.94451536535358
93.93054908310893,93.73469136863321
87.59801120670716,87.46751829029373
105.33526648078563,105.28897382855824
103.27963359203243,103.20611633965785
100.27863886276042,100.20625432011055
94.29134415840603,94.15726198128925
90.06856321860134,89.90757992092107
95.2098913642624,95.01494324429227
91.31340882609364,91.11492390564376
97.10131612924343,97.04574761394439
101.65870475329125,101.63707925470048
93.57608927891447,93.50788278254187
95.22097751175554,95.11602355720663
92.70961288157079,92.41091983513218
95.12018472526343,94.99672431293727
101.27151093549921,101.22908217225118
93.73177082796866,93.69147675447942
99.30701459915673,99.26633111935871
93.53277707509207,93.33241328698983
96.89410095210513,96.77389550380326
102.46158485640905,102.37633923986581
97.34215434027954,97.29915740413338
99.35298144126428,99.28089895469401
98.70556035262834,98.66162221130045
91.00425219921803,90.68248041711415
94.19755803457929,94.02199418383512
96.6303059824065,96.57486339592225
100.46591160129863,100.42916248509638
101.78474599310634,101.71388265305231
103.52283552158,103.49045169525373
99.68301751557242,99.59785376612069
87.14211164924251,86.81491033086442
95.89916858571956,95.83920091300975
93.71110425221732,93.54151906653826
92.27816918048316,92.17914912487542
97.70548719731484,97.64716729157341
97.79051634054862,97.72813045832162
97.86558377618415,97.68742968993664
93.32222850074432,93.27871038344091
104.84507661937941,104.71498552419635
91.9010497538504,91.74510714807421
91.53359452074949,91.28537503356485
95.88927643954082,95.82120192183687
99.50838831486271,99.4566846375931
91.00563911978576,90.83570063058441
93.0188551495844,92.94675999454867
95.44405542350474,95.3593618311226
100.92490685359655,100.74994682754094
96.38253362675219,96.27319402458166
100.29288752142782,100.24211534278606
103.04771196644163,102.99024021210711
96.51517025725921,96.45356642265374
99.04586825637033,98.99619356798743
86.15822880969219,85.89626078614431
90.56544108497854,90.36914359946367
93.41222540797662,93.28802679590945
93.24202228708377,93.06934599773153
99.47060430339194,99.40859130360592
95.97467815530813,95.9411852400418
104.21649732646421,104.18355529782085
97.60545782873706,97.49442830337645
98.47957322329322,98.44055204580089
91.25373954843172,91.03769865337344
94.52672128393297,94.48379327380309
94.45587366456914,94.27752334522631
96.57937562446456,96.44720104888906
89.26195287180535,89.13223000151453
93.9675953691305,93.9092110274502
90.35679228612209,90.13305357759859
99.19545627500428,99.13548789727174
89.26768344215367,88.4955312594239
94.00044453285716,93.40446548520077
94.90883380526755,94.81483661041804
90.06307105979684,89.75805122432516
102.52371594681648,102.49862327709144
96.28228754144953,96.22205267884758
97.14594814023016,97.09050749386529
92.85659081133204,92.6945784272691
91.19867717591184,91.06761837849727
90.13319040548186,89.84206136244468
97.7905341417819,97.76449567775963
95.02223800400394,94.9124339161202
92.88845562861763,92.82638880026668
90.023306688431,89.93289356623157
92.52113158532158,92.4587934959074
94.4014869806735,94.09674701242811
94.94939552057289,94.57439937946747
96.67793816374915,96.61239332516998
96.96650848667674,96.91951026039891
96.68858208624819,96.62316720826497
97.13626977151348,97.08529507581828
103.89645983487922,103.81901341286552
101.15386731291085,101.08154429404998
97.35078415686206,97.27877851646353
91.91654366014686,91.66024738796372
101.58923348805892,101.46272751685757
102.00581648913811,101.95808975318792
99.42269498761685,99.39785192495276
98.21135407716208,98.0104715474983
92.465892502719,92.28265137089704
97.77876553041007,97.75000690930503
95.79616529211451,95.64181485212234
91.99595164180954,91.82283526086265
97.02968372827529,96.93883952663252
111.08466166676311,110.82451287873272
101.55556871322598,101.5180697282335
104.9251367379611,104.8085767629594
104.26845585121328,104.14597697365491
95.84127141665705,95.78783804763171
92.22096817937812,92.07456326600881
96.39499855879123,96.3195051863347
95.40003014415474,95.22993283108255
100.15681642184812,100.12581257210867
89.10228836002919,88.9544539503249
94.13222771311104,93.87504382459828
95.42587900536441,95.22065734821919
94.66192411124399,94.44823561370599
108.30715152104857,108.22223956793032
90.966288894192,90.75465944471372
94.55985870078759,94.49216142926626
93.4273062758422,93.34574524926595
94.53584869959872,94.44289741984208
103.07105047780935,103.01209359688823
93.83987033453406,93.61027864881069
97.64084121676335,97.40318547143836
92.04280341619871,91.7381851978963
101.30562587786054,101.20099726099431
92.08179013477996,91.96959167568887
100.21308075117345,100.1666719524622
102.50710981781545,102.3777030725446
100.14073736936687,100.08999386097308
96.58002178658347,96.52936292361136
100.85257357938002,100.77913640982901
102.59727004256614,102.29015572277044
103.83422432373742,103.69171433056536
103.74473637018838,103.69779962574695
104.46330708466678,104.321836961938
100.32789332249673,100.3065230767208
91.71195960560404,91.46871239089056
104.47337339384995,104.37677952103496
98.51028988798919,98.42311256850874
90.752374806072,90.47903765871949
106.07246751289999,105.95663675628904
92.35561021516358,92.26621288785324
102.94136414131606,102.89810663122174
98.36067873097014,98.31734752665663
94.97892072133209,94.91252888167641
100.08632543071073,100.02177881070061
104.70472835978691,104.48472726095014
99.67398235179915,99.58963813826578
101.43735272601218,101.29082245991795
102.71330022872668,102.62294312974772
98.41899303006541,98.38231596124514
85.9953160460952,85.2592255100947
99.68294825192665,99.46278764201412
99.11903258505262,99.06221555702221
100.79876914467324,100.76135530352757
92.45115164000799,92.40080419336635
99.58013740139754,99.55571390707033
92.69441798815505,92.5410943868044
95.60817443341838,95.36186838645861
101.73278536664633,101.68139573051461
110.22408291554827,109.96050673864984
96.77668988633576,96.62723275304785
93.0414382536207,92.67950944949325
105.32521457017384,105.1391467732961
91.68537259002466,91.5845473344677
99.27558658740725,99.08013055312342
92.31791779529846,92.05741928349839
92.9134259455987,92.64186952443455
97.56370056641664,97.52808187735701
96.76183042656221,96.48057581629814
104.02809857690471,103.98988290329095
91.3374930847366,91.01771791380317
94.59799110823906,94.48248113232422
100.17437835753286,100.1393371005728
91.87196643763875,91.65438377086355
88.87510613694049,88.5235849932604
96.61241002504553,96.51311051986204
93.16685476809906,93.10296250336306
99.46254849886074,99.31488997302434
95.04689244618899,94.9469594353911
92.29592190278099,91.99362761363214
90.42839054862226,90.14301201348852
91.23041678343496,91.10222322543675
104.82907769082303,104.67641388900357
90.31885495966891,90.16492004484181
93.41111507788958,93.28427689021157
94.68362390215663,94.34590902606588
94.47887923149342,94.41047234508424
108.41791214742474,108.31141853845259
91.61030717063035,91.31683227588663
97.07100485824388,97.03160366076344
97.65704708281244,97.63130018784939
95.18680913167738,95.14129586520968
97.01277017450522,96.88498852143607
100.14595031340689,100.11503463992481
96.01273393748224,95.7727899745308
88.21882262341114,87.73487119654916
98.33932182235172,98.2898149114352
101.3906275079469,101.33871447064303
99.19185028253824,99.05095522977062
96.96819723020235,96.94369132774924
104.29468421132364,104.23723348299006
97.7893394038695,97.74267949299748
98.69569309535413,98.61372756145278
92.84987430377754,92.48390192662826
103.4148760886525,103.28661255629656
98.92160951058187,98.87269714503161
98.26478843933553,98.2231437299465
95.34184499088121,95.25973986359269
91.29447897618736,90.9475046873896
102.05122151480815,102.00176096699604
98.58015496938307,98.56611246284564
101.56062504127307,101.5086026527274
97.09800575750829,97.03309928639283
95.82355655422823,95.675570208962
98.36183988209463,98.26586646383672
98.72250301209515,98.66136335406206
99.53459314511313,99.4698106677822
107.08276936756052,106.97744033881987
91.6943381123658,91.5525123259061
93.62348062740726,93.5918724850725
95.99090509876878,95.77436859946756
108.86460507343625,108.47547406194164
96.03174304569642,95.91840445502632
91.50368851689824,91.37636017173222
97.09559705715101,97.0429400252511
95.55189598097851,95.47929437238102
95.21854289363007,94.9618146420102
102.60929170149119,102.57623818204598
97.63664874000534,97.60496624858077
97.010920136156,96.99079964428563
90.20007111163862,89.87531860147783
104.48902003133004,104.30416490557337
96.51506721270906,96.41230481438598
95.34475730519002,95.32068774279696
103.46883690789392,103.41331997390118
98.76897219671295,98.66613131888963
103.31260097228505,103.26374257096101
89.21467144027027,89.12209461201337
95.99032353146748,95.93009941285226
100.43056598302078,100.38130414518953
96.1246005226185,96.06160309792843
95.3281242943339,95.06067057545224
99.07957227149873,99.05519587323113
96.3117983586394,96.1458134607166
108.57864996094413,108.48615870403717
94.05409596223689,93.89118196842483
93.9817565465315,93.86915683274806
95.25944868969962,95.19758463640585
88.94614142488516,88.77426404777705
103.5812052671559,103.24422529311491
92.25049610354594,91.98193816989162
98.76852668815813,98.64567399125828
91.90051102778526,91.8257288679456
97.70622132913095,97.60032394518483
94.70439053773919,94.65002322702283
101.67155139813035,101.62535665031002
96.10555483016134,95.95120108267082
106.08558866099938,105.99097099606121
95.88901619961428,95.75987434005768
100.48528596793632,100.3482211186796
94.40418068341862,94.24429602691693
94.85078770792128,94.80095434282043
88.84029189361992,88.59574599956133
95.07938356758997,94.77373447823896
92.20830003156165,91.83739176151747
90.99966851597543,90.84407259278741
106.42721225797466,106.24916893404172
100.12420272634984,100.02256857967846
92.02361984966068,91.79583010226894
95.14734938393752,94.953135605708
87.88768696857514,87.56730329322271
101.6466185537471,101.62546644298004
98.91421214759637,98.87417223490505
98.92232623007396,98.88719639693699
103.27071390300361,103.22234022658337
88.20767960463681,88.03210522452694
94.97391075127209,94.91623845567102
113.35353981286306,113.0610793040539
102.97097591123548,102.94986397134832
101.94914926298678,101.89287043206406
92.00535812248117,91.76441730617375
93.83684794411738,93.69232757522805
96.95165827290668,96.74757796489936
89.9726622747976,89.72872853968639
93.93020617207345,93.73030813453722
99.00676517120078,98.96425364885624
95.50944996813394,95.40667142906273
95.35455034188293,95.21666507921819
99.41434307167341,99.29032300395811
96.24432676885164,96.18793893649085
99.04622770452711,98.99329226057546
94.6540678496159,94.50828899948183
99.35510166094338,99.30936072204744
92.61623443148164,92.53920914164848
90.70399915699855,90.46636939617056
102.88789655340226,102.73141169517038
93.67683060000788,93.48243898012275
102.54858856724047,102.46005733669074
91.34302093425485,91.24053993913027
87.29958112587092,87.06943742445786
101.3957519416707,101.36015690734688
96.804636249852,96.76529460587756
103.61440984110344,103.57734077908673
112.0065179211418,111.61855029774728
96.76983758245731,96.64371167799217
103.57853513252269,103.52756304438171
97.12795986574073,96.8576929271747
96.03587598107939,95.98337494433308
95.86627653253191,95.83732227992539
100.38991664349476,100.35762804908374
101.78739162411559,101.60606973694418
99.82364292876012,99.77964386152114
99.88192248747677,99.86571979874738
99.89120233246241,99.85193084680928
102.4733142290156,102.4019967193047
91.44604030685566,91.19183918824447
97.3562263848682,97.19074054020214
103.33790713270015,103.27353654688771
100.60048056583639,100.56312060844652
101.79350259604708,101.69221547512603
99.0211694551051,98.9774850876318
108.51685457500531,108.40786759560758
93.95401812172778,93.77413983092754
95.32673107512392,95.19622641332545
99.46045561636878,99.38620687767381
99.68180342662286,99.62732462215077
101.25045612845197,101.22406661024267
103.43954095790667,103.33675002258417
99.25475511833119,99.19574312991334
100.96776057985447,100.93678563385605
101.95971976971214,101.9187151005343
98.48814440311297,98.47137979200527
108.97508800649824,108.7201758128043
108.11138826708165,107.97779569640751
97.45744614831781,97.3081971883015
98.58206656870148,98.56648276193665
102.08376649536459,102.01746654729757
93.2576120243592,93.10871860406111
90.69668710367323,90.18232068716021
104.0213682237028,103.92840218063954
98.86263830021119,98.8086865273434
98.21335497407992,98.1060855473901
101.13004776356027,100.93346001372124
97.19190505004788,97.13732965969851
103.74727621439914,103.7063229471563
98.4154439867601,98.36732477054319
92.27131812999913,92.06528729731066
99.45919594771995,99.2982446930843
103.19532634503403,103.16139867958408
98.28538294064084,98.12749435401946
99.66096117707366,99.61849326503629
103.89034550858818,103.73100159328828
99.23220578709659,99.10544613791157
100.92180163971533,100.77010781345855
98.4119419664001,98.33530888885794
104.76604314675343,104.65051579147413
96.83172209248613,96.61335932150794
95.62482379586201,95.54991401048757
96.77298459390082,96.71678794988972
97.96629710566822,97.93219647595421
103.06606326047127,103.04684303384683
96.7617286771966,96.72442120308533
88.50236759645006,88.01584550864561
99.33542732443897,99.29281006793781
103.12831206518274,103.08958758924021
101.45798774973707,101.4335755585484
91.42299657454654,90.70272901088772
91.79781262023471,91.63288342054389
97.57523165121773,97.44045902254622
97.78508698567181,97.76806724529037
100.6357898449339,100.5799116575598
93.27940109789047,93.11665546142207
102.8889697592382,102.79646307870333
99.3438019882244,99.253180257711
94.96944315609568,94.91402450767002
95.22312728143997,95.1688207039198
93.30729375736547,92.9467232474485
102.82707573445774,102.77250643834829
88.9695121788955,88.768901978044
95.90515758049328,95.86019015264246
91.16474943604133,90.95099156897987
95.18867466570413,95.04412737151189
112.06854340008384,111.73986615961769
100.7266524338481,100.67098935117654
106.8838825001446,106.7329761523449
106.94125130779015,106.74504281333614
91.64036494744117,91.42837526907056
98.41617674077617,98.16825753114784
95.43089321387052,95.2578775627658
92.83546810059728,92.62023865791318
95.48448468474663,95.43248695718323
93.07330420612821,92.86890559638059
94.1736156973614,94.0157912827374
93.85625476171735,93.72983659307343
97.14101025985894,96.99019985475844
92.8891344254141,92.69948313260879
102.04728866438393,101.97989506790692
96.17578547573116,95.60979843276102
97.04229936432043,97.0128192318982
101.79695617610982,101.72354578035926
94.9055712909159,94.83359105424096
96.49882212069788,96.43868722649154
85.82454862411271,85.36508491022056
93.32200453494352,93.23412248169886
107.90759003211231,107.80781144176648
100.9807780845767,100.84701171762515
94.65638140014136,94.5413590239941
99.79237578160357,99.73083902163519
94.36736741178464,94.20567595309569
94.87006054645015,94.70130034425607
99.25915603187897,99.22183635383118
89.5476635240616,89.38033783648244
97.52735894743799,97.51178383036229
94.22862756073228,93.89235239973866
100.6990215263206,100.66825244615806
92.80073378773659,92.76634339839492
98.45580120926823,98.39988968906172
96.86058382556934,96.79105916306625
99.20695795109157,99.18337771359973
96.80209958072028,96.74699629295452
96.686087744301,96.61195889386795
96.61270708343072,96.55756139274261
96.45584686148753,96.34220922873506
98.3467815769206,98.16360462046083
97.8558153574213,97.82144867863707
99.18947632205419,99.0594793046359
92.67914168780136,92.4925562898985
91.73833058794774,91.56747829974873
101.02033639952332,100.97891107928581
98.75256234275167,98.7092854448533
97.65896532151686,97.59820156092105
101.9705199269655,101.77005498914296
98.63171833146185,98.55579891778603
90.61632440948513,90.24563923237986
98.84468070515561,98.76250961025917
96.35566750178974,96.30733441878908
91.92135473077235,91.67058088335673
87.89582677681682,87.35994544426556
96.21687563742462,96.18057350511283
90.7531025137249,90.46536752370021
94.78277542703167,94.71619536471907
103.50261504483863,103.41375528300091
91.38762643842732,91.12274103235853
94.13464479003414,93.97055803315074
88.86954911903757,88.43341436016122
100.52893998677233,100.4690714366251
103.09794190588686,103.07645220132012
100.73927747245088,100.70713313102559
102.65950750105114,102.6197566937888
95.1518799320054,95.07313243616072
96.2617532582909,95.92217713019025
99.63123028999084,99.58096697083566
101.40159949049001,101.33004925191996
91.35633940534933,91.20254898867178
104.94250617188435,104.79312402294705
96.6348395347202,96.59818993770784
94.3586296906373,94.13169235719371
87.24160749947097,86.87707217084059
91.81841029758908,91.67634337705823
101.03635229376545,100.93521944850544
100.3248537180232,100.26016637970793
99.1018404191618,99.01321424491324
95.84881591250536,95.670292573082
95.08576247686383,94.6296948355252
92.98025356360746,92.91958094009354
104.14062096018398,104.06679085724767
95.30209531253095,95.24208272586262
93.29157494313623,93.17874046603974
102.52706457256996,102.44281841796227
95.55302623236658,95.45470484688732
98.93788455470597,98.78669231982589
104.40987745801432,104.31184328156885
95.01448607950611,94.9591572128675
92.22995340005491,92.09047216426015
95.4457256677254,95.35801882413064
93.94966314175093,93.83062651167427
98.86189247909351,98.80922046196956
92.1000887061821,91.89429704348069
97.55789269494691,97.49728222165861
94.92945946130827,94.88071079969649
102.99941092161188,102.9416927476644
94.90497435565578,94.85764323137282
96.64315012991983,96.5988099075153
99.73633967482692,99.70933353633646
102.150068251163,102.06436484068836
97.21921530734645,97.12575186464849
95.6481331313384,95.47856042973473
108.23191010141136,108.13389450266382
97.3325094806907,97.27828344450207
90.5098934711411,90.32344382020946
92.69056381544213,92.6067770640823
94.71037799028318,94.38058422561609
93.90077640142414,93.81531563683465
100.50754242383842,100.48364837430583
96.51861048553896,96.37008949322832
106.7294590522767,106.45385583788287
96.60194946438577,96.32045950688364
91.7581654664007,91.11132450139549
94.29798352145741,94.13722180210199
90.42459740123053,90.18710201134175
97.87291476546055,97.82921995251544
102.84251032119884,102.78868977011047
93.36305796946573,93.1427058458198
91.9391429583298,91.75475377537276
94.36472241437538,93.9013608451131
96.84420114420696,96.62735141575895
98.80867656429444,98.76522095610358
102.00088361605171,101.9192908279829
91.18228589400294,90.69418551233056
100.8316777591938,100.75034586291824
100.89241960351191,100.77092705707584
98.65676916701491,98.63218227801724
99.76556563850154,99.7254102972645
93.26882123539605,93.11141097694004
103.23608111900332,103.185550318985
102.11970895010865,102.05128736363412
86.64733010371327,86.19838798359855
98.38189486668321,98.25805033114969
94.1570873174065,93.98720573668358
85.26114878015274,84.86792650265737
101.10439003380593,101.01643062044623
104.9555748483968,104.78783798288637
101.25148868262652,101.05040747763265
97.4713401254473,97.20926073032349
90.07427469325243,89.91623256652564
92.31955973693404,92.02934498305626
95.81299775225223,95.71417806722188
101.88209335423363,101.77651413573996
99.26711975102845,99.13596146729215
98.95872345619583,98.91751779202569
103.00702057515281,102.95511106496859
103.6643173238079,103.63746449227823
102.71635082869396,102.69506619011283
99.76270486359435,99.6556197076872
96.83117372511384,96.77798543838142
97.49760874984806,97.42173707227379
100.87022810813039,100.81704451980524
97.45363759921071,97.1982108758583
95.00095535658323,94.96811210896732
91.69248134296218,91.40431915331881
106.43284633944987,106.34975560497207
101.44494324526451,101.31262519953236
102.09364493951566,102.01386507222048
89.73821308956194,89.48226704246244
105.98116088833382,105.90396249631752
96.12716891692396,95.94616249180807
99.05514445576375,99.01832277578579
97.56685215957434,97.54107285429438
97.07800484994836,97.00483490681133
100.20365183108396,100.10571732289633
95.89369132090121,95.833357470011
102.28383953640258,101.97024619983273
104.45123530062514,104.38096353587596
93.91884032806267,93.71407941373018
96.73114552030442,96.6275924754424
104.22459373099538,104.1439909689477
102.88571717281968,102.71351913723747
99.48946289059552,99.41557815973628
104.8753056209934,104.80921514782116
92.0394735381453,91.87373607658942
93.25295373141017,93.17284694674082
101.58596649723584,101.52574848286939
97.61053075467198,97.5939457390876
97.54337154496851,97.46308686670297
93.8222796219428,93.58538780881877
105.61537806590079,105.55987704681078
96.35890206093252,96.20930911684134
100.94995195947011,100.91912798995091
100.497918346296,100.30139394165793
95.12430398374472,94.70492462658419
95.9320582290018,95.89221992040774
96.72341906134916,96.67771642317152
95.94132723012288,95.89810293316488
101.32670767782572,101.2960072276771
103.71043397851723,103.63658308906153
104.93209355351826,104.8813986604847
96.72323221923038,96.59426665914489
96.4091142989346,96.37346996594562
103.07633279842595,103.04083196806015
95.16935813244294,95.09830121882348
98.64423711203996,98.61775865129445
95.02802329870148,94.9617123549767
99.08012235544527,98.98766035584462
100.03835183942107,99.9617531238242
94.31921769802013,94.15606513877188
95.99539606491649,95.80280828745109
100.00316433960884,99.91512090715445
104.2661969800608,104.02172837381684
96.81360679948297,96.72767419837983
108.25594695217465,107.97355128326731
88.6808002851667,88.3327207892206
98.336858059852,98.30658532878296
96.1582854735646,96.10158113685614
93.80994323255325,93.74443627372496
97.45358596355761,97.27463023414376
97.32123827830247,97.27798303567504
84.19648684831505,83.87816452839633
102.62509067240212,102.59106318919103
99.4305809669306,99.37699554365643
90.35371671278796,90.17187252235605
91.88278021125684,91.69902945521237
99.35822587826401,99.3233566563902
93.94643142486733,93.85044359539685
106.59878583628229,106.57883932417428
94.99760986995184,94.75497266525409
98.76529527827643,98.70355244021053
101.71816744687449,101.66390523866963
92.7886981818691,92.6895242318752
94.3032377673778,94.24202492183147
89.95989395649408,89.49535096301605
94.64670812662486,94.52663637285556
96.89003346361683,96.77425030056213
106.6993960498235,106.64289208007699
97.62537827387527,97.552912014269
101.20797755459866,101.13566631368036
97.61713920542927,97.57423873638128
96.95742321032134,96.92764169293687
97.94128550114705,97.9030811106921
98.03920653650101,97.98143723843829
98.64488092196196,98.48825228630584
95.55757594474042,95.51565276914836
87.64484041643593,87.4667778320877
100.00023684480338,99.95989496194984
96.37373899500541,96.29818167920467
100.4396381931263,100.3606486472517
96.79126711416122,96.7453640041054
94.6771374790249,94.58439369076662
96.3034247815158,96.18141313057546
97.88537499876897,97.78419067307541
93.08280446804898,92.90184399745773
101.52939680573232,101.47798769015247
100.75248128747809,100.67164077485043
94.06289875980478,94.02578163660814
98.04230069761546,98.00426028808549
94.64639936706949,94.45625158873536
99.92170304937763,99.66927094401474
100.4993244326627,100.44721128964427
103.67973747188748,103.64390878488311
92.75921606398805,92.40256611940957
101.08765403368392,100.92283679022951
94.19333264097058,94.05675606552128
98.91296142877007,98.81459751829432
101.90329390404113,101.82725475527026
93.89390796300408,93.67749818383658
97.50426306779659,97.40434021144601
96.97489193734287,96.9248204281739
94.72994973520052,94.50310078813926
94.41992657181086,94.23595108853411
104.03118743859484,103.98205756706075
93.40280421312372,93.1803731721377
97.09333286275366,96.96866489852637
94.2695498464177,94.20402695093314
94.02213204174853,93.89996968310399
95.00390899987306,94.91572082157889
94.06925712041506,93.7487628789965
88.8326176833114,88.68501481738896
94.50515590476984,94.31519041643647
99.15469428522687,98.99406207569155
97.49358325070106,97.45851083042491
87.33603698502611,86.71435854959206
99.34707008727334,99.32949831163977
89.44709412062892,89.19214276552104
94.50548527280326,94.41917953657551
98.13913465582293,98.10964333512675
92.66791724171149,92.6267542116463
92.8563561958027,92.70522382631479
104.33791081697348,104.24872819591772
91.04838296886584,90.97528694902036
99.63736913827395,99.59580143766019
92.79098920662163,92.60982587617318
94.2014981432876,94.13770462834702
87.27298533828576,87.00035575262372
99.90920926803418,99.86234706612363
100.31943034817442,100.20952801213858
97.65630415334383,97.63540056153026
89.61090875635728,89.31096280615566
93.21640006867086,93.00781637858994
94.31875489750995,94.12491377518886
96.70486612746663,96.46633145462309
97.08797932811251,97.0212632848792
108.11700036739434,108.01820944779139
97.22426688335541,97.16430198690519
93.73035531731733,93.63414854430708
106.05288626660563,106.02214027418106
97.2410830718279,97.14828215126387
92.84227588351581,92.60349883273676
94.1855456317258,94.07300288885274
93.36296417693038,93.1364767061044
100.9598513915129,100.90097551121924
94.96230047311015,94.75824609736104
94.00123041793243,93.91119541658391
105.44692221311152,105.26487755721458
98.72312964592747,98.67816858066658
90.99373765965183,90.45790778796473
102.72004482935195,102.68521187832282
98.43930721377377,98.40601474705694
101.7486748828249,101.71311060251972
99.03441766837369,99.00958077696843
93.15194170367462,93.08583842427453
97.52104982416306,97.35324726328093
94.2026318634617,94.13937203799186
95.28478871154535,95.10812348306123
90.65653755240857,90.37960442559958
97.2592708900785,97.17913217995034
97.97740083504843,97.95272988441855
94.86070548451173,94.78687853000311
84.49157011196048,83.95846780090893
102.09774638661365,101.91084813671873
99.36445096229325,99.30557973682096
89.22991687648292,88.7761131829193
102.38403629310034,102.22207579516179
99.82512827082705,99.77956353206687
102.08374465399844,102.03955646102384
101.20974076844583,101.05342464174502
96.42818232486417,96.31436018871547
97.32620845167254,97.29572028203253
100.23435478357358,100.17689023635224
96.38050686178828,96.13166111370451
96.82845168477786,96.70011364715106
100.81549328341418,100.78251986505346
104.5584365258788,104.46407434694954
94.92395208271847,94.49669868576568
98.35895185958958,98.1893883369062
102.54478804073871,102.50147453596473
99.33141999450237,99.30836628509773
101.00170121560689,100.85283604689226
96.5117787040688,96.45914271380153
104.35141966991115,104.20616485699402
92.48804961068414,92.3713139221631
97.8259173526752,97.77066274195593
94.22990760547651,93.8401629839928
90.0785796450204,89.77979381836997
93.84555905833446,93.77806868926277
90.98504957002864,90.70855670888564
93.15928259064577,93.09082340359055
90.64181291776652,90.50920664363343
100.18169279260329,100.13277035744031
90.80665143701616,90.44225019010362
97.79422350352228,97.73280695061253
99.07811273034899,98.99663352472577
96.84555449410107,96.79613260992494
98.8421887017723,98.73349241349344
98.53569373160664,98.50249256227923
103.4652342048604,103.38305679398621
97.41942980808783,97.3725322530866
87.38755033864136,86.80723145596558
101.98237535313139,101.84465379893601
99.75459360486143,99.73434089892432
93.48494281795625,93.40203974166731
101.09104262257006,101.01640233822783
102.12815422052059,102.0414459195254
97.91405714070805,97.84917219013353
89.80448898346674,89.31234323253467
98.79166406312623,98.60211859868267
88.73511249978066,88.27025146058527
94.72216624913732,94.59124056706119
97.58795796147791,97.52042929082452
97.16410453708154,96.81400697270472
104.59500161001124,104.53933249546616
94.34652979476097,94.23861333846996
99.46936955155647,99.40411463236595
92.00507534712227,91.9028332436216
95.68849374250172,95.58082777479183
101.44255961247497,101.36582164972938
94.44589488450397,94.16143646752015
93.88892267475089,93.80699880861103
103.09384440643757,103.03076285901659
94.6121696953827,94.36519278911592
105.87048811744309,105.72763666625809
92.11391897680296,92.0296481003761
96.65780046599605,96.61914669405306
100.10955359941525,100.04650268619764
87.42881168098171,86.91733131568343
107.96546423550167,107.86566561575826
109.26817490178824,109.15071178280164
93.40350116156276,93.27664019310389
99.34035822143349,99.22567461652514
95.04235628858778,94.90654434753108
96.77218215590437,96.68620668917075
96.17776670626868,96.12230576193575
98.12920828863797,98.11634669067736
94.7149067471839,94.47877560991819
92.9550565632886,92.81229409289405
94.83586436565851,94.6667385195407
95.00881406159777,94.88708327691272
99.74855228930677,99.54787019569082
93.84793797637792,93.74339653107359
94.72162617178672,94.59539976280219
91.30130003064299,91.2632212975333
88.81396384199834,88.36723040483547
94.17003546716964,93.98336426122684
93.32129355835187,93.02127455407344
92.85546575759912,92.75206995174419
88.6621969485561,88.51512636661909
90.46335717555556,90.24385925869049
100.81834282080634,100.74524884571288
89.91084017049653,89.61843460491822
87.3910360832875,86.93932942286901
94.33940009321543,94.26450219542711
96.46768954569455,96.34948041449479
97.49619560300962,97.45846258551603
99.71985317526077,99.65631003318884
105.59387825556757,105.53813341747022
98.96411459648601,98.88397663784923
100.20072816797735,100.07151512267282
94.67962458559836,94.6015356279918
93.46598608885138,93.30232297134316
93.42446313263157,93.24241558497
93.71097086879563,93.63376640470335
96.90735862628125,96.85914626002915
100.02978543805293,99.9205113992183
99.73183958845364,99.67372184450446
103.67287803191658,103.631868628256
96.4250051205294,96.18787661956755
97.92862348470224,97.88075789368521
95.07227759061782,94.90952934586483
93.6178398034938,93.4502388942899
90.81388947751626,90.60963620409802
96.1329356536278,96.04643868333982
96.67542219824705,96.60317676422676
101.08753122374392,100.88542300766473
103.24234170585115,103.20660939961071
97.66741967200285,97.6014132416011
97.59842105957944,97.42082970769994
100.52213714450352,100.47146534663898
97.09253703196528,97.01888382636155
110.23979844128986,109.78404045883453
97.71010595745885,97.64567903490966
96.30286116224653,96.20892636440529
96.35832833794342,96.3176268658222
100.49892478214444,100.43612646447698
97.4376361559756,97.21803426354792
100.16244082991156,100.12088500064384
92.38872696033849,92.21149434836734
94.2630120429943,94.24021628350735
94.02910576583773,93.85647346838039
90.48871611646732,90.26384682036556
98.78478219144485,98.7079634996061
100.09137626699392,99.96277930121413
99.97387271802356,99.95588919298359
89.3276278203333,89.00190207540695
96.74360023663434,96.6022138763609
96.16156452599813,96.1299716182646
104.18384115194841,104.10116660216903
99.34127961194923,99.29114758548668
94.67128139068875,94.59703287115917
95.3732214249556,95.27909612098632
98.28900143636727,98.26879639792134
99.41030453632855,99.38782059918803
96.80014977009155,96.5484742294132
93.9386945668603,93.63204409491371
85.11921786996403,84.68882990446728
93.8422479397956,93.7795813145368
99.3175385295516,99.25872113676678
89.93386349362493,89.71673139563627
110.59041410081933,110.47755310899677
90.47878767140836,90.20028200166266
102.47276322906774,102.44652804765924
87.20210353867205,86.7033791588528
94.22832103464901,93.86816897349797
99.9927759235319,99.93942732213964
101.54471211156736,101.51193190448934
103.04291123859052,102.93073882365668
98.41060622191598,98.34747140083664
97.53250614692377,97.48705090448334
95.81369615125789,95.70806672815057
96.95349386180258,96.92571842229553
95.88761011774781,95.77001581640694
88.93036444833798,88.63298484227776
95.7663096616389,95.72857193650145
97.09862367122358,97.04227826837551
92.78389738919397,92.66562825164578
92.75647581067467,92.62599456238564
93.24808370804158,93.04129740613888
102.50403496195639,102.42401165256632
93.89034676493021,93.69450998089108
90.30655865145914,89.94433717673245
96.7473248154347,96.6892643058953
85.01940493425393,84.50354758071475
94.80728389203315,94.62597413469521
96.25094244154707,96.2135728116198
100.31737074990733,100.1972840982452
95.75202943666986,95.71728285993437
88.75911173273943,88.21303303103454
104.6539952389332,104.6109215787086
93.842151908658,93.37587766103509
102.4091127537321,102.36027706740761
95.8841388222855,95.68241790901493
95.73775613363787,95.65555699549536
106.08724755715325,106.0510011419532
94.11236813988957,93.86352722276553
97.92877644732111,97.88292960576656
98.40258495516477,98.37142594779158
107.7335490156388,107.56866870127395
98.27155739559,98.13743372127777
99.03401878442538,99.00439060187107
93.6375855034175,93.30332489368992
97.7426715679096,97.6691777239243
88.82173849029256,88.3355876676178
100.09920185801337,100.03945551731393
93.01117608926273,92.79157609025825
102.94613022625852,102.86360281562457
91.82985338957053,91.53329678267023
97.55711230780761,97.52524732994024
94.2266690439299,94.11268688507774
98.34805507383564,98.22459206270943
100.49917909992446,100.4301698118665
107.55072889985824,107.48777226632878
101.75520624868439,101.68307280395281
95.04226796136373,94.90089441889982
97.53073471220956,97.48339369801168
100.22862655518547,100.18094481106097
91.49348205715042,91.32846848041183
106.13661330905356,105.97328491942405
105.38126574344635,105.31930072866896
96.35189304376992,96.2212696769089
103.13292773353889,103.09418862152975
96.29264272259095,96.19185276212683
92.17611478722421,91.98144977770653
94.44728545852385,94.3637358867691
108.22023090590528,108.05117436886788
89.67320968795774,89.26880661666688
100.32042358800814,100.28059350790414
105.49866184756578,105.3244913649323
96.76807919061919,96.73336829900691
96.58313611640129,96.4806172920427
101.76750524734702,101.72158766171366
95.83995585946005,95.74582113502726
101.28782205841928,101.24736466994902
110.0510205831595,109.91226626172066
88.41167998423523,87.73758308320294
99.87794743083991,99.72159412794147
96.6671943014182,96.55112131588504
99.87325513370908,99.83611744409048
99.93720428471184,99.74516025054538
96.79875788880884,96.75748010763067
98.08481375984627,98.01438096985953
98.49500489011548,98.43725428425893
97.38413381856729,97.2805512181631
91.60299565343001,91.50321463112292
91.9672495714899,91.73277963575418
91.60868688294951,91.46656482602671
103.50796625629684,103.48593266680356
97.44994385404345,97.38239273817229
95.28822412236863,95.25379921039597
105.37870978790113,105.25314429842275
95.28068186565827,94.69990704334991
93.27094415836855,93.21549363738004
91.72425856555921,91.62273614376069
95.66585431886935,95.37553238273117
90.03246867659996,89.72121079862833
95.7150379849366,95.62047501536992
95.40144658337907,95.3113519342072
101.82944319473853,101.81360129805148
93.50931001239783,93.3813980769646
97.67781163456,97.60914909945765
102.82545316468857,102.79266624456196
102.5353988348438,102.47220066251073
88.10705772431278,87.39212839463579
96.47507046319373,96.37918774567046
100.61879267398918,100.57965451177641
94.75180876084704,94.69755183638866
95.99759715753568,95.89561935876213
98.12575692280862,98.11065088945739
103.01333821745474,102.88359391066142
94.22481966689533,94.05053296872302
93.16595504158732,92.83149917650184
99.41244348770188,99.35882322443476
92.9373118887342,92.53797872576801
94.24936982910386,94.1726750903294
95.51643477028885,95.28901687697326
93.30096414900262,93.05057351993337
92.77196312577193,92.68986323031191
99.32502335414219,99.30001866327956
102.19940582923435,101.93825476244731
89.9712401293693,89.61842662455057
98.167080929257,98.11975032364471
95.5606596355926,95.4851993046791
96.58512145712034,96.49839661796476
93.76258533949826,93.37463889974089
92.71930119757721,92.24948755514826
101.30009269634348,101.28244960618663
94.62509079906775,94.50114925578004
96.89024719917447,96.76838312097452
103.25537525586742,103.00632707619445
98.35579153577628,98.03930453004212
94.74394388019354,94.43617936672085
97.5323769954161,97.48972330258556
96.3776743576971,96.12376729821639
96.76568612691682,96.54144760070764
91.78466121376272,91.39527897649593
102.66263948507293,102.6113548485656
95.07016221650382,94.87747515309006
101.9513472442688,101.77095008712531
97.54172613856306,97.45431204270088
95.5398052885143,95.33666545491799
105.25999391587557,105.17741957761667
85.71182122788122,85.0231450280511
88.39818031248626,87.64067194214381
99.63558111934242,99.5200746990073
103.95714686060015,103.88330862563298
95.12797166821767,94.82280409667398
100.16910655416768,100.05177572944943
105.4534639117591,105.16169039848673
102.58333360357217,102.48172599601361
102.37132674312348,102.33068077246102
94.47536795704268,94.36136422726169
100.63140361731024,100.58800840607775
95.82765999483495,95.71988675580222
96.48798480085965,96.43498914021502
105.86451813511847,105.79114237145961
88.98952589028488,88.68483159317832
96.80464665152009,96.75148984243
108.37179985279673,108.33055504474767
96.17382451240846,96.00577381996239
95.46885511645196,95.39999014710124
93.80844787121231,93.58955453780405
103.10262052241343,103.07059977351146
103.42959915213076,103.38156963494052
95.08590824277708,95.00948319124714
99.48733016346537,99.13271143174372
96.64963295694503,96.50411969101918
100.20217153357379,100.16423130550561
99.19050929045508,98.94430845075844
98.25406146292111,98.15890032317
95.03953061890078,94.95570036025049
96.67952408396336,96.65792857228365
94.2031636726854,94.07789476933469
102.71562332217808,102.5714448592879
98.29090841583904,98.2692251471687
99.76028959677939,99.50510857115108
98.93329948784141,98.90451895051461
94.75145186944368,94.66476222006301
88.82079971948366,88.40594783995986
98.83942259931038,98.55947411492411
95.07826802572863,94.9845777621286
95.0591938575999,94.92227402371711
96.36106011857538,96.09531936328811
103.5862272386404,103.51730709296496
106.38086268725438,106.26817886605411
96.42557869378034,96.37612273781264
96.33976330283706,96.1414198461244
91.78419485010517,91.54970060610842
96.60413654198743,96.55021330970804
98.93133689584232,98.91385243941166
95.12619433439735,94.99387479674817
101.20968675826403,101.10524364014233
101.90991176529707,101.70813463654676
93.04888733550838,92.97780562407571
98.26056421382835,98.23073970658336
94.44711678793777,94.37445242991136
95.63954821072335,95.45398313615543
101.48177895721975,101.41383784185851
98.98581588511331,98.9651143305848
101.20387631362227,101.03012412784278
97.86987780703639,97.84724952426023
94.40850163268,94.2893816469497
94.20022567005735,94.08522391512541
98.73033909933602,98.59355722575435
99.97516453179155,99.92438986370456
94.66185749188855,94.60857518201294
99.25710568698798,99.16262399928712
94.39936283138304,94.28222430792016
104.42613128762457,104.38769388506644
100.73293166845879,100.71468085157699
91.32026888239704,91.00615336781894
89.68994353719108,89.33699796957889
93.66003578672742,93.51467186779284
93.35764209580532,93.18327611013177
92.47822656292063,92.39762735442483
93.52554122103663,93.35777371581625
99.05632310035018,98.9989072313903
92.20377262105102,92.15524546094152
89.53353801296295,89.33277661320696
94.54040893393567,94.44183379257191
95.86521642834226,95.82846949860462
101.62121773057001,101.60298404692999
94.51899938732967,94.06332126509564
93.29550639123363,93.1380314906818
100.36511297335718,100.31008053559779
96.41473129113267,96.37480594435857
97.12053876305791,97.08304454729154
100.35178964492081,100.25437986252078
91.86348285417917,91.70856535249314
101.76540247553503,101.72127382436577
95.00978827256976,94.80433567039807
90.46062349628292,90.12228201296885
90.79804582840238,90.26961197983209
103.23329305881047,103.16273013289877
94.91838092021537,94.85957762064189
105.93952421881774,105.55460242513965
97.8100206016083,97.77019381230872
97.7624911333014,97.68052447298471
102.84212879469041,102.70867937488853
95.03465124140737,94.79782183973128
101.01703860719049,100.95306556623953
92.03940379853982,91.98223426275112
99.06686050162013,98.9235643347687
102.25715842846759,102.17752524473843
97.56063558873933,97.50010161855388
92.6502827039199,92.44436470028343
93.10758385061139,93.0501683490903
100.77023705759512,100.59708968473127
94.11044422780918,93.63948184642544
92.92988633596535,92.79903491575018
97.89406163445639,97.87237107546927
100.19029793957472,100.1266944707908
94.54333122752831,94.48566623346552
99.77064665618347,99.502044391381
98.27353731641259,98.22381840297675
91.15372210015904,90.8852842456133
100.91620926148109,100.79250763209939
98.34557136980972,98.06795381270773
99.34848628552349,99.30002442927483
90.61576535185141,90.41921490916403
105.22028729582559,105.16508883173293
99.37872851361928,99.23872168334496
91.48527238410435,91.18622410542685
99.13144445126689,99.04262060808364
99.72760786776726,99.61881302550363
80.62704011191697,79.93695702539594
105.0848771629472,104.90397433138516
88.57923248941708,88.47828427562358
91.40525966293892,91.12170021379218
95.01830535507706,94.96812945639428
95.3425713326737,95.22948144386683
102.63252131306875,102.56637791941398
94.38636743962857,94.31707751198188
97.19522208046827,97.12175160761075
98.00671074323508,97.80724671272834
91.30244486970588,91.0542017361801
103.82970250063609,103.6254006494403
96.2678035831925,96.185303845686
99.72395018463905,99.6896956255153
104.66026280765331,104.63657406093547
100.60461920535091,100.55100696649164
99.8735046719582,99.8141995458851
93.22597294224319,92.8768856294929
98.35716034869264,98.2824236775464
108.81574213231262,108.41822210148149
92.05569491785495,91.85913559885878
92.135664918011,92.06599287465701
95.95081580860807,95.85711113869627
100.75336787480424,100.72709452740266
95.42773324225338,95.25776641082992
98.73323200858991,98.6882829861006
98.11618954330143,97.97376147666864
103.52027504417198,103.46546156047039
99.99687849200835,99.97185785832545
100.46613294867579,100.42650540820176
101.00574995288609,100.98866486452035
91.08786755649335,90.78320195495593
101.19005886175708,101.14889865709307
104.36736610581168,104.29272334829523
103.46219138828414,103.4316783378205
99.61302930523694,99.54986107608357
104.6009889582265,104.56771690964293
97.97824602220959,97.94265378548441
95.49566662424883,95.13382955939939
92.11450525417567,92.0077140481432
98.30833588905094,98.22389727106945
92.62574491435835,92.46723802032915
97.23352057486538,97.15818947755108
105.95306419407605,105.85723608427975
97.42479775164875,97.35619726137126
95.2566417601606,95.09164290475286
102.09943175526216,101.98998694360368
97.52488391496094,97.39803474909081
89.9440351845224,89.32391474328703
98.6148776243718,98.60425469051712
99.82700571703981,99.7688969327132
99.55328489741527,99.52299571272465
100.53013181713523,100.51251353188675
88.95092470320944,88.74673126068603
99.74638887855919,99.71876364044813
95.77371017500859,95.70266010519263
103.98529639272357,103.97194157513779
95.0312177466776,94.95427126666705
96.68278625158399,96.63212507620236
95.18352043201705,95.08339496306783
93.76650321257681,93.65037323031585
96.48254707427151,96.45628450753271
97.71879718394018,97.49517428030887
103.47712662847465,103.44161422366969
86.82602748658738,86.38070146449964
102.06666237369143,101.91597012220942
92.9005595416965,92.7028010031987
102.49058488069814,102.34947530286469
105.51372517756512,105.31945922864189
87.3126641546931,86.8056166259399
107.3285886489326,107.29183202435166
96.24036958931792,96.19997975706939
96.24655641092647,96.11223925930308
89.49872968804954,89.05481710953383
97.8471212684951,97.67899102914427
99.26594160697617,99.24079997526063
102.28537772661055,102.14728627957948
94.10366575967849,93.98003246115694
99.61249818109428,99.56054268104987
101.20276809613304,101.1050065222916
96.54342473943032,96.47253913011672
97.65908827237561,97.5032475639004
102.64546873509667,102.57805586877805
95.03495810204828,94.87838825553942
99.88373049453648,99.80570652646908
97.57952470067193,97.42577702323605
103.3078698541018,103.21521527144237
99.81257030956819,99.76087596841268
108.54829496437026,108.26670841292183
96.91982929666693,96.88935066920612
94.73588571289694,94.57182766160497
99.59481888633984,99.43368256977493
95.69870892147549,95.51489454648423
85.66608690574192,85.33054624674627
93.53142972298008,93.41483380827634
93.8752858214914,93.70057509856427
98.52930132142332,98.49346920551618
99.38290594668383,99.34994877966317
96.83742420476985,96.7130493387882
97.65680944989818,97.58668711123
95.13085442199359,95.02299175518175
97.53938951103196,97.45669796827036
96.66796196315045,96.60988218124169
99.85856017632722,99.76909256508954
99.80057604517998,99.73781651103697
97.27532548563546,97.2187817684228
95.28645221979512,95.19181953231313
95.36959225039416,95.31290053305322
98.37918139884604,98.3469802488972
91.75480317862508,91.52119858717583
92.84839719427848,92.55225685854366
95.13184832804902,94.96916770049492
94.14851898608889,94.00314425827858
101.8526348020013,101.74049674098335
98.73479034380016,98.6271600391535
100.52674076288844,100.49986108050881
97.9966268480058,97.96078947245108
96.84020689293934,96.80286719970401
101.13113254281214,101.0456265723825
94.97303200086812,94.58809051236427
93.28812144253939,92.96895163880288
94.09230821152158,93.99751375712644
91.15631459214656,90.84587147744497
93.72815754361336,93.51183735871767
98.63079109496901,98.59857640259256
88.92512187540311,88.62061990788133
101.89784451668471,101.84040688087711
93.72331856962103,93.3903817025479
88.20321357428976,87.50032103854517
95.35111138593284,95.09635199752536
100.81067627009976,100.71320381587819
93.12080244490038,93.02747489785031
91.81222844789369,91.64360725633045
105.90966620043375,105.76190844334843
90.42842719409457,90.23062869802779
90.2132140876526,90.02423476411047
91.48487440542911,91.28402600327942
98.16721608654149,98.1384573268412
91.69607020971893,91.57560673399011
104.31564186471329,104.2787211210092
93.42257796737003,93.28263331300548
109.69383876750634,109.58927970238861
95.83189734296158,95.70221083614405
105.4095779863295,105.34385355776008
94.53073714530723,94.44312001630685
96.26332788583017,96.23358764084313
90.67048710452623,90.54053945775372
94.53404526625118,94.40324888166191
97.11366042262738,97.05752813906832
95.63554522565049,95.24761886597739
92.82010864181277,92.63938570099297
99.12438999061733,99.08000685921522
94.87013537033445,94.57444999841057
94.51897039127381,94.38235797649763
98.17839661003327,98.09387952670515
105.61823615939414,105.54399488116373
106.83007711737054,106.74802963901699
101.37968044638973,101.35268544470333
98.54022006179257,98.13729259529431
92.13608455420089,92.06160013436006
97.38318640544131,97.31809478739667
98.10729933432314,98.03975781118947
90.63554498293018,90.14208588224751
95.44815702500946,95.17173011491653
93.76912936298213,93.56406010693254
94.73248219890483,94.4965697815585
103.13012122620614,103.05194423147456
96.66759005192748,96.57157601711725
107.96562295372078,107.78027987230422
95.72019773081938,95.49578866643935
97.5181047858559,97.37912593245312
91.87775019322473,91.72548283743566
93.18211335054312,93.12876813521027
99.65187722122188,99.54308218153594
91.32715585951706,91.24556871273639
94.66752869883216,94.58521199016874
110.70267172484459,110.36927586479841
96.70629598843482,96.61105963406301
107.07883778417272,106.87004950036027
93.34970913067067,93.16810338729412
86.88791245087201,86.28800940539665
98.38014819180866,98.32194962210569
97.86470506284745,97.82238693397782
99.53421297426934,99.4626909511729
98.48723348324934,98.45508606525526
95.56609713936002,95.43346554568626
94.55911168325585,94.39496105996734
98.04170226079472,97.97486472427636
93.83112615275115,93.73129807817749
100.32239977044004,100.1492689695829
95.11530913423496,95.01374807211161
101.18715763829364,101.15085960961574
100.47747024149095,100.43309679838009
101.35202249597833,101.2510513100232
95.89549065023421,95.78343483205285
93.4736684209333,93.11169404902522
94.81009024607823,94.7168988579918
91.9043062647017,91.57367841024197
100.69253037479602,100.61241474398403
100.58758843838137,100.47511514221458
94.73058915196565,94.65108099164642
92.07723467624128,92.01430804222228
105.75028997695452,105.67446482255968
105.30971514777121,105.20577680731913
103.07423377320575,103.05226265004583
89.43809790036298,89.0394732083613
96.28345910872126,96.16189365026402
93.03789948640323,92.89932723537166
86.97457591447647,86.73742114741219
100.05525757108539,99.96783177102672
96.39073698614479,96.30458490850049
98.13674919090118,98.0308965484589
95.05282545104805,94.88665581826791
94.53363383717786,94.33925871027103
99.92006224766807,99.88226035778321
102.62823682134311,102.58329911477756
89.68298049389196,89.43569273673822
87.6963775528197,87.2761474983216
99.72257695870934,99.64560886156141
98.19444585500538,98.13318306241119
92.98967976421741,92.7399231027336
95.82470373093538,95.68599318283843
94.540867005975,94.48682287306993
94.59294349793502,94.48984069903541
101.58171929989194,101.53502089169466
97.05478577317491,96.95873570921242
99.50987207073504,99.43089750111096
101.80461562211407,101.68878043738766
97.02509724641445,96.89562791538278
87.53875227918991,86.86445959724871
98.96747200328421,98.94006556109944
102.81834338430352,102.77619144236775
105.12856471696949,105.02870560348867
101.11022680471375,100.94801539087317
101.34543982593239,101.3161199394209
96.97784409424672,96.95788966142334
95.52717756017029,95.49918600849392
103.15175925276824,103.10241640946279
102.13391621307208,102.00354326750409
101.34273082195304,101.28257414297289
106.72361380376776,106.57160356907488
98.64953299481787,98.60989991950726
99.36291125161462,99.30083811651765
99.94432184170292,99.90728857864467
99.39016003730843,99.16320382241275
89.23217073823297,89.08801152519449
102.23001048886694,102.0912612789341
105.35862405241167,105.1550191526898
90.8016285441023,90.29467476358877
104.89137378500122,104.79145660079317
93.19964476846678,92.98450172420856
95.598464286897,95.53886608826845
99.5483355625359,99.50688268711419
99.15332265863287,98.85986970597054
96.74384419489657,96.68635609288717
93.15923146264362,93.0033148432608
92.50983507198234,92.27460491021088
100.80697500958819,100.71988065180415
99.19179429882685,99.12936617626305
95.38138683230596,95.2984637980102
86.83304458349998,86.68955995709072
96.54629671688487,96.4324309433433
90.71035525645507,90.5298717826611
101.07141332495372,100.98422823740489
95.06530490472802,94.99885082505845
95.0114837210672,94.96384177966746
93.6946902554526,93.45252780345628
91.68401067171189,91.44407496487959
95.6752588558797,95.54492793038001
99.2290737781029,99.03222490854489
90.48821944049118,90.39116840901262
100.37222883245524,100.35559172856942
99.54095692359007,99.51523676638601
95.86725988710992,95.71525426733285
91.83268556820589,91.57442503104399
93.66727936781061,93.47458653695537
101.61330878069955,101.50455176652511
103.50390005357907,103.48437886221346
106.68692269473306,106.54860412227981
97.59943225955074,97.50770569446443
96.73088462020178,96.630088289294
94.82880372515535,94.79274242604629
104.23415158105328,104.09988617145862
100.66680971602223,100.63403101850356
89.66124532705655,89.06651479894929
102.19145989688306,102.10996384167301
94.93996986885846,94.69680781741293
83.58878229758665,82.95502770944115
102.6769781764416,102.62741772050997
100.88696638158827,100.84964127693355
92.27181626750676,92.11176058249781
100.43091207031726,100.34746852986383
99.34785987035035,99.27650999442659
103.82028048330682,103.7945317420803
96.33897109939628,96.29481963394389
87.9435666653216,87.53661192504838
96.59792606098438,96.5713096852292
100.62139060909301,100.58729160515912
95.77302098342909,95.74159113482669
103.7032740276247,103.4611796544691
94.46157870375976,94.30311414033423
102.68324514003372,102.6359214476436
93.19273669994189,93.05428073686245
100.7569578171053,100.4507736492586
95.88676877243506,95.75140357402562
94.7270409623068,94.65397277329201
94.99882064775646,94.93004492040185
93.65454804636958,93.48187576254712
105.37541789735543,105.33070303585873
104.91411879801787,104.60394124126114
92.07397383456593,91.86926860602519
93.8971170893644,93.79523920425211
97.05211228174323,96.9807272218963
98.58210199398928,98.5412799571395
96.7589864965454,96.7078807855287
95.75362154832281,95.60194290789511
103.13933687349397,103.10046782987234
99.53206038738836,99.48268964030608
97.82375350306731,97.78300898370775
88.83191790432406,88.51144193998523
102.62831002680497,102.56592540788508
93.90972430223778,93.43575254103135
93.53328345508297,93.25491188738965
103.07209599520887,103.0200222345204
95.59781565683957,95.37192150367363
93.87324640562424,93.72631996068996
93.31231789539537,93.08328828447557
96.35343186264419,96.30361531480449
96.93078424974509,96.86277952259555
96.322195165407,96.30023853804524
87.69714021139978,87.40541176521681
95.20595803267332,94.9147812275898
91.38272991417016,91.12525153444614
110.05782224112583,109.60439031685459
98.27587099749034,98.17488491572907
100.85408249458148,100.8149892925761
105.6303251447444,105.32155900413059
106.22691762169318,106.13104756255179
91.77308103942678,91.51040488613549
94.05814541254358,93.9397034122699
97.00033788293499,96.86461997993999
90.40392729614393,89.81749582584156
94.79366549702596,94.53984891274531
110.17489011510834,110.00819151921954
95.07145456399348,94.99125723506144
108.32225542820608,108.13230081058262
100.89347907401029,100.83963342857918
99.50851585018401,99.45197865316639
94.37239046473952,94.26888778486402
99.89017943443675,99.79705497002254
100.14126678879795,100.0617726218089
89.4451433740932,89.01823764065648
97.12576662969815,97.01129752431481
91.51289765311769,90.87128076737562
97.82486423971592,97.69271536393576
95.99448003324832,95.91811222373126
104.98850720081245,104.68287089280494
94.40927099476066,94.01760919610433
96.4172988120662,96.33058191523118
108.41190651546648,108.14378851892573
96.51856931923663,96.29458439357782
94.32354249716602,94.19824443914618
91.88748229576296,91.68643529345997
96.57174613971472,96.35536939621865
104.46570220094065,104.40394671638249
101.77898609524205,101.75705569240178
108.31704071817829,108.20827254258238
93.41216620845594,93.19089202586574
95.48294988634882,95.43867269576117
99.1855954597058,99.13380770990676
108.98120505116304,108.77197639741638
106.30105280586974,106.18502607116982
93.20650788166333,93.14575450212261
95.49838313150678,95.41357972825189
93.15232402755495,93.00552479410722
99.25258450900195,99.17976325878638
99.45311333632112,99.40839198549122
106.07570721546382,106.03237628640748
98.12067262533226,97.89552768131021
101.3207808390623,101.2728086797992
93.37531105766557,93.05223445599398
91.1937365643637,90.81300079768461
97.85813637259056,97.8264274899621
99.45295832592232,99.42200892798574
90.55598960783871,90.22283076831381
94.68274518181636,94.61572520138282
95.56616172946235,95.41857006038033
100.33022035102329,100.27396011826005
98.1302191756538,98.09514211282762
99.9368231608919,99.85253723557855
99.08758647536835,99.02894121006327
105.74033974150713,105.70335223011652
94.38134140498423,94.33009505697021
97.04822383802667,97.02205801270588
94.17282707917076,94.07584600671288
100.96038976878077,100.80360490882781
99.572044563873,99.49484803354437
95.090833231348,94.89555728597604
100.91305924440499,100.88161680834165
94.1304139186711,94.05338489922667
101.73530227504249,101.63321945296336
93.96086740267887,93.76241628857943
95.88329263646108,95.82086506575192
98.61479917590077,98.52304589862112
99.47696360780873,99.41737021210841
103.93739260288477,103.8409857735713
92.30226984212437,92.22096798824032
99.16445198534258,98.96917788185688
101.45217289537783,101.34579769163135
89.66653204653697,89.50478017533513
93.85940475091307,93.72141592059934
98.9224236890313,98.89182103682974
104.06368247851816,103.87395099932722
98.96570571681448,98.69982875397947
98.70032764449925,98.66933063760787
104.91267113334017,104.77412243224221
93.16168768592546,92.93451049939546
97.92624837860953,97.88808747065477
90.43139289172532,90.16845121696095
103.19373949423533,103.12553490907872
91.08061831463898,90.48582277682523
102.81952638319983,102.72137899668837
96.73302049822843,96.5258524479552
92.17929027546553,92.0237373647429
101.162600196183,101.09104864290215
91.32349386378746,91.17412540629498
93.44657732616612,93.24835433471874
97.77669252543286,97.57623804133313
91.34841846443423,91.11278072841311
102.32229055305608,102.25357627850428
87.00943343717387,86.60736858612908
99.41870182196075,99.34249306183501
95.30774407084347,95.21025759186938
97.93374153941858,97.84321377313938
103.43221283322355,103.29833916717978
94.90009106009518,94.84341091295425
92.7920065477303,92.64187085139093
98.25316697269577,98.16680489036693
89.19722069162181,88.92099944615808
97.2701260705635,97.08656605234185
97.8823392246024,97.80320077404033
97.34627703347594,97.28842110657408
88.30139545706685,87.97624046209953
92.21803730381913,91.95950627474096
101.80199826503883,101.77535739744302
100.92154553127453,100.85152894980166
91.98853962074585,91.90868662085445
97.9921427155599,97.83656370918568
109.74152885506106,109.55564669703939
98.44006378391157,98.29649972381172
100.64959131969049,100.59447447523085
99.35504397151477,99.30167309667007
92.55174245079786,92.2458130576396
92.81053653382462,92.72452491637274
97.12816374258631,96.93756530231948
97.09281020808552,96.97663479148953
96.10194826260907,95.87142255765139
87.65893935582258,87.2048482656105
97.2144698722757,97.08510661179136
95.45313928816643,95.27849141670401
99.83264031347848,99.77152729958257
103.13820586557445,103.07303724618549
92.38884156988551,92.19705013577727
101.56978264144408,101.43512952062646
104.7753435065501,104.6998609623359
92.6435945874728,92.49947005238069
95.2251569641856,95.09800217523107
104.78387216382505,104.6596431201995
102.30922785676819,102.2090594165491
109.1386770789508,108.85464247509714
99.15491613703877,99.02888543603667
92.62467846339166,92.20717953830373
83.29970989913298,82.78380517067363
95.05797782173018,94.94638011752072
95.71814958599279,95.63987343318564
96.83444811891337,96.78444080346323
102.67220882347954,102.52438973592669
93.75395242794491,93.66636493637256
100.9740146693472,100.88955356117634
95.08846776346796,94.85554172092564
96.41101893065941,96.28039894896934
104.44984390341898,104.19409025776851
91.8370283729514,91.37137951686245
95.86366403369558,95.82013664326657
100.4741131065899,100.45303253257528
97.98034727475284,97.95381012090232
87.06525504829098,86.79513909830843
95.53385473161988,95.44657741285482
97.21735700819136,97.07406843757627
97.42865488088596,97.19140481865591
99.31226684540549,99.20736958736943
97.2858782070807,97.22363522265734
105.10624435884323,105.00008848868835
99.30898440087978,99.22888203057889
99.43266624949597,99.37353653254057
104.78232451855555,104.70671142247801
100.3205091613277,100.27496808078922
96.9027006051439,96.84781224322289
90.8695111647531,90.57424174150475
95.57643392079203,95.52683579690512
97.18524372923672,97.08565957478498
94.66624681911577,94.51841966159618
94.74383217481791,94.56577974914153
95.24593789357299,95.12645009257079
91.32085980996031,91.20042775341143
98.3939147605065,98.13806035168597
101.85949418948726,101.84749644450494
104.96803986546347,104.88070246682432
93.54724457801817,93.33512936590195
96.64233299997802,96.57215404151577
107.29953790203592,107.14080859803755
95.03930684875662,94.65063573377904
101.32100341176647,101.25524290781193
91.56848571481822,91.39706450722959
101.19415679516975,101.15215423421617
94.60922956655116,94.50047572225306
93.86110095049624,93.74950744292707
99.58092670680327,99.53786515637572
102.16012358516554,102.09720533098192
106.73085088390322,106.60105353997605
97.91607350660657,97.87836526499787
92.48272580036851,92.12900013450083
94.40700375242855,93.85565034670734
90.33525478126221,90.01219943983158
92.95292816149028,92.73985214356424
94.06831653790006,93.7497851346429
95.95939659195159,95.9077171781497
99.71482158759405,99.66929680775321
91.22048883113622,90.97384610761416
90.39419126717978,90.20567246272199
105.34496384442662,105.29501811219903
101.06693410203822,101.04320598981646
92.427347101338,92.22406527216425
99.14618567024739,99.06919272758972
98.74710377529948,98.68278643039758
98.61190122674918,98.55103216976971
99.796735293477,99.6722251232719
96.83895017731882,96.80352612129305
97.9652638511491,97.85394378179045
98.56471056838926,98.53001627001127
100.44450627556705,100.4059258987075
99.12438002613065,99.09073557796651
99.25171814230556,99.21267871257565
100.48439244838684,100.45769640114392
108.94043067483076,108.7927686950497
100.4728911426896,100.40481054674888
94.59420923059629,94.39950147691202
90.47662625439307,90.30174531998094
93.60896062326852,93.04130227819643
102.1862627122481,102.05693235338252
92.02573267808818,91.86462971697762
100.32881738241593,100.28673397157831
95.93586185716426,95.87818806836017
92.30478521705113,92.20381929146623
94.1675813688513,94.04245536918859
100.23455317309909,100.18564305726724
95.13347326352694,95.09714212151485
94.95820706400116,94.82509139836564
94.23086320137864,94.10819442737305
92.60438719089703,92.0760977053763
99.71788768128154,99.5964921596895
99.8612138694976,99.80056931740717
98.37630980196191,98.34147762139185
100.34587747295869,100.29054504732038
92.45187162120064,92.281746696328
100.43812585968239,100.37099918249085
97.51755216245101,97.39643255750379
93.63077641494952,93.56802815425114
108.90031833068855,108.75464930964264
99.44985194555305,99.4023410280266
92.76753292014865,92.64922902677148
91.4006777175067,91.24915614851349
91.0357086632548,90.85696676513375
92.29864612017987,92.09023463161236
93.98563192316834,93.96114036315565
92.2318596007595,92.0406087695096
95.26458094033198,95.14972184550474
99.74910846983414,99.69458500789735
97.72460607447765,97.6327285403573
89.40295383607325,89.19765343941344
92.41807085933512,92.01011273397984
95.93514203337838,95.75143304427361
102.94411808083623,102.85071431124213
101.11342193281833,101.08734941967
92.0324075287707,91.67893222439572
97.27103109672477,97.23457657213638
99.39146542192528,99.30997048596133
99.79801056012342,99.77637180905995
99.1343074173596,99.06996558299561
89.88593529039743,89.78026737975942
92.2133208924651,92.08962728920396
102.0203144067817,101.97397431582009
94.71459132182996,94.64665418764145
94.73902121619754,94.609134966592
91.51597975778336,91.22109771087699
96.21162175289177,96.04046260372347
104.48948672481598,104.44630022577739
93.5938484567297,93.54470726446091
98.85835922845055,98.78301655983158
94.17869826078427,94.10306519778042
90.7390900220408,90.47074646342821
101.73801945485042,101.70883097500699
100.91633823312647,100.83501545547136
99.4565476411467,99.39305188954928
91.6246611621219,91.50831203890874
95.26615589721965,95.12129186638265
100.66410199423888,100.6293441519389
102.38473150336164,102.34569210141359
105.15607857478074,105.00464385496444
104.1246245630208,104.0246926175443
99.50219331560125,99.28609979640075
93.85173687536516,93.66940722197008
94.86616481294998,94.80109689587984
106.62741153344534,106.38771317363181
105.44152734724645,105.29037472815958
105.1617601945736,105.1263668638978
96.91959822538165,96.75909184172468
100.5203677878765,100.50147028272377
98.94220145878384,98.90814106042102
101.0266753098572,100.92510598575777
101.97896499859294,101.90180613793522
100.01924446855408,99.86394411995599
92.69941524583717,92.57232230048635
87.66821158769561,87.00438352752072
92.81499461952134,92.69872174762625
92.92143916945827,92.56801619263886
92.80134631049694,92.66207501302527
102.75993793309934,102.72622536913086
101.11481832252133,101.05196826424175
89.9656261905564,89.60575372495312
95.59906618799175,95.52472102525807
96.10257617448535,96.08160409890324
97.97679521602205,97.94230989994513
97.02091432205941,96.96765645116997
97.81334064174713,97.73272669602481
89.0118949290424,88.17042221654371
88.04578049406382,87.7221874938551
100.38929887182199,100.34350895293599
84.1387425930537,83.32593781490218
92.64935257862695,92.44381921775341
97.09543830005889,96.9365621347652
90.41257012917028,90.12119698125014
101.36016430923611,101.3411896489402
97.65285523741257,97.58951528715602
97.13844524936367,97.0661378008306
97.87731414624056,97.68882638331701
94.77103135003377,94.68978956759949
99.15166005969505,99.08918127410763
98.98020730002489,98.95423471469209
99.70979745970635,99.63178484333778
97.90421039163255,97.84567600833135
94.91599885966507,94.81364430662974
98.8157138233311,98.78150222158212
96.18037848562003,96.00920670401649
98.19912379536339,98.12664738190283
92.242101109996,91.70577275861288
96.72487030924623,96.46253355452801
101.04264426646577,101.02521228380832
101.83807416885125,101.78201334195887
88.66906809670712,88.0993021151858
95.7763677510494,95.65109391518376
99.87364591033878,99.84792584958603
96.29004945775425,96.26563204199317
108.02338611793749,107.86901818039145
102.36158741083297,102.30392487694243
96.26109560348016,96.17445456176401
96.07471291684013,96.03094621579078
102.0234351192141,101.91620690230316
90.30225073113533,90.18774511024057
100.86162320823856,100.7009459573893
98.63328841807089,98.5998378290509
92.95221562353741,92.74064287154728
101.03654424758288,101.00099422355711
98.67335044368693,98.64993428349835
103.71793572186861,103.67772830971582
92.30897813416153,92.13045569845893
97.43304449087255,97.3628355958852
96.78912847652515,96.33139251552933
91.51384540380435,91.20834109315157
97.53750411592613,97.46368744194835
96.92853040558194,96.81715490609695
91.48829200363231,91.32636599971816
106.1053794363805,106.02247153096539
100.11617254652357,100.09194810931487
95.18106993211552,95.16408542047712
100.54413160883455,100.40993049902029
96.70840881363235,96.6101527596139
94.94173499451523,94.86441347436266
104.74294980841141,104.691679487282
102.21815824131748,102.19039114194278
93.03001659706247,92.84411826654734
96.02556209271242,95.94199304528976
100.44075452491805,100.39922984821605
106.1375631759605,105.81564362141975
98.30455342835675,98.27698660663428
96.55217786217904,96.4827236832515
95.29309097128883,95.23754653504956
94.62800315812679,94.54304318319454
99.18251879497392,99.10769571033644
101.44239263695607,101.40415395540961
98.74395282279544,98.60214417479428
98.18337426314147,98.0561155571341
96.4607561179043,96.36159811327798
98.58353319692293,98.55225965413503
91.52089367316161,91.37946358666345
96.8078161977265,96.76998647265668
95.10075089217997,95.00385329284605
94.96949928455395,94.89446993580096
97.32221791764033,97.07568780222459
102.67994640160768,102.47294665143593
97.75416824190121,97.67800766925092
99.64732791974194,99.59670855123247
96.33559150049754,96.1693445768825
102.14762918677897,102.08344340740553
103.32633876902877,103.16662652901236
98.24025537931479,98.17830710418515
93.87713138128319,93.75774606631923
105.5001977015068,105.41415495906182
95.05653203627762,94.95698930354784
102.23776555537316,102.18004098845265
102.32371338748767,102.28654353438259
96.06391833722213,96.03278226799806
93.93914082040963,93.82323365353481
91.33933573789025,91.15973193140861
97.61971093545621,97.56323287918721
100.75476526721084,100.59099178484259
99.52515675754603,99.49468597976522
87.83731995735505,87.3964465836217
94.46383749413062,94.37218297942321
99.65466243637424,99.55909458179133
89.80690867292624,89.48748938166916
102.19412881491155,102.16237658262787
97.40339429897789,97.18730403123615
91.62449346215305,91.46579623143839
98.74629127954846,98.71299182325873
94.2326023549745,94.05067950761345
96.05193397768181,95.96437372913697
97.81498680210949,97.77835345237062
100.95949845791525,100.93997772204952
92.64651845866833,92.5541337634559
99.04931837600061,98.74263622010683
94.57430764138437,94.54311093188163
98.74229369339004,98.67996861098622
87.69995553953056,87.3575105200081
96.36624642447421,96.24589247237581
100.7816571237136,100.70030433180612
94.47948032146067,94.2061463037127
95.74592759139716,95.60469405431462
105.29809478239491,105.12442245980354
96.89415498536084,96.8623614921872
90.34775501018252,90.11497846359332
91.17201454290043,91.08169782366252
94.22636354710953,94.17826698802365
96.10769955443381,95.85663842449233
97.66590599609755,97.5751812732394
100.9920977558497,100.93156130816983
95.33303978939637,95.31141267693347
98.96517832492458,98.94708925302011
91.92809972677907,91.79746902246467
108.10846280389147,107.96849488847704
109.33648877948357,109.20230029549198
97.2476373538073,97.19964862923003
91.23564027131658,91.12570879633854
96.02457333645901,95.85364355269301
92.53376458363824,92.24756874712405
101.54243967962495,101.43220912530434
97.48093704724643,97.29377833867575
91.07416963914139,90.53913272825152
85.88440926732456,85.25024745083518
96.53740369663973,96.46016721349717
106.60279681773454,106.53308253501925
93.3413925282527,93.17846177120636
100.99538767849381,100.96358692909143
89.49033315130579,89.1563048424925
98.14030845586849,98.07283624333618
96.21816099124783,96.16939724378423
107.42912894627017,107.35511308609944
94.89684662627282,94.71621526292783
99.24960745180964,99.17402696268
93.0913155555485,92.95711045634312
94.69108126697932,94.63844457539881
105.8344824766993,105.51447487024484
88.00771108186204,87.7972416208476
95.13645098682859,94.93161947862613
87.00552285494963,86.52691360585204
99.62418973007594,99.5707802890321
98.49495836517254,98.426548266977
94.83245933780367,94.78962516001327
92.20267752091084,91.99763409061961
97.64587389598131,97.57327639207082
99.03147639020172,98.95502087069232
94.17337949448479,94.00070867470914
94.53369386720203,94.42037184027903
94.46919044628025,94.39222960819639
96.36118236501757,96.21254413087367
96.42986285680341,96.38120201997279
99.26303127703399,99.24417424398605
100.3289388672635,100.29459840263864
93.43129600535394,93.28704566048626
89.2720744471024,88.8438959469903
99.25572694862021,99.02533800664501
88.53348674594287,88.30048494627742
101.77351151675688,101.74728092948008
99.93193058928644,99.87911059521251
94.51056749296401,94.32144162900389
90.11506447280972,89.92778455806341
95.46684011404183,95.39916661209259
94.48547515626552,94.38083278136331
92.37117524903175,92.2264594363484
97.32783574844058,97.2351586903699
91.32104267725515,91.2087395706138
95.99766832354337,95.72015133544042
92.197001642414,92.0626088970723
86.51607289287558,85.77137783444564
93.77012365089504,93.70600114370784
96.10747086937941,95.99980870245246
101.25826289466346,101.23909769668232
91.26631547163275,90.94554586776255
102.95050436261465,102.92410000139762
98.04192887448464,98.00944655884022
100.25391914971227,100.21315916256289
101.50896972493301,101.42187559103743
97.94371638587964,97.91925739463763
104.30804923353071,104.21512755367313
98.98925860938172,98.91480418698521
106.62451822466619,106.55615294572874
93.56092346880098,93.30190784356799
96.23947316197257,96.08548398864173
93.8722436799326,93.68554810892431
103.40740662694401,103.32859616998323
100.75897915271896,100.63483368592273
99.7347950295451,99.7001276785845
99.73593223239453,99.6205400866487
98.6328535571053,98.60692145099425
88.15610677821894,87.49122793062924
93.98633466637686,93.80163059665189
103.25149668599552,103.23000743545816
98.74372949051845,98.61251025373181
97.86707295253615,97.79800668698873
96.35360569470733,96.20261614990555
94.97953069982896,94.93797444718183
102.8966954513585,102.83496655901976
99.79954577957746,99.64910487421142
97.76334103906623,97.69350786573567
103.19298765240606,103.11226423543621
99.03405935569994,98.93622206184024
94.6981871108393,94.57269775197932
97.22999105029376,97.13326761827474
92.96913201143069,92.87149615018896
90.18676122846495,89.9454057948472
90.27527182158784,90.11797421159548
104.00613047314457,103.9003022070697
99.3257231559346,99.30864066620751
91.92492115606917,91.55323146536914
95.31018718008235,95.2611750404384
90.39532427780978,90.28625237336901
94.69906806425719,94.6178731363914
100.07926094764889,100.0484174324291
96.59670684907222,96.35161067540024
108.08931276676094,107.71538614414445
101.59312178539288,101.56147688048203
94.393165309704,94.13340391722622
100.7774290816813,100.72062261993979
94.85380712748642,94.66393220130648
98.40914150873401,98.16369728174266
99.60936633495575,99.4435842752082
94.21177434780265,94.13719039734264
98.30458384229654,98.28372813035259
103.30181456422108,103.20245809910074
99.6156635124868,99.58889084283706
94.66611467159173,94.24845856125562
93.05240776542718,92.77943705213416
96.66864519317637,96.57789023821229
100.22530305676311,100.1553327331242
95.45568322461146,95.33886492781727
102.76800596861872,102.724394065568
97.23088918916052,97.17411996982975
96.85406780306833,96.65000413286218
94.38744155863374,94.34306374035187
92.4451794647745,92.2857779142232
98.76910896036948,98.72404086057787
99.81911771710891,99.77259557530618
101.27728132724414,101.21250736806209
106.8866086522556,106.80837528795514
100.38812383463286,100.36025137906721
97.92909009228262,97.89758021175446
103.80312821464523,103.76138245315991
93.69812533782911,93.60624417827987
98.68514989824577,98.65513470352053
100.38099110442387,100.31042806803892
103.21974057727151,103.15949118666872
82.83525123841635,82.13107353355821
106.08637935841956,106.03446081872319
97.16595515521423,97.08432266760062
94.19995419141398,94.15091253571536
103.5481709854444,103.50054944315544
94.23066447616598,94.11467972038746
97.52819567629884,97.48038408129536
105.50879652336937,105.44275621607848
90.26618351150586,89.70040944421329
99.96784535813343,99.93912450141691
97.84600000817244,97.63319639287023
100.17797725071343,100.1520103241287
90.29725854536471,89.97946541229601
100.87117274482301,100.75624658154071
91.90251497840838,91.41882926402921
95.53609464336934,95.50084358197807
108.61458644796967,108.45334400216211
96.53560784598112,96.4551283914815
97.73342842376695,97.64346315798252
91.19825205482886,91.07712989487563
98.9604022765386,98.94049266171643
99.39164192417937,99.32488444078676
98.8958466060637,98.76913883591129
97.78822599386761,97.6431743461618
97.30033868366701,97.17464113736328
94.7101483611003,94.5054630964246
91.59383993986539,91.46921885330975
105.00568839061957,104.94885199770442
99.62731971824924,99.58706859160932
98.08236251495131,98.03375947667318
97.9916590845394,97.96656147689362
98.011762034879,97.96214910032376
91.70375660165274,91.64111904805624
102.8595274112758,102.7205577271436
88.21721500753743,87.65212381316563
101.09632983152713,100.98790449518344
95.63429467705225,95.53461684738646
90.33445349302366,90.20353403435932
92.93337472635916,92.78318260017284
98.22702607566634,98.16945277402638
97.98235075543859,97.9455510528503
95.40111711284322,95.31479193823648
93.37349952610003,93.27849596217507
89.71790190884337,89.56029416935233
94.80463038464062,94.66982862251378
93.61756546010892,93.20306582452086
110.20626193907842,109.8761676916746
105.73469602574649,105.68491095899634
96.73727348238046,96.66522590532318
97.69688310808067,97.64350860127918
102.93373236131438,102.85610924932139
100.27746988813774,100.16729191342314
106.22806963391264,106.13403698598052
98.96032545375687,98.93098654624316
95.60061133020923,95.27736798262534
109.11375770427499,108.94416094470942
103.35957704661033,103.24408684413616
102.4909342992908,102.4119982002065
95.154027560181,95.07114266201015
102.02132491709686,101.98281105071788
96.4024820954428,96.28739357369714
92.30637392099962,92.16738063702452
97.08338494017102,97.03761866878219
101.99088313693818,101.8812212161979
99.88252537502187,99.78347329520834
91.60074421770688,91.45800039489414
90.59129955856218,90.52909111349005
108.84480208062072,108.69877846236761
104.06594586282489,103.95739848381527
96.45369106556349,96.36967001227966
94.50075462329306,94.19806561189527
99.47180227326633,99.40197653283244
99.59230586723903,99.54576205793956
102.83986314042437,102.7865846993679
96.0496057382231,95.98471815495814
95.47185494982978,95.43982346384004
96.21627321621891,96.16793420004562
101.01096573258023,100.98113614779537
94.16050432606414,94.01725843408727
104.21917877972514,104.08955583663865
93.21511659173342,93.09210170450868
99.70265307964155,99.60012132949045
93.52159493168563,93.32048971911074
96.66376282289313,96.61463431247341
99.93849422124465,99.87319229777444
98.22617482067957,98.18849424696037
105.92497289612135,105.7851728094337
91.20372934342794,91.0123399005857
97.16429025134353,96.9191666552141
99.28717662360728,99.22827965267292
92.71445661306369,92.436142994461
104.50058458109226,104.43113739135138
103.28257234797749,103.18382932046471
97.3801408055303,97.34515083601048
96.11643147634635,95.918949646027
104.80555960253085,104.76511427129115
95.84802795409558,95.48003771275674
99.60989644075082,99.51776846509613
93.7411062431899,93.54280541318903
95.35773650677856,95.25908794516396
108.79784169920264,108.64429804204966
86.75911131996014,85.8494834389921
91.50312308125467,91.21830381746057
100.72200026526612,100.68910556208246
100.27727134419386,100.14139214809299
93.74091030597823,93.18861377048013
89.1684526453764,89.04286507846491
98.09846721753014,98.04788926837458
95.92939425718008,95.73287526975457
97.32931422979081,97.26985548795048
93.82148497987237,93.69907689185581
96.93079838937689,96.67111014765742
89.51472915900202,89.15761589140806
96.48212528911857,96.24930896109467
104.03367150634551,103.87847579567651
93.50461440209845,93.40109906862125
101.89840706422324,101.83647039844011
98.72665135766181,98.57199135126491
94.65689498740366,94.54072796006709
98.20753641696578,98.17013401885441
98.59178192326468,98.52252575384884
98.1728483039628,98.13521454279193
98.11974733943309,98.08512997107964
96.83293000675617,96.67930734360934
88.70434210096928,88.30926328689502
95.0241413156719,94.85071512882453
99.96256409272127,99.94306458958266
91.11731309757383,90.91163002886803
100.35676415197271,100.31407589736104
94.45032719766084,94.29420647843979
101.88245737967658,101.82572989692345
106.2824056806746,106.23985911494144
90.38132115289571,90.14146968915725
99.31251874530811,99.23149254451059
98.101667413584,98.07240159294858
95.5750925511763,95.51901814429054
99.60820731055595,99.59086338034457
99.7416342600725,99.70642060415638
94.19138571583021,94.14092693232867
95.204367866652,95.04046404301755
99.69183474130543,99.62087463581757
90.00403446259361,89.85891594880907
94.69582750633779,94.53863363014499
92.24140930956285,91.92502792241075
98.30387509088716,98.27330971561385
94.1187822074351,93.93559813197835
98.59800932626011,98.5507174417977
92.55279288806234,92.46212862451182
95.03664693928572,94.87520886818186
91.64445891728045,91.39168597688598
100.13099491115268,100.10731441776524
92.64546508750367,92.42249538224694
87.2796198715256,86.99194264709219
97.29768637689996,97.21022762239978
97.31559903637097,97.28522358771171
94.82985828615966,94.57428792025641
95.2642966370669,95.12231096859529
97.3518321058363,97.20450456218408
99.35019111631838,99.32778451027899
101.76485280453893,101.62704871451767
94.44179847664832,94.31201190087546
98.13771289504875,98.09372651627486
93.81776858155321,93.73937722011298
98.94962573557562,98.87140417338719
93.61258686533343,93.34337734778941
101.62502348565667,101.60126187995883
93.3800825076609,92.80460975450187
98.44019943826619,98.33932075810583
99.58949843324075,99.52236581991846
88.61996047013851,88.36556778238644
102.31535702553512,102.147887420994
92.31918280601866,92.22304462056206
110.31950255468283,109.98823546517936
94.3705660618672,94.14312482244526
94.57539799204596,94.19090800116649
98.0994237573172,98.04533159771238
94.92815466185091,94.86597773549171
91.26038799464752,91.07266929449504
95.75029568833405,95.6738126816354
101.58305170252302,101.56354217966587
88.36906857571094,88.06154659625243
100.16688290910062,100.1012178499747
98.1960890932647,98.17295935209354
98.77451579183845,98.68571576508779
95.5427527083686,95.44254044464934
102.45398444617929,102.42899586934692
99.97543752156241,99.84605240529828
103.26221994211701,103.21668067773713
102.11942054619139,102.05334877779192
101.94862886961182,101.91879669854278
98.14763428050455,98.12970156304043
97.5752577646583,97.40633595280087
96.09064613412652,95.75314480405765
99.55511298383338,99.46924396675976
101.99649110310274,101.75921105374971
99.49548523263176,99.41492739077604
95.98400643950589,95.90137979178192
94.97963259229067,94.87544800279892
98.24792309658221,98.16810597847844
102.91296690920203,102.87043281953325
97.78249651216107,97.69520761975006
92.88361936333666,92.8182723793576
96.1540497745125,96.05957187001185
93.86626268490095,93.70700287502089
92.96844855781181,92.6656431269205
94.24951426596311,93.9186236823892
99.70618629788531,99.66337581056568
103.71538706823888,103.67559449072965
94.97166137819445,94.92644357119177
95.31099247048816,95.18100060223932
100.32958627273177,100.23223749199825
100.52504171711207,100.37742777187684
98.73568592467348,98.67911861071028
98.50417436071193,98.47184222489673
94.37756371579835,94.2707655540657
103.26204497720262,103.21872786710846
94.60140690086547,94.43792850794986
106.67280463076088,106.2484492369802
93.8079425484022,93.78218725800801
95.27715771390953,95.22755377409145
96.03514593283151,95.94978182566844
94.0208019008663,93.97636981021995
94.95190723987784,94.89986589201227
98.22973163897522,98.1161212232178
102.87431938591959,102.73932750472446
95.225711913606,95.20109791593877
94.77871919688559,94.67728695558728
101.01951261354382,100.99184361107898
98.57178418581348,98.42588385513454
95.17456593023962,95.15700200637717
106.91548227987485,106.74141082401728
96.02132916854738,95.9031217885549
94.98150706453595,94.82521847135149
93.97985677220478,93.89718176999685
104.37039910333877,104.23289616104704
94.7249810397082,94.68616262642033
93.03888584308328,92.9374811399816
89.65727348054855,89.30968780031445
93.2924683320908,93.08666955195878
103.07556161961638,102.96593959209918
94.96560582304201,94.82203061333404
95.20823283912075,95.15882453834051
102.02053049272352,101.99526934370846
102.16836439893552,102.08873905979483
88.64854007293148,87.8651519870705
98.11026696224727,98.08134235400132
94.91708492552632,94.73072759910542
92.81101843240599,92.73825009154437
94.9063653980291,94.70598510154825
94.87707915287386,94.5077134092741
96.25860185439024,96.02684393536211
101.56211601564065,101.41785750028433
97.25100758011916,97.18639312069358
99.27527091710904,99.09524991944424
96.79169699576107,96.71461962513796
98.75420594679848,98.70817967843367
94.8741852985394,94.7994973497502
96.75734152264873,96.7101130236477
91.67305894460821,91.44312643314291
94.61562216283036,94.32999221520251
89.97861159588561,89.8117150883917
100.85205852525537,100.77092730019594
87.58945295620543,87.33594583278096
100.41100293372729,100.29617323050282
92.0925265026715,91.77818217028323
92.24757184215476,92.06586350409142
103.96187722085659,103.88184611493674
88.71616719620512,88.32965559206829
102.24394386007981,102.22118953991959
97.92289952756386,97.86607827074812
101.87481730207165,101.79154296177803
97.9174478319071,97.84738089841429
101.79993958767533,101.75616173549413
104.12092629920919,103.69050717060813
104.56482956713721,104.50859123592552
93.8254709098577,93.7211748327593
102.80993595830009,102.77471294299207
94.99870996210278,94.81181989688514
94.51846751274165,94.4655126417727
88.4846498913652,87.84147908599051
95.5786859021316,95.47385410953989
94.40924050642603,94.14561017178183
101.47079731573173,101.3769609137083
94.74451742624395,94.68278634572548
95.96466345290513,95.86232115278226
102.73140959280876,102.66188107402613
93.04538104908156,92.94506762086424
92.41708202845541,92.32474794227625
98.74082575810549,98.62127058768455
100.66841672980883,100.61553801120313
100.0367567222776,99.99302029971756
97.88615701258122,97.86650806525347
97.40452783287965,97.37937033051749
92.94532718713454,92.81428946037967
96.26195292725858,96.14095051573923
91.23008680200519,90.92320556647475
98.26069042021041,98.19440706754497
87.75752961784924,87.4751077994304
104.17840241837493,104.0829393890429
93.39507164658491,93.32803913169417
88.35402272462711,87.87232577842315
96.7480169262691,96.65664469662643
91.7253845427193,91.4371356066673
89.78587916425886,89.51703037208705
97.83305621860546,97.71030754413994
95.22852959041127,95.18099358819633
99.35382629635146,99.29403819461774
103.26547507605156,103.24021165687185
96.87028594251623,96.74397872740387
96.89151969594906,96.78886024577953
96.2930042065492,96.17516160729274
90.22012684268755,90.08076710453102
102.61162680550609,102.58648540296736
92.3475147907239,92.06042053190554
86.41350170061806,86.01063939802482
98.60841755918689,98.54504339952507
97.0958873422467,96.92451381284047
100.71427370917827,100.64574258328082
95.82781000027312,95.69877169065212
99.61741229756635,99.5514023106661
92.01226221510538,91.6249227946379
95.16930567912952,95.09540138042229
95.15434570710788,95.03336888942428
99.61443012409883,99.57927160798525
95.00763999348638,94.97893166239137
104.71543700243267,104.68436406674215
96.37625020375177,96.2332419773165
92.58681279461476,92.28947618087915
87.96219933640099,87.2920833689105
100.59554953207548,100.56843571201638
97.7490896583441,97.66319862280162
96.5974318161555,96.53077602097088
97.85379925455119,97.82991208751835
99.4639351745477,99.1866520161414
91.40831022921715,91.09749844095664
97.74802262332598,97.56804729453327
96.98342333700529,96.93751504902995
94.87467315572876,94.75843306204482
94.03935894415666,93.97273902439512
93.01996116587775,92.95997311931329
100.50256135436521,100.43558805812565
96.15034060400677,96.11208402949072
89.56529696612344,89.32462657013181
95.73430806113181,95.64423560350193
95.30856762066357,95.19756073629506
88.84746308062208,88.39372211321108
99.05952121017489,98.92192102184991
101.30649112922111,101.22348057127878
96.07302368812597,96.0414498021877
93.37372604982922,92.76975570654757
99.07744688265839,99.05122580318493
94.75654932237086,94.67465802904172
101.24431545171325,101.13048202940635
90.55432146016615,90.33894280150808
102.61197446647837,102.43722535091531
91.94264051368127,91.8235018805183
95.80690889262979,95.70719110727147
100.13748422008752,100.06498914665355
102.18217245961506,102.10105024959405
95.30898681910898,95.22697018765967
92.97628658856468,92.77866021055205
95.60529239915807,95.53512522120019
92.82708898931533,92.75782265019721
91.38253113774611,91.30022792579733
93.33502275860288,93.0388608058192
96.41002966547062,96.33688621254032
100.10987154883487,100.08563665370818
93.3558724612843,93.30263955131622
97.13953598995062,97.10837048222642
97.64157773717301,97.56401138757653
104.2337111268376,104.13245859813517
96.48128896470313,96.34628509267726
98.59045645606187,98.4473726121011
96.75245705833242,96.69960923662126
101.35933381080262,101.30852650131035
91.08504735331482,90.99867660348666
96.3751425465505,96.28417641765807
99.04949855514673,98.9554715838776
88.27846184902924,87.9526778916359
104.76642084663172,104.61285639159262
103.42767466497466,103.38169587500428
91.01582332150498,90.78251091585864
87.89750485018985,87.27965119051112
103.06289794299913,103.02583815410534
92.58603170786708,92.31954213642732
101.59802325736835,101.56287094242697
106.38606169972505,106.30529540916393
93.03534666647603,92.95509523347968
99.71965600236764,99.59777132247002
98.92522833780114,98.858615763827
94.4714088753814,94.3958413615247
100.22402173323444,100.16191220579528
106.52077272343489,106.20754287707112
93.27634882909283,92.97919289109551
97.62476983911661,97.59907611636528
104.13416788709341,104.0392281589459
84.96816299157508,84.42331533909521
94.55452225226868,94.32109746781295
94.3289760036282,94.27375045616085
98.4333240177254,98.36845018287785
98.29593397615707,98.18097831940787
97.22644205159287,97.11180048083668
93.05497465002662,92.8588871378567
95.43946004739043,95.37218891563374
89.24835279366704,89.10097189482141
104.01982520512878,103.98056043559077
94.89083231690846,94.79292347869072
99.31258288226276,99.27499120841904
89.10102614708426,88.80882269173784
98.05464790704738,98.00265863252534
88.69535416978813,88.25692149322832
95.51952224084202,95.50149623072419
96.99818064647188,96.9699124093214
93.90248584358747,93.80897695835907
93.37350740103135,93.2368773289585
96.70632226639187,96.64493555835253
96.20693651658685,96.08219869068353
91.95483152972491,91.5595249108582
97.8641889506762,97.83680342581911
98.36982390270953,98.17125155872104
93.05617595456145,92.96251289242291
97.44827673497656,97.3527316115968
93.0523920848099,92.74635580893221
99.91735070483921,99.81406690921095
98.65732891224513,98.54743968099096
98.5393669458659,98.50809516464555
102.55764742458437,102.51041964930607
95.78800687161385,95.66944815252458
98.42940933055583,98.38230455714829
93.58582728296861,93.3825586556047
98.71795629262748,98.5644324929022
96.70684849745392,96.67571656214609
103.45398359844962,103.41345189743878
98.33393593495828,98.28709461788306
102.1708147833493,102.03831047338682
92.51462366860395,92.10495680380535
95.84366313740735,95.79347610066134
94.15844605324575,94.03600063999134
97.93874012957497,97.81147973174595
100.27306031523207,100.25408942870962
94.67348025695604,94.30788471566817
92.72849054037233,92.5053523901223
89.92844566948784,89.60110371742992
94.14387937220008,93.67721552773762
97.1091427472246,96.62250750767267
98.19347214799835,98.10096563512683
101.19762551552049,101.09841627248443
94.16918987102679,94.04884443931772
94.93743852565365,94.84331226976046
100.6167677073348,100.58802397809849
96.65260431531333,96.61165115385944
97.64240042827572,97.50684118392653
95.96769469936557,95.90312571502288
95.92233500807072,95.81777163584373
95.87104283195438,95.83290682577484
100.96331082587064,100.90823489820858
94.37157040930273,94.31125657759476
100.06736469493795,100.01262252302097
92.91783162018365,92.70134226212838
96.79433075012373,96.53251693007174
111.1727088793638,111.0661908740011
98.48982722298913,98.40911187866149
94.93676189834704,94.83710915799084
95.20989374712626,95.12276381659836
106.51749577972494,106.4586160723721
94.689214387846,94.61583107784818
97.26595435034147,97.21069254594748
101.73073743442954,101.63086494051214
93.35482085065384,93.19267202573484
91.01213860615188,90.6161997543791
90.80969564655958,90.54371519490793
99.64444642729057,99.58847387615818
91.43436810873696,91.08075164929112
97.6326451224764,97.58727112824424
96.99435312200481,96.97174112912039
93.11465535531633,92.89858870478652
99.71537253933535,99.69223991839601
97.67961290710355,97.63112426919207
99.29688764941358,99.21843226861243
93.76748885268464,93.71208560875776
96.07224524881545,95.92619258813275
97.46814981292191,97.4079159936496
99.7436061509572,99.71767251342358
90.3931507346864,90.07695179738175
92.02516067577989,91.74127299549178
100.30180883173709,100.27160962752778
93.00074686106188,92.70130707794542
101.04281095185301,101.01763517687826
104.37373755396663,104.32505543880792
99.41327556168977,99.34084096928122
98.58055486569037,98.5407075704349
85.16702278761795,84.32881399644147
92.25923539553924,92.17172142008681
103.04597339138954,102.9425218596231
98.33689255332558,98.20000684652727
94.4174916174757,94.33139633185192
91.06300325714555,90.88661633549727
87.63633902941416,87.17917362964377
103.70875431086448,103.6813787920766
95.0771896018521,94.91764377525713
100.09477984964046,100.05794589683425
94.70547427986754,94.61026682911607
94.71865722717814,94.6697925559294
97.00957386634967,96.98104572900598
101.91932147955387,101.76492072204303
94.56176557790467,94.52810976728284
94.67461168642228,94.55093647735453
99.44841769109891,99.43537406807019
101.83664919778249,101.64807774918663
98.97234287162975,98.8604848881956
90.16659510272144,89.85307910415405
88.16970155470855,87.77205283314562
100.5272956789929,100.38048144007567
99.83405717649994,99.7317603319933
94.98444934983489,94.96516042858622
106.75225172034767,106.45299795121073
99.06013075607865,98.99083292823661
89.77683773651526,89.41059239402261
97.40581676515198,97.36330581553084
107.45257574039337,107.33288060437216
101.30793804812767,101.11432248303501
103.10139057129953,103.01928440212393
92.36325798261325,92.23559724250015
100.9485561665735,100.92674511251859
95.64629724971846,95.57616061195604
96.72656989988863,96.69851921393183
95.00572839657133,94.98754251597136
89.25933106298159,88.71432850764774
95.8756981198339,95.77989790222409
93.86342589863658,93.66575291614022
95.2947887385064,95.17122972383675
91.71467306934875,91.53568951953662
91.20100620537136,90.99451975962059
94.63498551669227,94.50124058170776
105.14013606146115,104.98456548973085
95.90450230933897,95.8482249585037
104.16995698456421,104.11175409774495
96.82035396617283,96.76907881422207
92.52089711005499,92.40815102732003
93.70492659816466,93.64012765703534
96.81963098289135,96.73741161542814
99.36490998605605,99.34348779783699
98.03947373064939,98.01080268750562
92.2740184792791,92.19311791475836
96.07638903507264,95.95353142086921
92.32513038244298,92.12944151341023
97.9064646025073,97.72996853295678
102.1028213879978,101.92205666168556
96.04223341024945,96.00705504707982
89.71613314828565,89.42428611177084
93.45291604366102,93.07935384843337
94.50111555914438,94.42541036575508
95.44350159145259,95.36167196786275
97.43532742198074,97.414144733196
99.70849651175381,99.62945564299082
97.32314368718691,97.28950279715963
97.9425786556984,97.86667570911477
94.96220638663998,94.8937345793958
97.54583730148386,97.47435531327592
97.65283171559217,97.61302741242206
101.30589851906879,101.28094583820086
100.32553426547317,100.21177450312018
101.40195942199202,101.14052642070705
95.73114128809111,95.65133618829488
92.32654202564538,92.22086729891679
106.2306045033085,106.16812226176
107.1875405294045,106.95430830489113
97.60374861125136,97.28502124344155
95.69843491699008,95.63918789122127
89.99397838920648,89.60918617511797
99.56421463433729,99.47166970527229
107.34137309483862,107.222878246835
99.13777944955274,99.08768802070519
91.13948112535498,91.01254040613865
95.13132024131217,95.01788541985862
99.0751631299536,98.97886450717156
101.18403827621064,101.16600846702542
99.40631357250666,99.34648369424976
98.62090665660091,98.55290660438158
93.46791199902576,93.33858891371625
91.75303429135629,91.16330437351826
94.19797388143401,93.926658048841
99.62798070730345,99.5565453140263
99.40879177839405,99.320271004406
93.65877700818619,93.54057246789186
102.41238465028052,102.18807048989429
104.52322320821173,104.4307461876468
98.11817909742663,98.0684404057759
97.02896527317183,96.98382868648498
95.17574798389667,95.12632213065557
104.81356377987669,104.75861799791004
96.06641647045238,96.0437918889061
98.35324577502146,98.26777606852971
91.28459392328608,91.0978610999479
98.97477572893531,98.90355037730353
95.92007012476027,95.6189751877417
96.34373140756568,96.23612607788147
96.63977304110541,96.57670370639009
97.76297405614123,97.64842693644712
100.00883315525988,99.92276395783678
93.85935697233485,93.70912793311693
97.89229358295056,97.76561295303522
96.4277226217714,96.36113992882676
101.24230330982658,101.21141821513903
97.51117418083737,97.29417929866831
103.23014925294618,103.20127405648456
89.41619514782471,89.09604924114278
99.48621581374464,99.45772185042377
98.04026036374543,97.9989611517922
106.76382903491076,106.49238212954508
91.88986394074458,91.45456772770362
101.64728009336392,101.611515816999
101.33057405952506,101.28319331635227
97.1205613553274,97.07151443090707
93.09956162564583,92.81054142931495
94.34780093958533,94.20492591613684
100.04492081026366,99.99396712927361
88.414713098845,88.02731349867362
94.21092662771656,94.15748385591147
92.59032350812271,92.34055459398304
101.57317986631037,101.49146564741223
98.58235616317978,98.41857135460685
99.3506486386283,99.31552649617979
105.92932846750352,105.7173435648258
99.36936464062723,99.33494415602978
94.53454291168518,94.46656769749292
91.28354086584329,91.04997490028246
99.27507402037955,99.24175418923988
95.67289514178756,95.56215000289073
91.72194120637296,91.51589152036806
92.31679792698728,92.17043242672426
101.23877960448581,101.22144891284222
100.53696764994498,100.50501588897053
108.04429752305813,107.7090037475747
105.2951545253228,105.09726781162658
96.72503812735134,96.66203818799762
93.1415887435061,93.05636380432274
96.1531890170202,96.01220762125068
88.65063979968066,88.52708401326085
92.54363904483436,92.32825479607986
99.70562893920277,99.62052335580658
95.52786074114088,95.38514008638418
97.15453871888701,97.06624253163692
96.55540173877553,96.47726723159977
96.97822222979866,96.833367439548
97.0904876745369,97.0354142124433
99.3443627992635,99.17412117900993
93.4875137569989,93.41285950708476
101.24284534371307,101.08106284694722
95.76123427290987,95.71944506572692
96.56108988970146,96.43581638716279
92.11401196338409,91.97891747987471
99.20839735835493,99.16222998772818
96.47547839780803,96.41657802463895
102.43710095849356,102.39703199867223
99.28224945335954,99.20043737296155
95.55543010105137,95.46523015490139
94.83183058325505,94.77524340708756
95.34880999179606,95.24243796652443
95.1403869328002,95.01069016875235
103.02062025238254,102.98018683081361
93.35639302650165,93.13832378540909
100.78679714972027,100.7606008036538
94.82558293321685,94.78427650004446
96.87795539930617,96.8086378336264
103.65291136663011,103.58311300933346
101.27568673633016,101.1872236876846
98.73906383976295,98.70470992289098
91.44051784009169,91.38328998694519
91.58403965623248,91.23420215684754
97.16347468460927,97.06033396715463
96.25209452990752,96.08778627730283
94.07851647716097,94.03382882496933
99.99518349729074,99.97012214866307
99.2602297830918,99.18099236226729
99.37699677892392,99.32244217322798
101.59414012921039,101.53893607831179
100.77351780080485,100.73400571497426
101.40682116402355,101.37441656377486
104.05664183256448,103.99309776459383
102.61670894768383,102.5715351561127
102.18431369127796,102.12266765671616
94.8095309695296,94.54696399398414
98.51116594043428,98.45176382746253
99.83215413467231,99.7758308308681
98.8052142692273,98.76622173910219
98.984081726262,98.94120483731223
93.30818683737485,93.14629349945736
95.0587292676655,94.95620658172614
103.23069902191169,103.19449311680332
101.13197298232875,101.08765845683956
98.48482190405602,98.45573312187403
95.76433915590144,95.59748044962932
101.37344281934949,101.3592583171119
91.7022205141914,91.55763052255493
100.87771010454848,100.78480976391403
94.23087888935834,94.14447040733202
94.1111549987209,93.82816940597714
88.09850907856787,87.4378090114632
98.80734269571212,98.7856514988849
92.73829233325998,92.35824886879944
103.83599059375655,103.77856631242892
96.48137781144771,96.43941423045823
98.25868070165357,98.18519317447999
100.97861787263554,100.90242394266988
105.21663717179507,104.97519325047496
96.90612746951773,96.80586311240008
98.87964862766155,98.84079268869654
93.87218010219819,93.65857677229191
94.00410468832779,93.59077893214872
97.78968487519498,97.59468894836893
101.32079872184751,101.19759661652014
96.78878098041982,96.713402581564
99.96865365035681,99.9344801416441
97.06942348397672,97.02866435664048
94.05160487049085,94.00506449139453
96.31671675039297,96.27473698037005
90.22384193848555,90.02669364197966
103.54011754427839,103.49779347387882
93.81998718812142,93.6180088371476
88.89183688813175,88.58565680029787
103.48361531631767,103.23097167172631
93.64435413767126,93.52815724518848
97.75669649443795,97.676472068622
110.07952294925288,109.72969194436381
98.26006978172234,98.20184717575624
93.74512207934171,93.66117698542762
96.57461786046811,96.44810167703828
97.23436895116959,97.1651206124767
93.3634822752606,93.25948355562474
94.2295605992281,94.17179172848795
97.43796514171925,97.38320046053296
104.4774693705607,104.37725615436192
99.26489406348487,99.24641591737246
105.60499380126443,105.3099425965659
94.3227191436069,94.06903471893682
95.0819338938349,95.03317830796698
98.84336550483327,98.77192230910367
90.8514175338409,90.58238853936304
97.66178778308696,97.63042065795165
92.94106073965493,92.59273430026495
88.74485020064252,88.57741403317074
99.80389975251059,99.63089416384967
95.67557459343054,95.49226897827708
99.8165303811604,99.68608204593612
102.56912252564587,102.51830372598936
93.92232466050876,93.79857027438739
87.03033249591005,86.21923496357896
97.01139085833022,96.95478747734509
101.29780233952879,101.26055567429731
99.62574199247943,99.57204838854813
99.89742513874644,99.87910911415989
100.49388694100857,100.41706919825971
99.0371107587842,98.7446450935825
99.96665760254075,99.822876019012
101.37457494317037,101.32662059600455
98.32638927391496,98.2634331115417
98.83860360984694,98.80462395002071
101.08157981920718,100.98041741940769
100.58165849666507,100.53036548185639
95.2517781392225,95.1931573185284
104.90527827275947,104.84974773595357
103.67384191135002,103.64597317822017
104.4617552894003,104.36071612208794
89.34451428421315,88.93175812642144
106.37091654095612,106.18755999118602
97.72445778808672,97.70600137561
89.95550744086036,89.76612249494245
97.38333329526449,97.31187003495214
98.39387697659187,98.22264136620898
96.51185727286779,96.31501097691687
99.13228154499333,99.08231684811564
98.58518183846437,98.53431534377962
93.54139040102187,93.41525826024414
96.89403193235763,96.83093275246591
96.87737073659291,96.83719569388631
96.67519953558765,96.60784435910907
95.11857448613762,94.99270682660467
94.03196760802865,93.99787225231924
90.19387106719967,89.87410230635435
102.30593156979978,102.23568364700145
99.01986100259474,98.95458770242597
91.704846439829,91.58348658499202
92.41055024807862,92.31440237456937
98.14333212139496,98.06421366187206
95.29667072805798,95.19484131792788
98.46762530165898,98.44876550788575
99.5398273366922,99.51363486349297
96.10663711191282,96.07435025530212
95.42064837732373,95.31643314255372
98.80113611724637,98.74336806813571
94.12833676794868,93.8858350220581
93.79109703513458,93.71530962405002
102.46590549847147,102.42416398981685
106.90272006670973,106.82626676882349
97.47432024508564,97.43981639966368
99.48235049168963,99.16591330698463
101.2310667334957,101.17111759103209
90.77277708089767,90.41682057129053
95.09697936636991,94.99161719448927
97.32085693721324,97.25937692002938
99.54782924174802,99.51198355174046
95.64165830314485,95.51972926271164
102.25523724201453,102.19276384003423
96.03149442162834,95.864331164805
114.29957728677716,113.48211924620703
92.0188305967051,91.45564804819418
101.106174241435,101.01301306792543
97.04117743898485,96.94147119019439
95.38335774706034,95.33039721244856
88.26877465448116,88.12012282506981
98.93747027581017,98.90146943257548
89.45545572021572,89.14858613170969
93.85140797648468,93.72544862272385
98.00113619359274,97.93346037042944
95.55564994875444,95.52465829041711
102.310837519925,102.28638182389959
105.05426534505484,104.96046225069509
92.03206601806771,91.78707154191785
88.18731624941768,87.91070865087548
95.89456063029682,95.84542803570753
95.01434164969521,94.95506439620453
98.22382763068407,98.18918627873602
93.31154159089337,92.9693218355074
99.06204407312433,99.03847037728974
96.69970858829822,96.58206015573376
95.55123847276535,95.47278993499833
94.25750146217322,94.06581369766141
101.61966657644683,101.58666422042728
99.4945866519758,99.43709652519335
91.28035372427466,91.17692780032735
100.46144120104141,100.42611324996055
97.44544592938922,97.3652318604814
104.44505096854478,104.0149165002808
97.52945919498137,97.42923753353689
99.79600080650611,99.77611168827242
98.67256733965286,98.58911015292774
94.62725447975434,94.53055944685148
99.88587009847478,99.50114951793327
103.27003682020819,103.2111690662229
101.96464067553994,101.8191401891794
96.99099548798351,96.94745192488548
102.18865578437436,102.1127718104848
98.20754500075003,98.18183427741586
93.83094580795608,93.38833592529856
101.27677608505796,101.22520080957871
99.17064120486468,99.08863380755992
96.25234389987108,96.21534862621436
99.3735099399633,99.21423997637346
94.49841592122944,94.4084125635932
95.31664718511465,95.23447365445085
93.71661285106917,93.54892548144828
105.20665073772918,105.08139140808109
96.33476858360477,96.2548103985334
92.57829980657499,92.45228557947277
98.83954602952866,98.81699295695266
91.13626239649088,90.85491082501792
100.5227893188013,100.50173495701426
98.71675967234358,98.64207738348546
94.17889843235001,93.98996258740755
100.83201695957483,100.76336705905722
98.57064029602721,98.46237638848817
97.06496479443103,97.0357807310651
93.22340682253876,93.06484228589431
100.40179777511176,100.34574840373216
96.60997033625519,96.55425536018974
98.99539465697637,98.92523045998652
100.1370890587219,100.08072148787674
91.42330063308614,91.1450255114166
95.28687407285335,95.2171148216291
96.02836202071958,95.9017533071277
101.41473775446084,101.36966852896836
100.2694151605152,100.23273152457317
97.77354310021148,97.68956311194415
101.60994516566986,101.48518478783524
94.17832057192254,93.68571511952092
105.29712235854169,105.12102934241807
101.4382663093919,101.37265579505593
93.40144494484488,93.35738248209422
108.18535648124856,108.00922752859637
91.41637726852963,91.24062400313888
99.61542756754824,99.52131547100383
101.50574894004565,101.48246887823065
92.82751699572452,92.46527745136449
104.51435502668569,104.49417716848147
90.27849007029965,89.98928527912933
93.91976946930059,93.83753805291535
104.72913046078268,104.5970022797564
96.73571875422384,96.61997636610111
96.53984093930484,96.52957898885032
100.22110665868675,100.09930866513503
101.76367880889427,101.67944985403224
94.98259207996816,94.90164628223148
94.2923146501522,93.89207341415957
90.279496237885,89.90396602247111
89.91216450436177,89.7942620012003
93.15408488772327,92.99598643792999
97.68199028589312,97.58534215419456
104.54644600927784,104.42293732903518
103.96275374111602,103.93473120352371
96.02932262939248,95.99941239925828
103.94641463122571,103.91959262479456
92.47098848953698,92.36176998444459
97.2702863237879,97.18403651382584
100.64336207889266,100.61141856167839
91.29936916302705,91.09342508065365
101.68000412048657,101.62503095732728
96.54561634735836,96.49894078042495
93.08838318927036,93.0404391352558
99.30647187369252,99.18347598414094
99.6853431095102,99.35865114375265
100.48851172318862,100.3949635999212
98.50900450410992,98.49557788185079
96.25003641421381,96.19888874319317
96.8802204725358,96.82998949991354
92.2346658231002,91.88926182139889
99.88378124533828,99.74250158561298
97.36377691448295,97.3218108028265
105.07091115270623,104.96735801798107
98.99876222245543,98.80947606695396
99.51872485908844,99.44274322373543
99.34775664762104,99.31438087894003
94.79623347254451,94.69333260156692
95.85304147674896,95.64131671815761
99.09669074507197,98.831995342428
104.3760187366213,104.32317566651662
98.17658463175799,98.1470792696556
94.81823818202552,94.74447942844057
95.39880254561825,95.22482980272106
91.88641230249249,91.38518148278663
92.88007725383588,92.68615490146772
99.95562486222836,99.82000789792778
97.3530955060956,97.19153664609652
94.8102967949716,94.71108178997392
96.04704046440494,95.900480329486
91.07616091655952,90.95202268807586
91.79117657689672,91.53260987299113
100.15929582013459,100.14008351216219
107.26731140336153,107.16839482332294
94.0271535797767,93.56028309570571
90.42107724238849,90.25860273901822
95.18884784741402,94.70164735883262
91.14893433360568,90.95119982940568
94.02394081066113,93.94017939727708
96.24449565188192,96.0533088002346
107.6175559227693,107.5381252309952
108.17309236190134,107.82549395251986
91.42146304831078,91.2940005717827
98.3902600366429,98.31496098857022
95.25674524542879,94.9847583035136
106.29038225251186,106.09348415390147
96.44784213393734,96.19529983494827
105.52804411554813,105.39098173678602
114.22534569504937,113.9392361215811
100.73516165554668,100.6713640844351
94.0152210373363,93.96222238007712
96.64737655359494,96.53706747697716
101.5331390738578,101.47326560023538
86.55597059629305,85.8010489194238
100.05739629702039,100.03389246638392
94.87401086752651,94.62765112602001
93.05270095035836,92.87964432910138
91.85523819103106,91.47582277295422
102.4233833152007,102.31688592800634
114.47560374986533,114.0119968654614
91.60635034734253,90.90895736902092
97.55547738508,97.43034142088864
98.81217969499271,98.76901610088375
99.07744630074052,99.04088967953062
97.93822837521935,97.90195288011748
95.10528951849697,95.01396164671176
96.33550407956331,96.27371705616926
105.31090605092946,105.25606482090043
92.18747986906347,91.63781168937835
95.78200109290809,95.76194844681322
89.6997128766914,89.09709792313411
101.01938369847015,100.987350620431
101.63865706664411,101.60012035798479
97.2265100572073,97.05228600019521
103.25645147253276,103.21824568567583
91.61056304195792,91.34400891594962
106.0657020343443,105.93248175015212
104.17414551440706,104.10537462795699
97.71031090764278,97.66124933514439
94.22511844016043,94.0954824283924
97.30535935089671,97.08348045271677
95.55321214040605,95.44970972803024
92.57909807264156,92.42646863799862
91.50886882101517,91.28663854192928
95.6709061209251,95.59314104763739
92.22100344125276,92.10114823854505
103.52221740243624,103.45716237907725
94.603015509116,94.49936653495618
105.59184252272281,105.46258263742529
99.71985746686536,99.68329825177584
99.61062613096406,99.52156337549958
107.615850891255,107.24601671803876
94.50264142200696,94.25165575256804
96.32957010830256,96.30709376184537
101.638771229748,101.58813444976829
94.14876586717546,94.01964658906635
100.12664728251787,100.08713629579276
96.05057037206949,95.83062697640868
98.4927781904288,98.36304245166527
102.43171052442536,102.36386918254539
95.60289360435763,95.57250868548051
97.39554546201974,97.23811353802823
101.20521674741283,101.17977650336582
96.71471001607837,96.68904589350433
101.98722665973175,101.92893193325723
106.24132668736962,106.10208506625597
99.3511844493193,99.22130444637946
106.11039460971728,105.72615479291959
96.09691058716982,95.9761424218466
99.3833166025939,99.33692098932724
108.62714072028794,108.42687600448757
94.81933828611388,94.77634157708718
93.70804050217863,93.64123361409419
93.62629095740559,93.52882371179565
85.43848940049624,84.6828423690727
97.07670449751964,97.039119606023
93.04228973911218,92.92901150116475
100.64141879291533,100.52665885248354
99.60364269116072,99.58373343596588
93.58069633908448,93.37840103064569
102.23109583979695,102.19841642662172
95.97764928396717,95.92168430441282
104.39063911575737,104.20764441118793
97.10107157545501,97.05351886458807
93.11593807182179,92.89970676877718
88.20615719344141,88.02939793255713
95.0639158372235,94.85592711021057
96.19536341011896,96.10148343532624
97.68272792661492,97.62346787335619
101.12946874180199,101.10025116637031
104.4025944316271,104.29690349602907
101.75034619027255,101.6075584046682
98.95879306428189,98.91269273386388
103.12319294660236,102.96869937543245
95.08050890262938,94.81676994495552
99.29682524739532,99.22829751435553
103.84498270253924,103.7770852782722
97.94879604287546,97.80357670612094
107.35387779298316,107.24379118898959
91.35025909084631,91.15503033537594
97.67735096019443,97.65007377586167
97.76716728900564,97.75165251607596
94.1030811973114,93.86158905172759
102.65843949271999,102.60053989143186
102.29229000853253,102.25914525550532
92.2770183460274,92.12613785109248
95.9106776452591,95.87861433807953
96.54267110067406,96.37164900032039
94.65455309518622,94.61152069610166
92.13748672729662,92.04997521186917
91.26318970267273,91.16598563409224
99.1213246482722,99.09171271293533
106.79034348667737,106.74479523000477
104.02140981495646,103.92119701291288
91.70782217399581,91.42695382863629
92.01776217007615,91.82714152611094
93.68237209819895,93.55922834981995
88.3457402334022,87.95996330990162
98.690168756379,98.39816121528729
100.22736015996921,100.17320550568832
95.31658145854516,95.19670405358147
97.11205825531447,97.0750790322579
97.68735522261638,97.59852821297596
94.48783386236435,94.43712631746888
95.80545007390877,95.48774948811045
102.31567343717792,102.1972160443934
101.19504567273175,101.16586434324041
97.82826737334979,97.76241018735469
98.27908482905144,98.23104575603402
101.43856330631031,101.39832677841159
98.09714659365746,98.0409143170803
97.54250259949242,97.317705631913
98.45085260888163,98.3111904366675
90.94770718313625,90.85470359663049
93.85895127910618,93.6553760424923
94.67084044271814,94.35745787604742
93.9815866670646,93.57008877743479
91.98829097234726,91.92261295991543
100.1502556106757,100.05590484853369
94.40374395868906,94.11694538310265
90.41123636632446,90.25153744877419
94.79010834298144,94.63146754901717
88.739337808162,88.4566528816277
94.8889554658836,94.76251405412114
93.60659176635662,93.46421242623343
95.16916912542827,95.06676524767191
92.99986951126881,92.91362516179852
101.46631027668144,101.41387048039465
89.83529211065928,89.59397082833782
97.24266633494328,97.02414941395058
96.07300152191269,95.90421093243151
96.71088249517656,96.61038037560617
94.26544446437836,93.90854981617352
97.12002357201291,97.10110000025296
100.02002482020895,99.99568896098219
94.33360146743009,94.1952938939815
95.3161661824239,95.14565818846599
105.13479943518237,105.03905851908485
93.50822879681598,93.24029337639494
103.71799972478146,103.17481376181696
94.01579964535038,93.89215211214818
97.7044928104199,97.66949528399313
101.05947613020895,100.92794999790173
96.57191378827268,96.44799929626562
103.04000665487476,102.97594042167911
101.55631646213271,101.52700332198619
99.36361140405079,99.33411563332294
104.36502902723362,104.29107461979814
91.63426480250124,91.28014256744578
97.80921791484387,97.74073624824186
99.48127584400788,99.43038903186087
98.29634697683481,98.25072907008145
98.13278681624566,98.02884540544576
106.87255028045382,106.72452547711985
94.00268114105063,93.82938843449797
96.64718130788657,96.59455283822325
98.83190013933084,98.78134059551628
103.99071963700936,103.88691739946573
96.39675135594265,96.10125364718095
94.5713213782774,94.51833220904746
93.81797817297819,93.77949200347075
96.58449792306159,96.50340192321136
98.12809953297192,98.04302631384846
107.49533630860716,107.2443728382344
95.93408996475071,95.85395207688836
99.49968457836272,99.47554377985
99.90937117261137,99.80386636182804
103.57926609979201,103.52501143459679
104.74174117291203,104.66658119286339
91.43077004303204,91.06404488756291
102.28619364519238,102.10233692051354
99.87497760842038,99.85358558047857
104.01874011741602,103.93361959310455
98.99472612192064,98.83938417564032
99.02409753456031,98.87715377729826
88.81387541484474,88.45531368252688
93.21310759061598,93.08786301775216
97.82544339656377,97.55378663409736
94.32708926410741,94.1272674212445
100.17968844601747,100.10930328498986
95.43246271598682,94.776991365293
96.75060163137451,96.5936322191312
89.20658746927427,88.68289596170996
102.34787452302473,102.31215607431518
99.46522102550563,99.38270864928015
97.60836994745382,97.55954500546976
93.64204237432989,93.14741780323163
89.49113263571299,88.98839689056386
99.08521909360108,98.8842718513613
95.94501414143444,95.80262715970427
102.01067635807959,101.95642859791502
95.04023903509855,94.90206047176285
91.82241134831798,91.59048393251967
94.22353405531621,94.14651803400076
102.17905846466833,102.15657098586557
101.07642926505856,101.02967862381301
98.17791400021034,98.10370078307946
96.79804010049766,96.6243959810949
96.83601063405592,96.74412932893932
93.74068878235019,93.65787239612975
88.12877273637325,87.88252571270375
95.29549024731122,95.16992649935152
98.7984193333669,98.7423547504217
99.84404901499808,99.66329897273033
94.88349034053384,94.7416136724528
91.99941340952923,91.76332200246681
92.84086400742918,92.60374563272393
93.25406687434696,93.1605202001165
91.63168751784468,91.36753245087134
91.95367292498975,91.70601069789444
97.44605700470683,97.41477672123645
95.55615423214576,95.423961339088
95.84776719482136,95.79879392099473
98.96068920844019,98.80402930597599
99.42070325849785,99.26505801963445
98.74155771189594,98.68472562278411
91.75701897576197,91.47283899509036
103.28809821735521,103.17972822870081
90.35893695012564,90.12755945573609
98.70526549514831,98.489046238218
95.71528975791621,95.61404272066919
96.66034590654473,96.59985497507466
91.45614695920612,91.26504476744489
100.1534401622782,100.13269273395126
98.00129660010039,97.92971229577948
101.80492701285246,101.77203406357438
103.64415099178721,103.5676312918591
104.95038920993098,104.8247753699507
95.99379728753478,95.95685580469568
100.43247479233008,100.40748785262525
96.96289973019152,96.94224408701666
85.67184492500942,85.14593017009632
93.5387107088888,93.2179005491219
102.5206964081645,102.47086999248558
89.19652560894382,88.8672235483774
100.98457448419938,100.9265601581574
96.89227479347944,96.80496719213475
99.53073743095428,99.48732008877441
93.73938237263752,93.63612557597189
90.96914544092475,90.6700248289583
104.79700195575307,104.6360622345084
91.72660485529983,91.52235195615722
107.50347032205518,107.42828718566196
100.53852267296935,100.47536856298342
108.07618786716226,107.93178815303096
106.23377477590262,106.15196385073925
98.52700054910571,98.45079964012038
95.81722387050891,95.52804675889715
97.28316581020759,97.16657201414134
98.84828705248033,98.80787835559876
100.99020709104433,100.9337548204142
99.73297994397741,99.63074874499915
89.01547598176539,88.73126575985258
96.3803993146642,96.22769753972564
94.48324317420602,93.89065075559438
95.51807210670637,95.47095385297797
105.60542287424946,105.58235252974617
99.55403093331817,99.51512460675623
105.68019480561303,105.48877271741874
99.22185091173839,99.03361049711332
99.68158263096807,99.64534433520379
97.78561626971364,97.29805743002399
104.37775004952573,104.29387921709412
97.8993063926692,97.64690886531376
99.33380925216409,99.16577038522374
94.06749490742806,93.99339147045197
93.73147622254803,93.65552859149776
95.27417923048252,95.19587922443522
100.51789557730541,100.38669965727004
95.66297477085136,95.60275973182458
104.08756451825445,104.01823873115893
94.43767484580128,94.06381434686061
94.5596159403384,94.37397115628274
89.23074604454361,89.0865041888085
101.91763739441407,101.8594201534427
102.67411877567866,102.64628101739123
97.97302118843423,97.87499322430413
101.83803470011499,101.7412134531269
98.30224375446095,98.2510428922741
93.72224308109169,93.61318040001062
96.62127367446504,96.59533601478624
106.18327996744158,106.14235944973093
102.72302712097792,102.6927134142323
108.70597240413896,108.5634814301114
93.12615703365356,93.06314687717757
89.48067198738978,89.19917134202183
102.09816073169776,101.9614379766645
102.82223148679078,102.7410391824559
92.84705727188737,92.52168999708995
99.94937620205123,99.81377726557479
98.10259980089808,98.04949346149336
101.03673085719815,100.97240503853143
94.52651880873904,94.47561232557698
102.78497197917834,102.73259014709768
105.4758298581984,105.4358332957648
95.02542772826568,94.8921688462452
96.98945874337991,96.85587864864362
97.53560532469686,97.47875709924438
95.82703453054384,95.75562104916852
104.65857955451642,104.62005026369215
95.1726566869056,94.88991081273021
96.61486021039892,96.59561628605543
101.96526202808495,101.92055275123624
95.19375031838186,95.00359549547456
102.49070660805155,102.39270796624557
99.67727524681851,99.63855325836553
96.29745103582636,96.27063613282483
106.0916290891242,105.97573854099531
93.39759999985303,93.16402075347247
96.84429045975236,96.78760590066872
105.1242841579628,105.08106312263756
101.06956390223142,101.04235571721516
97.98247302881717,97.9162473354854
91.14155167661674,91.04908310568635
89.4066094198431,89.04561381226688
100.75958384047688,100.70858943037406
112.80346047566545,112.44175966087379
98.39244952727239,98.36611633781617
88.18099401861595,87.81954289059198
98.3866362921679,98.30436599948597
103.87478990731348,103.73116859735173
93.30386308263328,93.09831216891237
99.73293476364186,99.67868930953402
93.8764181142301,93.70354933084025
101.1545779649163,101.10994103896017
97.35326356362046,97.22475215500631
102.37816887171738,102.34543370945649
102.94755682564015,102.90047862260043
102.12017187311696,102.08223651062907
95.57673921620083,95.43683045425239
96.09670563992314,95.965352781402
95.27450294239692,95.21897663852856
100.81829460823721,100.78589424243744
96.09439715640792,95.90765770224058
91.71695942541592,91.53805448239727
98.5763561336736,98.53518061810047
97.26239976148757,97.2083326224193
99.54713045955305,99.49970187221484
97.72438360596355,97.68846399571122
94.58956918630051,94.48704243135866
98.24182412519849,98.2017384571688
93.52719324404701,93.29146408187171
99.26348004370891,99.03462349145592
95.94125604212287,95.82159812662023
84.63693846954988,84.31663809121108
91.52540118711642,91.18354266621738
100.2721866072481,100.25467590246964
98.56149352556432,98.47927730038117
98.18383441215823,98.15249776032357
93.01546564134931,92.91363750849865
89.65159038824922,89.49417503300532
94.6952831404584,94.63746215833655
92.79743811556358,92.63959049661024
91.78836652258573,91.58668032653864
88.92320886216315,88.3841707708151
97.43839131072765,97.30197206492707
98.08804143838618,98.00337776626284
89.92141038877382,89.74931454173031
100.29103414603733,100.27109011359707
94.06621545296076,93.86858798729111
85.98476186330872,85.58588483826146
96.98617679981595,96.96061899663239
94.45333966355267,94.32429675428028
100.94711556478792,100.85029479815235
110.19525392798306,109.90152218527047
107.81737656423657,107.28407262122154
95.20880872143569,95.09083882431383
103.13894373179961,103.06819244051847
100.2082210445777,100.07018034269234
98.37465025612444,98.29801688138289
96.15571948714283,96.02875758096344
100.46075359998447,100.36022701930891
100.93725592169139,100.88941001020086
93.16047808777051,92.95292129551822
94.24275965597062,94.16081961494805
90.66105557560742,90.52395243642123
96.19798213338424,96.13630149286004
93.94452139771467,93.76549678837637
105.2717126051452,105.12136817827277
105.53561299047617,105.35705321961768
95.20327733141379,95.13601823067532
99.69847173756955,99.65977455995615
98.30842404663339,98.29048573942042
102.30395890274787,102.26210142988904
105.47008003685757,105.3287033602346
97.22246030506196,97.16712345803305
96.06109183388972,95.99014919659624
99.04453420631977,99.00038527833671
97.89989819813519,97.76901223704105
101.91086053058606,101.76282599681777
94.52933888657235,94.32054891310497
94.93487219671677,94.60470599666212
93.59019643904153,93.47754766979268
97.98984473190605,97.95791010758225
92.85175598830533,92.68354581299684
96.98491215596704,96.90834620333038
95.91549814835469,95.73208702974819
94.04201291840118,93.93484916945908
105.28218916688898,105.1861876641547
101.93466763327986,101.86783175751172
98.45990013814749,98.3499440267277
92.08423829897725,91.9776279892281
100.79399330850609,100.75634535934003
94.94345878525655,94.37760181626071
98.52296936168875,98.40941655898493
98.46817968119774,98.43924424214312
99.46930278148011,99.44048522253603
92.62846746489444,92.51733538019054
93.99628587145703,93.88275667344058
93.30155323776721,93.16662995088885
94.32450022560552,94.21605505173693
94.43197494931186,94.21026607842742
100.00585544638649,99.9146698716695
98.92689735672333,98.87815744873559
90.18608268447551,89.79449235957932
95.64529312642935,95.62098804092706
98.10660621348214,98.03858925983164
100.1146640282911,100.06762364865948
96.02258358525341,95.80157064741421
94.49344797238693,94.46576115653657
95.71816851393696,95.3828985572242
94.66265260313034,94.50811838852522
85.71150930319891,84.91678506902004
98.75199811483844,98.68536373839629
95.05508234587485,94.9543815066663
99.00193645095663,98.95055401579901
93.54399386718032,93.48022546169406
99.46200316600421,99.39864320345656
101.10710326303271,100.9611185628116
92.85558920538833,92.7982950396596
99.48461754966425,99.45144054938962
98.08985672778803,97.96698275990033
99.1083545669655,99.07146079739636
95.30359238239093,95.17880107356467
96.83094758736031,96.79682045948093
94.55006071821941,94.4806525262446
102.11865304364436,102.10068365297319
97.91395203162236,97.86906918118204
96.78040367073852,96.7176972698976
92.79788072322312,92.6956332480481
99.73689005599032,99.59058676595416
98.77868295041931,98.70342571712902
93.65278669748893,93.50016737246087
95.41779737764251,95.27012284141477
93.24538585043813,93.04393578253479
96.55851308095464,96.40824965693406
100.38798340726399,100.36088649120467
94.5860542349582,94.46286166764212
86.39061171530584,86.05890788667912
97.9014285239933,97.82726932459987
106.16676930209933,106.05173539206832
89.00095544668265,88.68456544855407
99.24987468573998,99.09011479706294
93.98982536800285,93.92202715345806
99.34108240526525,99.27763245318874
101.42730210020966,101.16251012503686
96.25515537342454,96.01286466976399
94.82780646148842,94.70372140661485
95.9134445962536,95.74529008426637
90.85826416816727,90.71052979475562
92.03341737304629,91.3914348841348
95.16988634111132,95.09331058138997
105.22014179542838,105.11381121088438
96.96639846843928,96.91908773897688
103.66165240893434,103.60955867243706
101.4103993924743,101.15201307195325
101.97165595913526,101.91155783616267
95.53746491973621,95.42198381533645
95.40754635669371,95.36713182473653
97.64765750986422,97.57436401119037
91.24890869021577,91.07895835138166
92.39847006856223,92.06639204783616
89.92662190011598,89.81490395357598
99.54399021766916,99.47523696860192
92.48770762356882,92.09550657511028
99.10303724109033,99.01626598251642
93.25123211896627,92.48268906585582
98.1764475050038,98.1400647362214
101.6241238222355,101.60499553500051
88.10950500910782,87.68577344652948
102.31366732450755,102.21039190087599
90.20259465495874,90.06864543228134
99.57162643300347,99.53754433028341
95.42498823067316,95.19562235541953
97.769653209103,97.7429414418577
101.13423389833862,101.09593820871898
92.97713430413474,92.74882763071645
99.16515954630626,99.11082550729462
96.4620468887791,96.37756134697555
91.63393069470867,91.41088478378433
94.95806240929434,94.86068194134863
92.70631929275251,92.56568412420003
96.85727589003916,96.80553260173838
100.48862910651773,100.41039432856837
97.37229654116916,97.22587861242809
91.69029868814388,91.29612097823754
103.00558006227928,102.90850695628956
92.3627537570621,92.0953729063783
92.973223463136,92.7188764666354
100.3869512277634,100.30768112889784
95.50528658688647,95.41910952659448
93.72780894290516,93.64694620576913
94.96500865457088,94.86444694679975
94.00301471103694,93.95904058637043
104.93403531590891,104.89088358763102
96.42046600755377,96.28675325832731
92.91673358372536,92.77992840496597
99.25915518741618,99.19712267571325
96.03295168885813,95.92836718569015
94.1681777103298,93.92271038794254
96.5714775046465,96.53996582229553
96.87895623305032,96.8420341344276
95.52843617403103,95.46959325124624
111.74992107712318,111.37309968535837
95.71403067128867,95.68577449974471
100.41899256287056,100.3334821110855
100.30943959753016,100.2140972932799
92.64492654973178,92.45550801312237
103.65256153827735,103.60449461029194
90.85905290926853,90.78473021317761
100.67316991545854,100.63421187936139
94.82912388111548,94.73998111112708
90.65229888789295,90.5745240643522
96.02309828371364,95.92025488503715
96.46044686673477,96.35622620440982
99.42780426537016,99.38801053066703
94.95034109528322,94.78555030242623
96.11170689598086,95.97593155081792
89.94636418201999,89.70374401058841
96.53561801360435,96.39928319371248
90.098304968957,89.84203682186025
95.82011732163106,95.74601232080241
103.34079853280538,103.1759362299808
95.57411398772246,95.36729259781012
99.35448050382223,99.32602250421738
93.48382306227379,93.26824609432677
90.28889880702883,90.05453998396874
98.03435311822537,97.95274014039488
91.92086474857123,91.7389412218005
91.7255238378598,91.58009962297997
97.40023539999738,97.35315055776412
100.2189203026648,100.17085072399293
101.99928108821838,101.95947644222544
84.64506389880614,84.36188550908227
96.71591098139582,96.62326217763
98.61886515244397,98.43627500677098
99.66659487232081,99.63904328022623
91.0391177553742,90.772750380591
91.95535973735664,91.65069364428415
97.49560116351267,97.35330945575251
97.3126836775,97.27326624802262
97.5483873300282,97.45800134850515
94.78052324942968,94.65766884483415
87.34269113026332,86.63202609069178
98.96044156491811,98.81118847658558
97.18303724241282,97.07017127773372
100.81281802953475,100.77189477309862
93.77326713039281,93.58946458934486
102.33087391810226,102.2993958486651
88.90332576213815,88.76181677084588
94.52359358631045,94.4370607751474
100.05039175034608,99.9852156712209
95.8179805526166,95.761426068112
89.8871163396362,89.49101951497309
96.53721671605797,96.351020139933
101.55557029834749,101.51807860554959
96.84490826053134,96.79954460334758
98.32470406572904,98.29301242595558
109.91064373465956,109.81305756650532
92.19400026207767,92.11628411417082
94.22609773346136,93.58648299604465
114.32343833033669,113.79259640888239
91.56084146829457,91.45244103712676
102.94906090351273,102.87424430283231
96.47750694543527,96.34140329879006
99.97253158889234,99.9049946891126
99.21074650839451,99.13543472596041
97.08588928943142,97.06117983728865
100.94380896543186,100.82948634975794
96.92932191881094,96.72597979849937
88.86638194185542,88.70168422130904
97.81751268399341,97.76484463877932
99.73262079926228,99.60222424739514
96.55213388960699,96.45726430305035
102.48713613288577,102.2714571573311
99.01717609711208,98.99338046182301
97.71522122588192,97.64597643739798
101.30268565260785,101.25401295426663
97.28513226755129,96.85987456335671
92.98726903970264,92.89606605224344
95.62425019512744,95.56432019168811
96.62795944759378,96.51136642367526
96.77705722482519,96.71065947748811
94.25511912791761,94.18080527298274
105.97273979212486,105.89807446496158
94.5622694447717,94.39827461635144
93.92820292148735,93.51968718290837
95.66822855267013,95.48310847816477
98.31569453934989,98.16709512185074
98.8890121770643,98.8218035501249
94.68693056833405,94.60065339749664
94.53805409873786,94.39372210608234
98.5307496809131,98.46996827925021
109.08969952513176,108.8176884976107
102.4024650754937,102.31556278701007
93.39614734942667,93.31749683083441
95.6879120241404,95.56676575942691
96.23492386430206,96.18172287651677
94.87645223666706,94.71829084809849
98.6786143170245,98.59134207100162
91.59116919081538,91.2571990856107
103.30634544085413,103.26307873197159
86.88091622437248,86.09463476292186
91.68923096715186,91.53959054869331
100.23988884462351,100.22297552245513
104.56580074436597,104.46265838348293
91.94760131319285,91.81540735528894
91.55857873357243,91.49344115940075
97.68462815904356,97.6001696085225
95.51901243494336,95.46846558499229
98.82216423692897,98.75371555167395
98.89230845389795,98.8467509454101
92.6831662995771,92.54680965009759
90.67937392297188,90.53699059914112
94.26742195497515,94.20776327854568
100.89359746188319,100.78038877147797
92.41656149412707,92.33188450101648
95.78883031387879,95.75221844168613
86.0854815104461,85.9392412736422
96.45564868141187,96.39708063841928
89.6684525175836,89.50577471385428
93.09534924029029,92.63564287803466
92.47029183425352,92.35789578662526
101.92993138308344,101.90692586522567
91.7742087309536,91.53709306288687
99.83279808791616,99.75709654933075
100.75592358758767,100.67448611920365
100.4413966560011,100.38382832181159
92.17505898461881,91.92147121666771
93.6883976926443,93.60272916136832
96.12139154735793,95.98826029464612
94.04935701386862,93.91140549021272
103.62569602534506,103.58460513217007
95.87217038783483,95.77765461486634
92.4182507563336,92.1063009068425
92.17141179197083,91.84343543568055
96.9279015584803,96.73184665620313
93.35580323856448,93.04224606942951
106.75318015963438,106.53641840391971
95.83968852115066,95.48166232210566
103.70541575369613,103.66749426482632
98.64199367286601,98.56134503487698
102.37522437125195,102.32973153529771
93.98859847722991,93.79358330067406
91.3046539085359,91.07511822144897
95.25607414087521,95.21300506181147
93.90683083540907,93.83584629344642
107.2142019313327,106.87656985530879
89.20859550701793,88.85505965280154
103.58930180852484,103.54734677421334
98.52661871879432,98.50489596258168
93.1246119534993,93.03095867642233
93.90111478493587,93.68145268557646
104.7054146786886,104.51105260981231
102.06247725694497,102.03509753354486
98.30649775482418,98.2599025389973
104.67645332376678,104.60456936969098
91.1044202277502,90.56750659801034
97.67378718931806,97.64188377968165
95.4696208914541,95.25558600573926
92.44942830901748,92.32197199094867
99.68603835876405,99.66835462264761
99.64508920055208,99.60834736974785
98.58631184454107,98.50958142189866
97.76514094315716,97.74164331903039
93.12241879588423,92.91053730380251
92.80495427155161,92.61129051107314
103.12527937059932,102.96065000194973
92.42846904306317,92.3536752397433
90.44598325831717,90.11892615801248
91.20247737722683,91.01378136111032
91.78430335963836,91.51890422672412
99.79980910796232,99.75180539423108
93.7742210026187,93.65275641131177
88.34494169871442,87.74445003298095
98.75747593105994,98.71915868499505
93.09007446358609,92.75771685508793
95.84064263071762,95.80938424551492
99.86364097608666,99.68939060134997
95.19175777013203,94.93915524119976
98.48890064292846,98.44044768551994
93.43661097462994,93.37171515511359
99.88030024447791,99.72729536249797
99.48907221335574,99.45500968085462
97.27017932882063,97.16143373094246
100.84106049027916,100.79862588285494
96.51181339098794,96.43532022149142
100.7336004275711,100.69112305595485
105.27990084470234,105.08512226651814
108.5947974406018,108.55526360116211
100.5067833717012,100.40302274001633
101.77527409593593,101.66932310219329
97.59833902106071,97.23886848501249
97.54486012248671,97.45379117739417
105.40717457924302,105.3375122118218
90.01210212027239,89.50443993872557
96.1312834748339,95.96716670822825
98.51754424787212,98.35385141154579
99.11810167785791,98.86994117492344
90.87912080329808,90.70668071662136
101.55891085526048,101.50520687034123
91.05264532531548,90.88815532019642
95.77458108674143,95.66068537178471
100.28906559429022,100.26591328172972
96.20368526221345,96.07353907353409
94.6308208433283,94.58168222303345
89.81586185385537,89.58398935561102
98.95733288531348,98.860215695512
94.66593083270286,94.45290024481913
97.89463871062765,97.63565384933813
95.6319383293341,95.36043337113051
98.60164970128334,98.53165776139942
97.58577831498665,97.54308589261456
99.0784943153131,99.06506959014634
100.09920086097092,99.89875448287484
88.06584231894007,87.33141056287654
109.94817420441176,109.61055386301801
98.4787956866186,98.45831429608515
96.97533297115801,96.6731901169951
99.77849267049781,99.71877488976276
90.48207198791012,90.29839019553182
97.06801533393283,97.03324846128443
94.87696526880865,94.82452964054896
92.82577910234826,92.39716591725458
93.66882433464325,93.52076951837218
106.22252200045187,106.18571229973118
92.57483803432814,92.48557996542267
104.33854703202735,104.28190715476772
90.84671762115394,90.40031864843196
93.90988188076749,93.53447732668002
88.03824052069248,87.73497731982641
95.45100162493554,95.32024087660169
97.70017965049841,97.53819992274593
94.24641696606449,94.19730764217188
100.85032573479573,100.8195989792406
100.69977551261236,100.64938819223028
103.09871848378668,103.05380664318857
95.0280078830526,94.93899467583711
92.86398062019678,92.54273239750992
92.34040397771136,92.2329152170669
95.1759218978413,95.13712392388334
88.94572807642682,88.71352738653695
100.14709453136219,100.03575261766835
94.73055503708811,94.55322486389984
97.7741521532833,97.6008482214013
100.84680677797456,100.80050055563395
104.56584062004237,104.50570388426083
96.2531634092724,96.19097659247457
93.10648082272844,92.97433161243967
96.54280641416808,96.33192246344554
99.34102651766165,99.2444050139627
104.45854186494753,104.33431753561986
95.59390531845183,95.50710037202946
98.18822730247426,98.1629553863793
87.76075927484614,87.63411319216613
90.04982095722545,89.6947732687442
95.19923975397188,95.01225251211818
101.06091089745426,100.95130691014833
94.34178256771521,94.3074018674555
95.22872629741443,94.91278679758366
96.45413401722088,96.34731704794291
105.29051109230521,105.24646804733372
102.32373429131147,102.19994395647156
91.44652718082045,91.2889107264694
110.61778446713608,109.89730709047595
96.97911949263336,96.83182344563218
93.24732061666371,93.1483606437427
95.00582876300095,94.96146972143482
100.51067373505828,100.45634620184734
92.96137479691579,92.70526861862871
94.7432565792608,94.5392288649925
97.30527869587631,97.26267090443211
90.51199021077532,90.3926195195144
93.4838105316178,93.31973765974419
94.17728096656029,94.07751207680965
97.93358499848215,97.89466808384509
101.50941223950825,101.4477855150768
95.56669809114446,95.5307626628874
95.43570433616968,95.29311262711286
92.85760258604607,92.66375425475398
93.04615070660256,92.82834454997013
93.7155783341127,93.67194638207468
99.23823479365741,98.97858094884351
96.88500735789263,96.7003770484049
100.90335518936958,100.84751302910033
100.00278105647662,99.97305271342711
97.29610942524265,97.21818617229536
105.97106234137338,105.79244336312804
92.6845842722405,92.57281599613295
93.21992727377383,93.04656177211143
96.09501512732318,95.97365393600361
92.48142264033665,92.28599631465512
100.91632698912925,100.80139369868215
89.32258392442054,89.1268977702119
97.53393148976876,97.47483690073605
97.74788837882247,97.7178400632375
94.50449266580621,94.45133554980069
98.8131086994477,98.67849088177391
91.9606651188606,91.7893917225088
101.16667284753443,101.12368901929001
100.01651725620344,99.95507893811327
98.63541013310956,98.37925781005663
107.31524332086825,107.14300099629224
95.07197280754424,94.90974312449659
90.35028690035398,90.10515288360799
108.4869000930304,108.16170347681467
98.81487701976846,98.7872511935335
94.81080783549245,94.58993874284286
95.56923316684119,95.53568223274729
102.69454518967866,102.66955512094908
94.03342918219141,93.93886819230173
101.3533321189683,101.17893754005212
95.86476762780946,95.8276294716369
90.41730142969327,90.27142823043101
94.02384472844415,93.89000959067643
90.17417676326953,89.94996884358476
94.9222653674618,94.84788781629919
100.00374045536856,99.9517294144766
102.19814509660448,102.1678537843542
99.4425409861393,99.36697243838145
93.02522448556815,92.97945745298914
93.8666416581745,93.51756247701573
94.0965374839317,93.93577520075985
94.2918135639514,94.21195763931509
101.69688120012856,101.65172697430538
109.73167207974555,109.65845192068518
108.97105870029306,108.83268419991462
93.94964761050312,93.77735600240861
101.52800751705254,101.36971544172202
100.37579558871435,100.25034105879791
90.09318412954049,89.70390213742557
102.45715257805921,102.40839066589326
102.4354409716799,102.39305531897723
98.47839973381195,98.43458042102996
97.52207527439784,97.41877581582138
97.62158927723463,97.54142808194221
94.3376238078345,94.09380197674085
103.87458184866982,103.60203599518297
101.09165028574829,101.03041511561284
99.73269620639947,99.69005308503979
92.0888315750908,91.92352263818096
92.66382124190919,92.5138981397322
98.82466867663065,98.80070263137611
105.69216283331731,105.61419302504237
100.31805901665263,100.25864545679619
91.55481761683754,91.4437363512494
96.25761683885959,96.15830832597645
85.84895318672397,85.35115122993922
99.60553885643199,99.46882253128801
91.21541740989103,90.95107673369588
107.65724098277992,107.43588806748514
105.02370680159974,104.97329632097679
88.84328754549293,88.5727583135861
103.63191147779688,103.56324418443626
96.28813107847945,96.18851548341262
96.80450725212496,96.74445006179845
94.93567702246793,94.87824219176518
100.58112983002097,100.46021531288042
102.32822618300561,102.28023383604169
93.33628841230356,93.00018407097186
92.56475939637332,92.47962572158023
95.31206778414956,95.21289801032671
99.17526568467319,99.08367252720684
96.91145549304395,96.84495870141845
99.1524058909477,99.09692451198622
99.80547484646222,99.73841780653467
100.62031208131371,100.574963312986
95.5243305705435,95.4177364017984
97.1010436779697,96.8550870942932
99.32511659474112,99.29730733226738
99.1713773637922,99.11995585843337
99.5442509123456,99.42725890494424
98.86691556529786,98.83167863351558
98.32804284281286,98.20957489671459
94.08931206067453,94.0139317377909
94.40581182621743,94.34026060766925
93.38053863997649,93.2642129869997
106.67097858791988,106.60477131810954
97.08305735659782,97.0177551796176
97.68157240111461,97.6456010154259
97.176342668242,97.06826376063742
101.97148888356224,101.92303743822836
99.1243882457686,99.01620083607305
92.53942298676976,92.34120330059767
100.69870155383283,100.39076074282855
96.80376069034206,96.56561388501683
92.79655532317722,92.7231049483797
92.77612033141332,92.6065852897426
90.84066443474585,90.63250660252464
94.36471313514298,94.06719390484348
106.89398360435084,106.76271865872616
102.43936586372394,102.34879948375594
91.1063311389557,90.98320207273527
100.56996714112842,100.52124384957838
93.52030556863681,93.45903116712526
89.25947534409698,88.97340098353502
92.23700193951748,92.1108448947876
92.92587457778325,92.74059570040899
98.64450696671435,98.59523886879876
95.64100642645072,95.59315748957516
98.4185764256993,98.34909108509429
91.60796813374965,91.5061504819063
92.19299687844119,91.65469413633107
99.21928763656837,99.16250783257891
97.18183746890202,97.13545139916991
97.91631653721451,97.86543055181326
96.15104229692004,95.9960132958646
97.97427165947312,97.93267743247071
103.93967935186032,103.82115362104045
95.31969960122086,95.24250509742575
98.70111868710397,98.65475052843013
99.65304453850875,99.62035667372866
100.28394507745635,100.19084797799341
92.67282991007623,92.58424589300704
98.01654216350803,97.93976938178186
91.5614188434638,90.85090902344999
102.61234187377319,102.53970279317588
99.2593869551226,99.22049007932571
87.29523274073038,86.94770124748372
92.27632119753042,92.19052689666113
93.53878328706938,93.47696600164889
99.51363576489334,99.4504945549738
93.02474179675322,92.96963404850536
96.65804836580959,96.59417115014817
98.96462418986044,98.77431637176905
103.38379432779712,103.32150762567454
94.03521000116808,93.87634946118456
100.06468970646029,100.02068889012885
93.97747236938852,93.72495940837223
93.1023690101955,92.66864539907259
94.90993465532758,94.76755576891313
100.69532677118909,100.53496970454597
95.18242502456508,95.03657753907815
103.06197191717145,103.03772385918552
99.15992053496633,99.13837526076713
92.04302599214249,91.89873845533505
96.95551671732623,96.86246573189983
91.33366186948179,91.07508466114585
102.19089944304936,102.11008866619343
106.64196564651697,106.30127161073158
95.40482581478267,95.36296872753968
95.58209283931593,95.53795322486957
97.25650183461258,97.19981904671336
92.69209964064378,92.5936109435057
94.729674593124,94.68207105679552
97.52843139209213,97.44693288375845
98.00445847753682,97.97365793854087
96.61352702579235,96.52906478735996
91.4733550356926,91.38983046973455
99.01236415772044,98.88151417279697
94.20015606984269,94.15459070149312
96.0626764398944,95.94172732057906
98.72781889038166,98.68707373884413
100.4959297037306,100.46384956559581
95.15302030224099,95.04902160247622
104.32502717892794,104.2270450624573
92.18835837866463,92.0037204501114
96.26109421511515,96.17634243558382
94.69495699483431,94.54168390317398
92.74513609337151,92.61269104327904
98.06209984814257,97.99277424823637
100.35924958741685,100.31963857343723
92.27912817822454,92.11054136922083
97.50295522553317,97.44674829290621
90.52563111748897,90.28539472364017
99.60899879431153,99.5369398296053
92.64504560421626,92.52914404765656
89.9851490422009,89.68428073069691
93.92486756343052,93.79348837201026
98.36630308909118,98.28264145788324
93.29194163498062,93.17312677739915
92.11517545388713,91.8513863010612
96.08331728074796,95.97015625952046
98.04252306423561,98.01576592508547
100.0906887647208,100.01600001430431
95.95865606114616,95.90657633524317
98.78480564464216,98.74676278334942
95.44432566430979,95.38826082764353
100.70623652220299,100.65634556973819
101.8840358182654,101.82710289106272
100.2156803587986,100.13888564142543
97.76242714129629,97.17239069745624
92.5506362866415,92.43778831680835
93.78371164086748,93.62576116353617
94.09309360367017,94.01440693696006
92.19256275348289,91.69347666785303
104.82615222573348,104.79015314648433
90.76298480095497,90.60863558860426
101.83381692437803,101.77973701212115
97.17584044759813,97.11622715300493
109.94489464093823,109.66822388955595
95.18483671842601,95.07793813540925
95.77827728769945,95.72643701443229
94.95780684250369,94.89568908790874
99.15038046474187,98.94827537386806
95.08357823629031,94.86523020688074
88.24682744928774,87.95255737149402
98.70442267535775,98.66718651885165
94.97508481313326,94.8076464359108
93.20258015780304,93.04381839299612
95.71653116092608,95.66441146906647
94.10344138907618,94.0405321858972
99.69399007274407,99.67536317137048
90.26295231882698,89.98931199968592
97.46847810629399,97.44593897331836
97.35582889190573,97.29765308592792
101.06417986321023,101.00391835596577
91.26074307175894,91.0278987918761
96.18169192634973,96.04357645499881
102.88022636586402,102.78370362762932
98.83970953303294,98.66498768041731
103.43227238923112,103.37182873061347
93.87009843523765,93.78580450710321
95.53093668287259,95.49278824405836
104.53028163468521,104.41064441445214
99.95970523279973,99.61917310836745
101.79211081995282,101.7658228922601
93.53302817131376,93.3619391665024
94.17698374091422,94.12036254272513
98.05404185211032,97.90670790650452
97.9374085962055,97.91485881108079
96.91491380591462,96.85269036253648
98.5578016876606,98.51799791552713
94.9686975338611,94.61562686233154
99.02898524004597,98.96937473250273
99.57192613779638,99.54728309680361
88.50151785630987,87.87345691621728
95.4186498542792,95.38325886855051
104.53928772112543,104.48361507080864
96.61190910056946,96.5051128016074
98.17455315945344,98.06652841715031
92.9389428197951,92.80530152238039
97.29932561164144,97.1867127255554
102.03154865248584,102.00003951145855
93.4994273430887,93.30929789078336
97.63729592781199,97.53099498655152
96.2765124215464,96.23974124054776
96.46874384831011,96.40023357239164
97.41342313564245,97.38368341359701
95.08306336588493,95.04431524215812
95.84131340716283,95.77741192145034
97.02231558627517,96.72888368061014
95.22360075990791,95.1087376885896
98.56758731961742,98.49575524766296
95.4219655949653,95.37943091082641
88.22183910452134,87.34946803886747
96.13123678736916,96.06215893756384
96.56263444720489,96.53597725483112
90.94114439202338,90.50872638683107
99.33393404778789,99.25845490677749
95.15919055258225,94.97838301983394
98.35886151259042,98.20468037068589
99.4719919571755,99.43425244119
84.9053831541425,84.21546057345688
97.59027336551303,97.45287639854024
93.64394916009364,93.39805888156903
98.62486603304114,98.5748467657442
97.49791729976117,97.37033551556036
99.52050987386554,99.4512364670569
96.78837373936578,96.72616851194594
103.5123288490686,103.38882553491628
92.64502049107804,92.23095324779703
95.27971618991025,95.20442091458182
90.7819496993993,90.638562709318
91.08936046739076,90.97280674525803
96.47340333674614,96.25782505895704
102.72569048813503,102.40466079073482
95.35361640591309,95.29945512772133
97.3597108112571,97.28390238215039
95.4130645039629,95.34418804676257
94.30521974389069,93.96248724835611
97.3405947441913,97.27102512315906
89.75840016408858,89.55036120428949
100.0380784034041,99.9817165631143
108.25226166961909,108.10899486837425
94.3946754402096,94.18404555255583
97.81619444860077,97.72821566226268
103.83193987613635,103.79247923271815
102.9426079594071,102.90853486563242
93.69407834306813,93.5876654220534
106.87242395441868,106.74459821505636
102.02399243627738,101.91991622949584
94.50228833656617,94.10188930427441
91.0661890057899,90.83826931714428
92.3495343710115,92.09879546277614
87.46419303087114,87.1067421361251
95.40882202444955,95.30315578877578
93.87772371747442,93.68880915954765
94.09889540450344,93.7891595953297
105.47383759286313,105.42932529657564
96.574140677192,96.51417990766508
90.48967238431045,90.31893811945687
105.85069505423728,105.70199188637567
92.91796275342746,92.86921043931513
93.66758002396156,93.603878210203
97.19432663007116,97.15157215614218
104.05153856731663,104.00938101739526
105.05531772013919,104.90943255191493
94.74375315642855,94.69378007295661
99.46356552951049,99.36498033147649
95.96104088736296,95.54483266805491
107.90740321661161,107.80434320903679
90.585683148426,90.13945270323015
100.24110754166381,100.1152677977878
101.74031445019668,101.55976132382611
99.61762391092847,99.59812076633368
99.38416041112814,99.23552099281672
98.27402739624786,98.05419392888729
98.19702094163104,97.88563930429862
104.18598895549589,103.94037801197297
102.28804240135203,102.17653921965751
100.6699578543271,100.61923410423039
96.95745327072176,96.8811998200079
98.1730097492396,98.13459525152123
103.7401286490701,103.67501045326598
97.56231402927641,97.42911014329978
91.8554129792989,91.70318898663527
94.59967440599652,94.54600695268802
88.74868049752797,88.52232495214366
99.64110259073928,99.56638700386965
101.53359768726764,101.46216142411248
105.15461101239734,105.09760306761184
100.56433646693594,100.49787770499854
92.96002467107684,92.6901930102094
96.34647552455709,96.1347775865009
98.19551975309052,98.12224416686959
90.67816399264497,90.30460491934717
100.10415828696367,100.07395450166291
102.71796767157731,102.62115709359736
101.85227486393788,101.76551764341038
98.62381503488918,98.28389154422669
101.72511283998705,101.62740089421291
94.9954656524023,94.89116614060933
105.32232408073301,105.13152485715027
101.2614171582407,101.18083681502642
94.4589401951481,94.1984456212071
94.87862864213946,94.62882610201451
95.56155293487733,95.21380682450597
97.34672626987543,97.29710287266997
90.541952300739,89.95796689602886
97.34211246026337,97.01742572624187
99.79063606954577,99.73728059025566
97.1031159482626,97.08488611191932
102.47720847772021,102.4451900239239
97.37823331982783,97.2861207711525
103.90306081500825,103.75038836708325
93.66939018977705,93.37430184679855
88.22434833822241,88.01414181742052
94.23022757180246,94.14431977896673
94.5011000333297,94.35592151838927
96.92102367178848,96.88303087136828
102.95897503961882,102.92042843814734
106.86087811852725,106.8022571377192
96.74870751931829,96.61552870929367
97.24056097130929,97.18304827276512
95.88186740038788,95.6375544207537
102.5245823143202,102.4138651525895
106.42295626399458,106.2990144704147
96.6297413717088,96.56570363082531
95.00392530558233,94.94083846220558
103.59381995139212,103.5257682817785
99.28646954928863,99.162434323652
92.08427112193571,91.90730573054083
89.46307895107233,89.09277581378115
93.66481280581006,93.20833630739081
100.32802119339985,100.2997528548401
96.59337719292353,96.53884375749809
96.63643836202458,96.57817664700782
90.86789862954193,90.5670019269374
100.62678942588795,100.59203856368104
98.5043917741202,98.41836231891494
101.86767049315708,101.7407776177387
103.08891067599053,103.06980536284186
93.90388365518662,93.81579444301259
88.67004150106082,88.25905499600692
94.62152490389833,94.54186475936368
96.30019922628593,96.2257882922522
102.7648033168168,102.68450726026916
100.94313808149639,100.9046708732788
98.51371623105177,98.36288596627007
100.64179096411817,100.52592792719905
98.75609909199028,98.57344969135832
91.05980837881971,90.79176629025443
99.18108888553144,99.0193569839103
93.38066656143428,93.14969084093858
101.58284147700934,101.52237884576168
95.21444286509195,95.05979416460589
98.02717665787746,98.00521328170315
103.86969868313474,103.82774297744717
97.4120952874706,97.37664670010007
95.26544865473214,95.15906574324654
97.33532983911714,97.29652874413836
92.835483457716,92.72770493685957
96.13005388314714,96.0724260143887
92.75612122777751,92.61322594479962
95.39637977407698,95.349325870326
96.68458183263921,96.52276904006013
94.45803919827677,94.40662183494497
104.26804114871433,104.22843073849756
92.99183269016983,92.92963532274428
96.04414894411156,95.97136002493059
96.89326923400795,96.83708423066858
98.01886054381585,97.94317337532138
101.66600166526054,101.61056115319667
100.66541376898654,100.56603645693549
