P_twap,P_usd
96.32156360230105,96.28063169578749
96.50176823434518,96.4602560580052
96.57115340850544,96.53351909841727
96.41661306072538,96.3762350626528
96.64823460120793,96.61760446044067
96.33325553883158,96.28382498892485
96.55927481702528,96.52712647851888
96.69300954533608,96.65682156052662
96.36112290524761,96.32440033909131
97.0026161016241,96.9730447178048
96.67527203739773,96.63358321787868
96.87434270996248,96.8343816777393
95.77260395675563,95.72577365829521
95.9931598777105,95.9419502524586
96.1380305648163,96.09774474177371
95.64424431101233,95.57579955083253
95.8300232368999,95.77525680638882
96.36317988314069,96.32816871541334
95.44103550515013,95.38966727834239
96.17377841333342,96.12552639194814
96.36034047009689,96.31174353129279
96.12158792106037,96.07081500074844
96.92884982527953,96.89549221494946
96.47843314611768,96.42975477310614
95.93836525836505,95.89773142982357
95.81376305523537,95.7600799510371
95.89083979080455,95.8557403632605
95.63261663816333,95.58168844178995
96.0674409818869,96.0100933519411
95.96636816116407,95.91547745571309
96.54444057657915,96.50375454208567
96.76750018500005,96.72364786227791
96.57941115666895,96.53517590120052
96.08240925542397,96.03113708642331
97.05873042185497,97.01763506942427
96.13801225623074,96.09293070682757
97.5310913744525,97.51181765140652
96.71443839410085,96.6820013447921
96.93316401886275,96.89262416546234
96.250499898431,96.20993042280278
96.22453856154236,96.18300403106986
95.91455224145062,95.84465004577814
96.4010376432671,96.36478857085481
96.31708723715421,96.25547742030912
96.25038397913302,96.21220282626008
96.64875196270003,96.61722475286312
96.61348561027988,96.56613577904302
96.12613155817529,96.07290237300926
95.92292895997545,95.86689714947127
96.90179482719037,96.86680919108322
96.1884173707378,96.1320701579077
96.68469038223516,96.65303631346406
96.36761300085539,96.33802217704682
97.1563919418701,97.12266673354524
97.12481781816281,97.09454656316613
96.15400419109886,96.11661466037934
96.75637742278877,96.71814676704629
96.1147032413874,96.06213779371251
96.8682347350878,96.83292919248468
95.48770685139098,95.43145862232556
97.06759942178984,97.03822893393897
96.70575252170838,96.67528144696301
96.64686040040189,96.61099012175862
96.09859374097445,96.05043375569684
97.15893127900642,97.13226644455332
97.21560027972315,97.19877709902336
96.72070097755346,96.68756048514962
96.47729460141382,96.42433443648815
96.64521147164506,96.60474806009537
97.13950727220846,97.1123837410738
96.78312277056668,96.74653374183066
95.97259565104015,95.9123564276669
96.80533403278962,96.77088640674343
96.5803173092491,96.54132775676351
96.67214610556071,96.63327636326572
97.19094566849596,97.15948803670341
95.97372544089862,95.93132655871355
96.19035901637145,96.1455664480989
96.42264112610692,96.3680533557576
95.69206686029715,95.63016609088783
96.99523612719075,96.96087277615285
96.38351206427227,96.34574921213898
96.41631453048092,96.37762315981853
96.60612112996407,96.56795725050885
96.27610955131786,96.2199783123621
97.50185399418652,97.4715096741365
96.70348590205869,96.66425831773154
96.28809256316947,96.22435820565107
96.75566437331926,96.7186942347484
96.46577938348821,96.4289618888192
96.61969575655269,96.57103360762936
96.20990111432768,96.16781841923681
96.49402296437133,96.43897459754258
96.39020542204558,96.3324417290746
96.39311820231505,96.35575866084496
96.59501354372556,96.55017846700139
95.96069212184767,95.91849136732485
96.70807189765578,96.67868122859579
95.53089802633968,95.47505015381995
95.83773996373051,95.7751934899764
96.67989023868107,96.63870147554627
96.91747740896285,96.88509271055221
96.5849872654124,96.55603910001948
96.3632848545944,96.33215964016068
96.00642809189115,95.95994690962692
96.73346437190438,96.68621781922893
96.13222537260879,96.09258249486716
96.718670952221,96.68178007878613
96.61817448650864,96.58204851058566
95.76272438488928,95.7114168567049
96.17113220916657,96.12739963287082
95.3213056877556,95.2616428736625
95.83052715408837,95.76010120422531
96.45180385478099,96.40860338307793
97.67215158140743,97.64920185750823
96.54737801770351,96.50740859993466
96.10133124573393,96.03608306463997
96.34271122780937,96.2960714445296
96.18446323052044,96.14679543634605
97.34938160067888,97.32211097084566
95.76411704480584,95.71299894426348
96.88146646571968,96.849712437204
95.94764998971512,95.90151714284782
97.39234337026286,97.36424559201159
96.193999346738,96.13994292342439
97.43125737651269,97.40648510011562
95.91927050645769,95.86856487591334
96.3098595860682,96.2655843400501
96.25287300543005,96.19316318101342
97.30856435447673,97.28471089760956
96.7765684860611,96.73756452478396
96.26548707987408,96.22511984284665
95.88422826253776,95.82665699040354
96.28583418168972,96.23383154680285
96.46687503677805,96.42705448449823
97.04141821435367,97.01078290483568
96.92344779602479,96.89129902436107
96.38501551887055,96.35056888109519
96.92553058823671,96.88127241641305
96.53672006439184,96.50712932207159
97.63747137057278,97.61711646774256
97.02743678382376,96.99842688495242
95.28866595376294,95.2138946826861
95.91113939855853,95.86441010302171
96.65925950387992,96.61176995689138
95.69883154094488,95.63881628914669
96.14228941928286,96.09683965971925
97.3037308985082,97.27874294301128
96.69059919433819,96.65365137855818
97.4636492598562,97.43004432702092
97.36276927315873,97.33245483516419
96.67569378591419,96.63516884920124
97.1042890348942,97.06698766126176
96.88859989346057,96.85743270357261
97.33644148774047,97.31445145733784
96.01583981427382,95.96963912358606
96.26063367919083,96.20439017841878
96.15589223747784,96.09693316294943
96.91431358525702,96.87813183426364
96.42687009320917,96.38966801847224
96.63544313137054,96.59929496353402
95.6183468442632,95.55762457565899
97.0479196656414,97.01662209523455
96.36643365099286,96.31656130398461
95.24521791968164,95.17394424141872
96.06880376564432,96.0158957164137
97.36165671383358,97.33788438825403
95.79535584860051,95.74936156371031
96.63011358129361,96.59226455051727
96.46996013710921,96.42194089443797
96.30880929066473,96.2712078301533
95.80194246697697,95.7413013720051
96.43444643407513,96.3856874326884
96.6142172142827,96.56732625330315
96.62240961221782,96.58417196207762
95.71435344944639,95.65711517331394
96.29920544330066,96.23841980332261
96.81993847298023,96.79001853697257
96.1566495348986,96.10668557464938
96.66029760829973,96.63028180269025
96.57945931239443,96.53398843831503
96.26071108215974,96.21956005786984
95.96211124792327,95.90607834020317
96.83248102115881,96.7904965444027
96.76482872267188,96.7303684616564
96.22535947944361,96.18784837379138
96.32721445629117,96.2798582849515
97.41099436695977,97.38914592694583
96.98632301845036,96.95300214397467
96.24630061840595,96.20621812138572
96.85907960255496,96.82954630107207
96.88899369743687,96.86369052430264
96.2117140765564,96.17021757954795
95.57827893124555,95.50773415874409
96.42602362279908,96.39082964962134
96.28427952513317,96.24466562116437
96.12259670374368,96.07257639835686
95.62964763343324,95.56806848166387
96.31001890390094,96.26614203056022
95.87151348319193,95.81975496412217
95.93783200888915,95.89171667177844
96.34717903539963,96.30528806050654
96.18947323423927,96.14243629693063
96.05894964990681,96.01113283798095
95.64009345001587,95.58764364716316
95.58162377208313,95.52295855066122
96.88759885187308,96.84739805633681
95.78397329647325,95.7502862370171
95.8189114747176,95.770877974495
97.06553525668147,97.0293253206949
97.15483315995385,97.11817220518188
96.79781455654417,96.75616998582728
95.8806573764803,95.84054358900244
96.20441921223535,96.15777530467032
96.54519724185567,96.49826671065652
96.8783164615164,96.84461802226153
95.97687793184612,95.92546808290798
95.74316131072018,95.68953488287177
96.80724568072227,96.77304496711989
96.23291786853468,96.18495744246418
97.17102255229045,97.1321214322689
97.2272021450068,97.20828856070892
95.97854989939073,95.93184779869914
96.58588698910769,96.54882768277156
96.54780573636442,96.5030203179503
96.46232644711496,96.42700200370759
95.76245329983132,95.70938074707692
96.47382968299722,96.42740725581372
96.70526641539716,96.66092947268315
95.15789961121034,95.088439332914
96.92957204331746,96.8893806385527
96.91971213192436,96.88810879309257
97.1025244965698,97.08057489956623
97.0111125527073,96.9735354323943
96.65072357561665,96.623067893147
97.02944256570404,96.99283066251317
96.81172301472284,96.76761607349448
96.78037039619925,96.74824516070068
97.56522232972678,97.54372777167625
96.30646933865437,96.25777594978761
96.49925177062464,96.4638406851543
95.46472261835302,95.40911987056226
96.53061577988261,96.4914500968737
97.11353540488625,97.07220786933529
96.85884864181486,96.82693493721492
96.47458086602227,96.43456642840843
96.67990112348045,96.63961118749333
96.48400661334375,96.43416872172594
96.41731749820521,96.37433722028085
96.45039168320287,96.38721983387417
95.55660269898245,95.49840404873211
96.66270381059047,96.62398430897719
96.53940191466792,96.50139540902255
97.55604087023316,97.53350682981741
96.32857634349214,96.28709212902747
96.28659327568259,96.24530031110929
96.91262152138705,96.8801358083526
96.29590509774297,96.2556121725319
97.85341431436945,97.83401641366046
96.2310665770504,96.19268223820505
96.40930440461985,96.37080572671164
96.27224108324162,96.2212078690248
96.01837381327454,95.97134524745856
96.67253401567842,96.64065699349358
97.60587226635272,97.58257810104931
96.49375716996077,96.45874530812557
96.65413795811777,96.61545138613187
96.77530902382313,96.74305739700822
96.6769972244339,96.63759726433928
96.10299513907162,96.06274368194777
96.76070337367732,96.72826786252185
96.05055236047546,95.98555146769053
96.671817375454,96.63040848309586
96.49917006893124,96.45583233671678
96.97100699420787,96.94145342968241
95.90695721900036,95.85928367816679
96.04547570966908,96.00516291694424
97.39838179518378,97.37044655837073
96.12155706683188,96.06998662493672
96.38145181978433,96.33795023653681
96.55306359179828,96.51751240682425
97.32533017812102,97.29960276052937
96.63731934029784,96.6001533222571
96.6263099060074,96.58964786154652
96.98701878003088,96.9491478031124
96.15023097003639,96.10334915493289
96.46573841099585,96.42731771537375
97.39798020160475,97.37489567426432
97.15899494197706,97.13570233010078
97.01806698375434,96.97771322345285
96.81656698054587,96.77553260865376
96.47763516575904,96.43250211467605
97.59126290879287,97.56645916606357
96.11193054575648,96.05581254755766
96.77777020220032,96.72846961262836
96.91011128450975,96.88057354246673
95.92923112881257,95.88025168810493
96.37025058673379,96.32679233253684
96.6910554833547,96.65931380511724
95.85714822376893,95.80167188205996
96.58330837003244,96.53049007860557
96.37561570068006,96.33531212455689
96.501727453583,96.4608771886055
95.5217412198203,95.46092251173836
96.20383485183507,96.15716244897901
95.95471091904567,95.89127454805013
96.32708170685034,96.28467580554516
95.91748165836894,95.87164962010638
96.10692561174268,96.05733976706118
97.06760369154739,97.03262430309232
96.53457278266275,96.49399686025988
96.56872635267295,96.52734807474913
95.95031863937213,95.88955647126181
96.3856895081484,96.34627345540598
96.37250330677331,96.33502706592496
96.1774670308001,96.12977794888752
96.6256723120627,96.59208932932303
95.82664928610723,95.77524498037484
97.02297598941394,96.98655150576751
95.78839540042874,95.73371380270005
96.64222851772597,96.59810535939701
96.88935754508597,96.85140645016637
96.48503590475462,96.44853586170181
96.91459153189305,96.88034765597074
96.47631598234226,96.43261597298488
96.39136155309824,96.34047740065729
96.15246181232148,96.09940411978155
96.69828570298714,96.65316784506727
96.8322335728036,96.78712476143116
96.64409746358517,96.59519276200591
96.23067412583423,96.19689929834531
96.08797970439389,96.04383276493478
97.03723595517697,97.01157638574941
96.22837536124513,96.17326168757293
95.73986269183504,95.68336629852777
96.61836437581873,96.58906155287545
97.78534744870298,97.75796128232503
95.80636570705043,95.75244797421247
96.87970532400195,96.84259254240962
95.52545538193297,95.45628622268987
96.42821712283921,96.37778918726676
96.76269193384151,96.72901379776586
97.04657122548859,97.00911098098781
95.99248415314415,95.9458979078776
96.71595053629905,96.67694275740048
96.66907180361875,96.63461793961557
96.65434894696656,96.61525136700716
96.39827060984513,96.3551601402403
95.86783793395306,95.82705793608227
96.62303073178936,96.57579823102814
96.3419092866178,96.3071731324654
95.60525606804343,95.55503340338397
96.11291599938833,96.05560295857299
97.31872483660048,97.28454298591556
96.39231310571469,96.35646837805704
97.11812375687066,97.09060591554014
97.43032234728547,97.39803373316846
96.77003958665144,96.73445167179149
97.01384419986654,96.99282862260056
96.37337550100797,96.33700687028093
96.70454019975034,96.65978306737826
96.52597066296988,96.47566687376695
96.48636258208076,96.45038028368542
97.32857284765264,97.29634507177926
95.59198804067472,95.52928630646026
97.09539476391974,97.06647386014234
96.81488055100709,96.7747141344066
96.97556176970858,96.94324385603854
97.01696208066092,96.98199002310419
96.63862410665953,96.6047193043116
96.64121350349997,96.59771878764637
96.55225917183218,96.50678290466584
97.12824958503786,97.09755639175341
96.29207969949492,96.24563701803751
96.19437820085903,96.1477639100614
96.3186089958342,96.27121070563464
96.55441271231706,96.50725241898267
96.33903058898936,96.29889692042062
96.22719680855027,96.182591498784
95.90179587904781,95.83638268208422
95.86054504564498,95.80981057796528
97.50071835335321,97.47459427081805
97.16532190366905,97.12195199363113
97.08993024799169,97.05925408570585
96.43816348820614,96.38980934065498
96.82489171585432,96.7885723101429
96.09392151724172,96.04675281151474
97.09770234148564,97.07693667535389
95.98862915824053,95.94172083421911
96.63854165984456,96.59050370101204
96.13424323533454,96.07209502397153
96.06679406747767,96.01729940005528
96.78489612154004,96.75185301828644
96.948313711121,96.90331349793482
97.02541157683623,96.99403887891233
96.41281927256874,96.37038995631505
96.67914395137234,96.65028834604887
96.24335879414204,96.19629647424449
96.18804170076483,96.13205855449465
96.60345086586389,96.5593169251708
96.81646632200267,96.78168067273371
96.35346893149682,96.30605668794337
96.4702794699025,96.42350556217193
96.95393697334696,96.91767924973716
96.62914411128648,96.59176551650685
96.99234631054287,96.95121888459649
96.81224709944664,96.77513995379108
95.9675027939704,95.92346866273024
97.43477548769255,97.41225228529656
96.32659908674648,96.28685155138672
96.38726919878363,96.34468934192604
96.89071011448465,96.86195713153928
96.19956663890967,96.16400745511416
96.64314024637102,96.59901626240703
95.69742233654715,95.63096434178652
97.59696189175304,97.5690359477057
96.60212157517454,96.56501225604953
95.7332999770391,95.68149274453141
96.53567564626742,96.48037063048747
95.85825979288144,95.79880376295517
96.52342255920452,96.46931639887397
96.83298280532522,96.80566701609081
96.18765148109269,96.14627961998518
96.87098593837605,96.82860848567114
96.59842408703305,96.56176872074131
96.54130301911658,96.49280387326802
96.04713222254284,95.99455575127023
96.13740022901774,96.08646338327165
95.950147801737,95.88570237027125
96.53341884587071,96.49120589214186
96.98309722718943,96.95310260744041
95.90433606371128,95.85358379968847
96.10278766518937,96.0548746234308
95.52483818754015,95.4700630340146
95.94232621702415,95.88870442391628
97.0603802780764,97.02384528417821
96.70961783034487,96.67790112572268
96.59099360386077,96.56195578327245
97.09962588090761,97.071182564073
96.76031228686577,96.73145632368053
95.92948877055092,95.87296297713856
96.85879326796105,96.82323709128319
96.07397526139168,96.02519426725897
97.26329344808863,97.23722847051927
95.75620313112586,95.69352418097758
96.13587966109804,96.09348614842786
96.30143993366613,96.25871144748295
97.01082079365993,96.97674929132224
97.0257994456615,96.99549405370463
96.42463895959536,96.37365386826063
96.58432640086349,96.54472199639902
97.05863084047394,97.02995710977295
97.21217330279454,97.18527321583038
95.89804425398351,95.8583954918293
96.07306858599306,96.01978655734679
96.8287654419036,96.7966430641902
96.86394210424226,96.82737093417252
96.63236173656179,96.5858802355793
96.31946868829607,96.27780172561629
96.484924632938,96.43606993892764
96.0451692835004,95.99494056972296
96.45202366405978,96.39900781866754
96.81204358315587,96.77075460698228
96.33845117314706,96.30049153604376
96.03323429741498,95.99212492017189
95.47599545580802,95.40654031368665
96.77643589534404,96.74299775545634
96.39915131633492,96.3672301729251
96.56505213375864,96.52756794291233
96.51080945502795,96.47128179171587
97.31490315082523,97.28429833618186
97.07113104097347,97.03543762162117
95.85718853433015,95.79740115317554
97.16342874149522,97.13213245721504
96.94376031717283,96.90616530896638
96.14418915361495,96.09514642705338
96.78755966312572,96.74275730922608
96.31489477250221,96.26695832190802
95.29773347059353,95.23576614461638
96.33392868377868,96.28592403587407
96.93277680260731,96.9061349492705
96.1065086787666,96.06266197694406
96.29791673734209,96.2499945971416
96.39388902336871,96.34942306933198
96.39309039285483,96.35706622864896
95.86266621283619,95.80274304598386
95.96622050676888,95.91079054615714
96.7116218054003,96.67190189872467
96.43544014804837,96.40042743001925
96.3557424748429,96.31003762977994
96.74253547310869,96.70611404754351
96.606532353201,96.5622181938709
96.3666860003722,96.31726574935273
96.3376159645532,96.3013486560592
95.56117552605936,95.50412986060722
96.51993176142201,96.48476482185058
96.5466008953019,96.51228735755484
97.12811165153998,97.0981430402778
96.23919958853499,96.19987319990427
96.61894786367785,96.57404026173545
96.56684981441835,96.53125835799396
96.37415022358013,96.32623633468755
96.53273183117031,96.50309487631294
95.95036456843067,95.89871654391625
95.51465051881237,95.4421760464549
96.09051626293069,96.05045909568105
96.42315637054324,96.39323920353658
97.24783189488538,97.22093917209453
96.62169353313543,96.58481112283877
96.45921722898991,96.42931295995625
96.2266330826488,96.17089831710786
95.83213901776966,95.7704402656149
96.73751535015774,96.70142800842089
97.33570511645661,97.29918397000854
96.1881337041172,96.14346235265039
96.33638812058533,96.27439237200358
96.62959827637394,96.59509997406083
95.82034652513892,95.76739786558217
97.36699191109119,97.33244215356086
97.26013555933613,97.23205877411712
96.45768637390434,96.4112671206083
96.83273611179355,96.80088364576878
96.31886180022036,96.28033786436698
97.33248083056642,97.29747085764507
97.02092207274218,96.99160736238764
96.28749606131547,96.23343849704038
95.89131950910043,95.84690616438358
96.06464562406717,96.03178678045293
96.33690174984162,96.29630800112858
96.62255247977815,96.58615172240091
95.93529342423615,95.88658062938089
96.426049877699,96.37939182032973
95.81866631769732,95.75685705530684
96.32352585921106,96.28210648102038
96.93418801009231,96.89503379141159
96.45222876460328,96.41643738059258
96.44135090643948,96.39182136107037
96.07408416552963,96.01544555781713
95.77555045163743,95.72373891863823
96.32367061077176,96.27861179030613
96.07325865798197,96.00406661856947
96.98081960141991,96.94826987248774
96.78768799814154,96.74464645565968
96.3155312035156,96.26112007749563
97.15564410896467,97.11657964911895
96.4399626275026,96.39088989800288
96.54453986455387,96.50777412603452
96.1669362823726,96.13078195761588
95.987637708843,95.94661504245484
96.51541550524352,96.47279780529712
95.82686318609413,95.78333170775855
96.65152970417292,96.61230678474203
97.2766793466126,97.25190946250663
96.20302135252963,96.16219800692463
96.59543863138599,96.55712961590643
96.85355166844307,96.81089073972512
96.76542644148796,96.73786396321564
96.69173594679425,96.6551859857526
96.2306587764094,96.1824545666435
96.42340928902541,96.38886243378883
96.39447100017925,96.34634947273057
96.40278417037501,96.34994498695032
95.83283763877742,95.78488261988309
97.13448455922904,97.10041824268626
96.85397090170875,96.8189778527263
96.07270767513681,96.0285791264631
96.41438198267765,96.35946018016028
96.61739082313989,96.5856541921082
95.70855869310702,95.65687872575536
96.46803321290477,96.4228432640192
95.96491577591637,95.92482233302631
95.97659979851753,95.93004913029893
96.68928614762754,96.65175903262026
95.96633157325135,95.90156259744845
96.7245661494223,96.6914444954265
96.49857842320354,96.46492597243277
96.6581982574505,96.62775424144161
96.41114000723151,96.36979416040617
96.14125393152905,96.10193348217443
96.90036323434163,96.87166896815845
96.74121832126953,96.69683911069717
96.8879667954274,96.85271321358402
96.72811419394377,96.70550307894777
96.60110528350084,96.56817255841868
96.74087835794234,96.70527495945717
96.51060334510984,96.47034528218077
96.54347435492919,96.50284357359783
96.34840070486688,96.30808779452147
96.60225141601651,96.55042535564009
95.97645477100338,95.91196262291025
96.82676747054529,96.78247927792704
96.56156416545656,96.5161647151174
96.81667804502662,96.78025537909794
96.31074259481676,96.26423815247271
96.55271433055317,96.51383098335837
96.89118145164981,96.85865540687767
95.66763995735319,95.61392459076481
97.25831538732774,97.23552374519318
95.70663557552687,95.6442977804373
96.87168309963201,96.83077313292716
96.52156851136537,96.48060208096744
96.6837386805399,96.6459373816847
96.35009794548385,96.30862880972946
97.18277591034096,97.14896386009613
96.25542486520978,96.20443275870284
96.90899078057397,96.86809925734096
95.97378563002084,95.9208267352949
96.84198564493396,96.81523441907875
96.55794010814725,96.50301336360008
95.70228094635824,95.63178166289697
96.73460907002003,96.69341086022585
96.20233922021974,96.15200549189971
96.95254249830832,96.93280093188585
96.1525100822807,96.10588816920414
97.65566341675745,97.63499193770262
97.18142501486976,97.14744394640512
96.46289922686292,96.41094997836852
96.96487708770218,96.92623870176266
96.8166680486979,96.77905733612816
96.89190301885344,96.86080571422838
96.57751884009011,96.54774002781257
96.6696115903434,96.625906227418
96.1794924347047,96.13602763488873
95.57132393692973,95.50977052825212
97.21355859094139,97.19312519791667
96.24908421983359,96.21324231539923
96.30211464872288,96.25935112937572
96.1561672318943,96.11425819187367
96.76443472557807,96.71958609465955
96.06549537563244,96.02629023818363
96.37434995424546,96.3130969511296
96.05231660332224,95.99976668464072
95.98253110357953,95.91847673433968
96.33005722596974,96.29282263410246
96.95350211183663,96.91818144430054
96.69681605458827,96.64598893365284
96.2105917891024,96.16211589115973
95.9382598623558,95.89489469722314
97.01662376925779,96.99087470199693
95.4869386971045,95.428118253054
96.94310865610375,96.91289945709231
96.35759312675957,96.31254652034217
96.04417163696951,95.99737694013064
96.72468492954167,96.69117323949058
96.23384440456188,96.18586461002357
95.81330088587374,95.75412919813142
96.88409523185005,96.85964841938096
95.78035461591112,95.7201438243472
96.71418787077164,96.67992187731735
96.67147440315046,96.63748183802394
96.38180768764681,96.35275556429697
95.73998772094492,95.68936149121761
96.68107603020846,96.63894275092517
96.62038303928283,96.57461958654562
96.39533944235745,96.35587789112186
97.10952546068911,97.07352183345752
96.24833840003807,96.20784636340561
96.41975749846262,96.36124396673156
96.54826446920839,96.49596093830593
96.78513216738799,96.74667777810062
96.87194250738621,96.83595819208145
97.83435617384583,97.81157130948776
96.62907557564598,96.59186989692537
96.43867710653637,96.39214228984089
96.66007327035506,96.61658727347574
95.99353659145665,95.93767310042846
95.91857033004311,95.86704164825802
96.49884454846881,96.46629500712558
97.0746378828577,97.04759714403882
96.11595697941617,96.04680163326474
95.69545397181939,95.65055583763156
95.83501661847963,95.77603498675644
95.96018959857325,95.90565950347685
97.17448869421156,97.14735602993431
96.89695166046604,96.86388620281245
96.40572171061966,96.37435224510587
96.1801062520509,96.1349446532181
96.2865601982386,96.2482397178724
96.07326176055824,96.03194485373612
96.35198246960117,96.31002639287487
95.9800502905612,95.91083831187304
96.73382876136061,96.70404661890353
97.21861406439685,97.18896430247175
96.19482717134392,96.14583038029726
95.67546277574404,95.60548842885578
97.17672290523413,97.1538351503327
96.72331001502322,96.6858857743389
95.93411007073914,95.89154109902123
96.51024930334962,96.46873492398063
96.28196631307188,96.24023333576933
96.40072229596609,96.36236322843821
96.34133210693152,96.30212972393491
96.6065284874203,96.57348493939952
96.21870405344113,96.16949876759328
96.93014942221231,96.89932596311431
96.3794040435011,96.35506968303943
96.26790122151733,96.20896473025549
95.83092740950514,95.77259011031735
96.63499637887406,96.58944839538012
96.14256482115076,96.09973869620427
97.03728533116445,97.01012796894445
95.55386509887673,95.50333776982168
96.06332261350666,96.02200926885695
96.01856727208427,95.97637193420297
96.38400120153737,96.34373659346763
96.95117460950323,96.90953047472031
96.95867681308255,96.9299118699739
96.42869114338141,96.37582482100116
96.62663648441432,96.59191317032729
95.66581412626448,95.604520426017
96.33446263576168,96.29361129585786
96.07950151565605,96.03862374452486
97.03081282821317,96.98912531674823
96.52414721457822,96.48216334061756
96.24390885784129,96.1977913872563
96.71083186326725,96.68093111653582
96.56170687129924,96.52234311665028
95.69917357638185,95.64167249145389
97.13274234180278,97.10297952733052
96.60777797105573,96.56589862877489
96.83032155295244,96.79096907112046
95.6998969072662,95.64153674790182
95.73325477145059,95.6854801476209
96.71889116214689,96.67712126587111
96.31515845081879,96.27426876078292
96.33661124450536,96.29038036613491
96.27868079732804,96.22227620008452
96.18788178729092,96.15035980563519
96.19377181558417,96.15177213333574
96.58205594333927,96.52989946275457
95.47364583373083,95.40443706412424
96.42802094468283,96.38590181201175
96.58525297679256,96.55065133756246
96.4348023282197,96.39123098484016
96.13973433241091,96.09103836739482
96.07091827507746,96.0161680261213
96.64142847511238,96.61254638445031
96.46497134341585,96.41231242682582
96.41665413600153,96.36657830001172
96.5460817777953,96.5026321047393
95.54258525512984,95.48560779126208
96.09877107240762,96.05058126699562
96.599725798671,96.56214145168832
96.9996632768818,96.95973803455867
97.05729940835907,97.02065695375776
97.7555634579601,97.7337336646917
95.30588579977886,95.2436824097209
96.22419294559873,96.17543145644605
96.72207049059789,96.68359563378692
96.74766203270201,96.71806708306777
96.74671320091,96.70665481248095
96.07058909188726,96.02616858798393
96.55170515208836,96.514028739894
96.38948142223771,96.33807145101352
97.14867022663896,97.11985301887367
97.81662875610569,97.79228243487725
97.30149532532997,97.26902939198938
95.89009104509881,95.83009216162986
96.1957788769132,96.14429046899534
96.42829055326727,96.38053955261569
96.44255875794833,96.39990165320245
95.7833282338754,95.73593718271815
96.61694171964798,96.58832777993555
97.23762570899962,97.20516875635246
96.48283309971735,96.43350776877423
96.73941511084266,96.68590192196945
96.77711333688377,96.73064656509192
95.61002345664635,95.54548100791737
97.07460025509391,97.03841914402419
96.20499615873236,96.16584660458673
95.90428515437323,95.86649421202031
97.2195802744552,97.18588134362759
96.07835533096794,96.01980529585009
96.29365877268336,96.26080194750543
97.06214369785557,97.03715972935535
96.97334642925507,96.92462520365815
96.3233301833849,96.2879880576001
95.73114016834286,95.67880731482887
96.55081194950694,96.51856314323179
96.15966741012768,96.1185607723852
96.30242767730527,96.23915386072329
96.82930852631685,96.78863399601525
95.69923585971966,95.64934253123148
97.02693352153503,96.99252177133943
96.78187179892596,96.75252935856926
96.925454235647,96.88829116272532
96.18196982343419,96.135579653646
96.57467880764032,96.53581990672704
95.91495382953761,95.85882772927849
96.0641432845043,96.02015568762349
97.44284685669516,97.41692783711319
96.26127274024275,96.19837137378785
96.4749538101723,96.4437176991638
96.79256239153521,96.7470800580603
97.32023968158133,97.30330273133693
95.85428743363381,95.79625223541836
96.75331984196868,96.71178396235469
97.11046299316875,97.08290323861434
96.88164740593709,96.8543613759906
96.5272270174363,96.4917770378701
96.30431819474268,96.2558126582229
96.0285623761006,95.97408734213197
96.42653215130449,96.38526780970732
96.05120606737108,96.00222974378866
96.66623533412147,96.61631269734957
96.24412762135702,96.1987407606266
96.47911423376989,96.435824880521
97.11566681704478,97.0936986119553
97.2780417987231,97.25344388452567
96.50975598956884,96.45411412734425
96.22979457256211,96.18532637527474
97.17499080330659,97.1466942844392
96.22555240760398,96.1849228587872
95.9598822260763,95.91211033338803
96.95362279203626,96.92492383120154
96.11316634927476,96.06158475042908
96.18546170658226,96.13152635824306
96.723459446877,96.6799530580783
96.1526418993683,96.09584848332295
96.3600432047448,96.32721069537342
96.89494758823827,96.84531639946081
95.74641499005827,95.70750841232044
96.72644008196794,96.69210275248878
96.14085566114134,96.1049415329073
95.86331925367664,95.81658412816743
96.20038556349324,96.15626250466904
96.97581263421088,96.94127740779048
97.05595354973813,97.0172067602918
96.44139742983515,96.39795509282725
96.36699568162035,96.31770898869243
97.20128617702079,97.16586646921243
96.61475126109714,96.57600304169439
96.99633705948591,96.95504823945414
96.94462853846018,96.91157598908977
96.25245335521815,96.21133307727949
97.07248699996299,97.04035640940221
97.25137203467577,97.23094979359577
95.96359347431383,95.91566165551274
96.591340048789,96.55008467752894
96.19048600858027,96.15193943047491
95.65303712387075,95.60936032630315
96.56027797158596,96.51197376571625
96.37486741690411,96.33681192146508
98.07479430417423,98.04986927144115
97.44585095788429,97.41925945987774
96.96536633946467,96.92705192733072
95.77017316194875,95.73045606149732
96.39857945525182,96.35090077730452
95.75503674050347,95.69984044791067
96.68893210926274,96.64845740912399
97.07235090386268,97.04443652789433
96.0374648930799,95.98878175298212
96.4241955872963,96.39042999488113
97.77570959924296,97.76186021247767
95.99120183173773,95.93618526619215
96.72849376780985,96.68510419594547
95.69500905375153,95.65258601230262
96.86862086617417,96.82541097127566
96.47170551066566,96.43148664269695
96.56771299227465,96.53049893105596
97.58408989636753,97.55871694963105
96.79366878797666,96.74669590276724
96.26114375295927,96.23242422654559
96.59724540901317,96.5640387426973
98.00618863613177,97.98884607879961
96.31017366981665,96.27048015173723
96.08584242207762,96.04749920169965
96.96109140330431,96.91671377654261
96.88762027505729,96.85184569290413
96.70487434581251,96.66759929787445
97.224782827806,97.1995422048528
96.22741287508705,96.1818859825711
95.68520103772609,95.6282790363405
96.50642353822937,96.46007249904304
96.81794949368978,96.78225518058188
96.34710863968641,96.30510945344733
95.85598499596479,95.80107740927687
95.96070318997155,95.90915085400141
95.57149322641504,95.50972269849005
96.07063230978669,96.01882754592255
96.2399420730088,96.1869746528724
96.67044516942335,96.63752026119614
96.6537112219865,96.62343569187927
96.0859388418436,96.02663794523114
96.86943275454358,96.84304465065483
96.22302535700328,96.17655935592431
97.09130228339396,97.06900601086933
97.25239154943739,97.22920378481767
96.99926793639366,96.95812754425606
96.48473152991996,96.43918514380833
96.72055927645661,96.68181251968787
96.08884607288735,96.03701737738767
96.44396604683496,96.4096924344488
96.24676997098925,96.20831319324235
96.09338846030104,96.03612771234596
96.24402540868792,96.19761694551786
95.92244853363303,95.88007210819623
96.24837033130561,96.20642031633497
96.56767844187677,96.53001034566147
96.09167199789718,96.05012673174315
96.38155202391461,96.33636405241818
96.57949675523192,96.5494835958121
96.58628405325068,96.54597589959629
96.40177709894802,96.3487875273166
96.61741935421165,96.58563396688423
96.68934423638069,96.65799399251132
96.95896094627254,96.90735558023246
96.61312052642712,96.57029241934514
97.03217775994455,96.99816998015113
96.54005563983237,96.49533116279414
96.06003596542074,96.01321847476602
96.63825594168733,96.58563233002164
97.1346532452997,97.10432998373054
96.86570062387658,96.83140915696669
96.34841195368485,96.30990524234983
96.3055592141646,96.27215154525904
95.63304846508039,95.57547272962088
97.18707192342194,97.1616146620635
95.98191657055517,95.9175108691229
96.88426699456397,96.83954188328983
96.43150039277245,96.40299545511479
96.22642316219786,96.17490185829702
96.63645047391056,96.5973984650756
97.0861644461823,97.05196370755594
96.60086245005135,96.54688764673483
96.69120709558456,96.64970058762991
96.30911362140206,96.26957364183883
96.53200827684941,96.49092776723516
96.80264806159293,96.7646766233801
96.8493795069742,96.80896585071488
96.77484635993603,96.73505474218018
96.89675849167388,96.86615826525843
96.63488425753808,96.5967824818233
95.88541881745432,95.83222170970495
96.62086811598391,96.58191463102875
96.27851689398105,96.2309915271107
96.37794412421758,96.33597870163845
96.17549473907587,96.13586412287246
96.8157607833013,96.77908653310713
98.0372629083155,98.02140278362296
96.30409359873211,96.2541892691177
97.39541483627892,97.36705937601812
96.4677556894786,96.42081171522621
95.59575822163717,95.53191892727607
95.99043656479235,95.92694085669862
97.19148070953841,97.16879296865596
96.7833795441118,96.73321902425948
96.20752413254777,96.16285920085282
96.41531628228785,96.37572767724151
96.28066764132092,96.23182780946067
96.02509593584612,95.9784484661846
96.83597398736597,96.7911294856869
96.20158142620897,96.15872673958886
96.27253295622997,96.23271556581273
96.76804760225052,96.73290396215197
97.18311123207204,97.16016097176559
96.33547028658444,96.29589208151322
95.36672867656137,95.30908268749684
96.5066225125994,96.46888239432987
96.28599194920761,96.24544548495729
96.31583384833192,96.27468867985412
96.64187107712418,96.6162605467712
95.81267042524563,95.76150133228751
96.92336059170148,96.88345866960462
97.25628666354622,97.23000175998881
96.32211847688512,96.27813404075985
96.73659738229597,96.69741843382411
96.54576425840469,96.50408678559403
96.76038676676075,96.72156163999439
97.65310197154332,97.64027208652563
96.73743773274134,96.70809190903755
96.62602340316873,96.58272690381446
96.12738184644039,96.08466061519468
96.5183977932623,96.48385807632523
96.4316276260835,96.3908697700196
96.4574786066964,96.41912023502469
96.66217803881753,96.61318912581562
96.85009253993042,96.81791589278895
96.67370201536042,96.62675070083776
96.64546584941385,96.6015202533683
96.73599242903961,96.69871147695183
95.03012179341303,94.9378881805955
96.24907019208266,96.19866502276892
97.02137480509185,96.98397737235221
96.68479929984679,96.64368825850093
96.54300883005156,96.50857269621169
96.56239456922548,96.53072678968108
96.86146640336614,96.82893814396955
96.60156991326161,96.55503825644324
95.72966434111231,95.66416649373825
96.15384663089252,96.11121549935895
96.30326542588813,96.2562426302737
96.53944241252492,96.50379140026838
95.81144371649675,95.76820902730687
95.97461432761342,95.92324452412419
96.04221880998564,95.99692529700235
95.9637266429603,95.89839015912578
96.66700078718445,96.6261262831623
96.12721595415842,96.0763867640603
96.47098428462049,96.42858828393015
96.28414441825515,96.24002075102476
96.07715010555377,96.04391810185147
96.69558393691597,96.65824518197059
97.3478186472726,97.3291489524477
95.81986965413859,95.76119375976171
96.1010158863882,96.0442881367762
96.20525174090224,96.16181319536778
96.7637858402367,96.73311320333244
96.65606294777918,96.61034338223939
95.75480746088886,95.7059615929153
96.53749062307199,96.49295204018473
96.30978462936109,96.26303383599465
96.6130100104452,96.58516075506611
96.04623211022023,96.00676989719355
96.39744950494905,96.34897662213605
96.34358914996605,96.30554672931432
96.03602158414634,95.99355647762499
95.68479848535115,95.63379429790665
96.7982499120184,96.7491822938209
95.90450388070957,95.86297974673428
96.69116311330073,96.6550008858223
96.72193305524702,96.69463088953378
96.45526534931669,96.40855252056645
95.86251760932035,95.80603049796208
96.42385904322335,96.37347417146803
96.43252970377114,96.38886029232808
96.5974324883451,96.54569273255768
96.81904078985521,96.78869853530195
96.61682924843413,96.57672771485502
96.7270965043012,96.6912808448372
96.81718811450257,96.77656136826569
96.43846333548271,96.39061155193521
97.27162722394029,97.24821824742845
97.28624921517648,97.25930201224854
96.84075604292325,96.8073266222904
96.78447574352771,96.7340719680681
96.54674365495949,96.50289960362599
96.47676072487484,96.42478654451324
96.30582460966674,96.26298638313719
96.2619710015219,96.21817652603582
96.52784316939406,96.48744027386822
95.77882234033392,95.72039764608469
95.63403175734972,95.58283712300376
96.27072941137982,96.22963390764001
96.81419290661219,96.78201494557183
96.97301470778149,96.93028526343986
96.82996597474437,96.79293417091044
96.10487112649699,96.05491606812436
96.34585553993922,96.30118993375413
96.49494733567168,96.4608902687474
96.77335518031329,96.73150997826141
96.16794154360014,96.12376104383408
96.38207680541272,96.34363060571029
96.26621626974084,96.229018790322
96.88422988683155,96.85070076648326
95.66505979193268,95.61189537599893
96.19505145361678,96.14363547722522
95.64782071054813,95.6026574568997
96.59960788544302,96.55266267775487
97.27144757128661,97.24257777695428
96.93073454567175,96.89933421559309
96.13692682948013,96.0934928710565
96.76817700101857,96.73793805989602
96.25384416494316,96.21314766388674
96.7717561293335,96.72865134907026
96.23089380329321,96.18443845191685
96.6686020840126,96.62200795137137
95.9074747139561,95.85859802233027
96.25953123667242,96.21820551619176
97.18014786678714,97.14152709913314
95.87492867583536,95.83131355254511
96.48572051318096,96.45006513662811
96.55025213659621,96.51160311064183
96.8331126458994,96.8028502186096
95.933470287209,95.89030907377641
96.08122861229025,96.02153300543402
96.11849249447803,96.05966607593035
95.71209188459181,95.65401860501663
96.5202328889731,96.47876198376437
96.79011138556478,96.76131274141632
96.51852562056469,96.46614703266775
96.460913648485,96.43016550501089
96.45235273839515,96.41877918744011
96.18865234816434,96.13359226391262
96.33652554921686,96.29306289251488
97.02967681334756,96.99269380504559
96.78433003910033,96.75558627698673
96.72019950745131,96.68889079839141
96.64954032887427,96.61483615787412
95.84669303036033,95.79636965207517
96.2630944775688,96.21974732498398
95.7939701332404,95.73951206159491
95.85867310563572,95.79788842177746
96.47552302778905,96.43231868959971
96.5011364396335,96.4594203918101
97.2711919410973,97.22800707741814
95.87285466212845,95.81335139306049
96.93456004363263,96.89668989977332
97.39233226300382,97.37300056370302
97.34862469481224,97.31930040704762
96.76380885098602,96.72905653800522
96.4053892861907,96.3617371748475
96.02536422757633,95.97476862057145
96.97372038657893,96.94952324429643
96.54247327475825,96.49824216621676
96.49658324232749,96.4493662042609
96.64356232768336,96.60419738944097
96.39517345211691,96.35865523521178
96.4662299539784,96.42552337105214
96.27372546605176,96.20635370921546
96.63868908905935,96.60030444086148
97.00800207169561,96.98122272109156
96.70976824894815,96.6734223491399
96.76870848739432,96.72569591065377
95.84641847427105,95.79905107473097
95.89190989206972,95.82976590549168
95.45588289419908,95.39570533059772
96.20354715824124,96.15874391790224
96.7871294433696,96.74443943937956
96.55153724963964,96.50781492865309
96.47720036594194,96.45069270045177
96.08745606493585,96.04340765394133
96.3666359702525,96.3202125726535
95.65779052323788,95.59907214872918
96.6870035217189,96.65405917068247
96.2399965446024,96.20135037611294
96.94133636206719,96.91731117608091
96.56927457171435,96.53723019023036
95.30734944444012,95.24468923127138
97.02332049577635,96.98935151336154
96.51908134719885,96.48092844585797
95.59351338523729,95.53787771023929
96.96292061115467,96.92152333207437
96.01002344382921,95.94673880576016
96.79957617253312,96.76550120140224
96.57767627864047,96.5296537194354
96.36031145372615,96.31496255405943
96.98227281865417,96.93395947512049
96.52782581336346,96.496220986932
96.92780043841827,96.89488608898618
96.37518715344112,96.3310996484114
96.54907482741217,96.49950664283101
96.53121369812392,96.49254033537646
95.33583350002529,95.26605597115321
95.94087319705628,95.89466324496097
96.54907297025082,96.50773432531368
96.59025213142189,96.55079860731036
97.18405064907839,97.15118724437329
96.35295780588835,96.31522590696187
97.48867711777922,97.46213544833317
96.28880868850399,96.24689107795865
95.6780476499215,95.62560628246092
95.52759472182014,95.4620827372576
95.6049557149991,95.54810179292348
96.92002383569493,96.88937814345168
95.37449034164847,95.30779359546483
96.55002467942002,96.50388025768767
96.70905171936106,96.6692076352127
96.13933548754916,96.09184941486251
96.33344252560428,96.29213894839471
95.97626333934267,95.93470071228218
96.18987459156291,96.15076852391941
96.58649317242893,96.55173767569929
96.65403107635485,96.62120232940191
96.91518359062026,96.8802563775917
96.86727699471773,96.83584626747502
96.68704747387854,96.65478491163509
96.7287018264496,96.6885582499601
96.52110207136799,96.47544681482708
96.43636813518458,96.39484173024725
97.4649063301935,97.44075183470513
96.45396993646256,96.41718359602861
96.9542953642823,96.91769891936953
96.16486744540278,96.12077300756228
97.35737132792767,97.3308224306619
96.25830454880101,96.23058373507033
96.53290308895538,96.50060795875181
96.83209675497982,96.78794315577896
96.53196280132153,96.48654509458181
96.6024824119349,96.5594737240258
96.62145525119092,96.58698921215053
97.01651376717803,96.99379957335859
96.52123662007688,96.48922427805479
97.20574584769942,97.18275628880332
96.60106831520338,96.56525039998554
96.27736698342383,96.23191017726401
96.91682107303085,96.88540845883804
96.33110977078896,96.29154252577752
96.82648305355225,96.78583338422456
97.38023294532495,97.3420988225126
95.78032907179775,95.7308286542317
96.59164891080236,96.5439632997398
96.36842657334014,96.31468959840863
96.42203172112842,96.37479424504919
96.34821366609995,96.30387338939408
96.3341880066493,96.29238041280911
96.61725434492293,96.56993542534188
95.4566272979811,95.40432122682223
97.54520099550469,97.52279826679889
96.53985313191697,96.49990754278781
96.82680933208759,96.7838118315181
96.67307280224136,96.63306636600993
96.5138114825142,96.47847022800877
97.18875322289931,97.15453054216293
96.43525306579258,96.39698605382554
96.58447277807596,96.5527051515229
96.66327933996206,96.62653411740799
96.31242980780527,96.26860422282252
96.69855616163868,96.66113088934549
96.6382078638615,96.59450802397632
96.35569778705523,96.3051941197014
96.56935770962752,96.51809998410262
96.58062779789418,96.54726109691394
97.19802498458975,97.17264098885697
96.64812116983609,96.60855388085855
96.3107796852587,96.26516351739042
95.97485836001277,95.92312905806821
96.62800501810403,96.58123906907468
95.83236111594944,95.77338251747935
95.89250066442708,95.83920828433372
95.97891257154453,95.93383727408758
97.3615934762708,97.33163832273229
96.1789523810406,96.13210771920437
96.42638737610892,96.37653246686514
96.99320598658129,96.96110754831545
97.2404321787084,97.21445581280334
96.48554852973521,96.44330180515597
95.70811283024138,95.6423796424626
95.99970400565718,95.9514612650139
95.10157222220761,95.0360678935254
96.47649971771432,96.42525171416719
96.9753427491692,96.93946336983267
96.95699408274083,96.92379499380728
96.80744458834158,96.77766403489166
96.26514482914835,96.22433595279401
96.78676287713638,96.7575916329954
96.53662659965,96.4906046277096
96.59519934620184,96.56148230887422
97.08630212892876,97.06078874757871
96.40285840897674,96.36243662457098
96.8782473658539,96.8390248455139
96.77884446733204,96.74471893552878
96.64286422184536,96.59965177580855
95.94390662962604,95.89578783886921
97.32944214044767,97.30410509351914
96.57590073977155,96.55103288371846
96.90064201129287,96.86563580980635
97.33964566083304,97.31587422021414
95.83733339252402,95.7842928254246
97.06822474670149,97.03520978987143
96.69851807030273,96.65948036485054
96.84551855527066,96.8101471759589
96.82963394108823,96.78597729252718
96.7243914656501,96.6752422292141
95.59150260077037,95.51873615517697
97.13886499738457,97.10711216302319
95.90125733719572,95.84929432293401
96.25510881493393,96.21038319863563
96.51345755669841,96.46220094039397
96.11391759330641,96.05677109325757
96.96033372490938,96.91588177639734
96.41764490873125,96.38352751533951
96.64630933499986,96.60758649435732
95.7477154004519,95.69831412196653
95.98479269093814,95.94026519806405
96.27405281767237,96.23053699148734
96.17655798024737,96.11839031763319
96.18114267331711,96.13333949874121
96.31815942936562,96.26869089461461
96.77829000531756,96.74098432870994
95.60364248980952,95.54692125577266
96.8882772185648,96.85485042583531
96.47008648883485,96.43570132617427
95.74899466668745,95.69923886299924
97.12719843852244,97.08908183804012
95.6209044431118,95.55332306353515
96.52537970283124,96.4827662451783
96.73263597352152,96.69878382786095
96.20804512376849,96.1656610132147
96.80803803356527,96.7676950280784
96.64395830285312,96.61123966366229
97.3268750208165,97.30096348666603
96.45769601921691,96.42569306824757
96.12136344544786,96.07468443082497
96.20699399372253,96.1530493017406
96.66846204585612,96.63605179837336
96.77967982082005,96.74210741386176
96.52257232802798,96.48518178909107
95.52283551399394,95.47436534722982
96.59223480442166,96.55263181448295
96.58396854316803,96.54702295733884
96.36795962115936,96.31774356526958
97.27910262755839,97.24656094638266
96.44906927519892,96.40779704127571
96.62015028999231,96.58325074132085
96.31465756058539,96.26513286889991
96.50095152295165,96.45250356978744
97.0712238069361,97.02535343135887
97.17120102275607,97.13968060931676
97.26227629368726,97.23159551316301
96.24517944992357,96.1963909852328
96.81300517903576,96.75319858913947
96.32844267157411,96.28750515667258
96.65862515990773,96.61733164126335
97.03907044098341,97.01069717432871
96.80228469963315,96.77013396713538
96.47863682690522,96.44863146701292
95.99167006709251,95.9371228157603
96.39018796995101,96.33849753565974
96.66236556286361,96.6161962647112
96.36942221383404,96.31424698949297
96.767676560238,96.73787811140197
96.06285925069778,96.01593679196753
97.26651848247322,97.23970642535836
96.83480834249785,96.80934071561386
95.17913682929198,95.11588037745324
95.7351576432808,95.68397798450665
95.42677519314161,95.34995606015302
96.76789747864103,96.73134196209725
96.2501588949984,96.21175388690548
96.3858100824153,96.35348874910136
95.84867606333391,95.80110448528615
96.24472988456924,96.20671686084779
97.3142453299688,97.2793947670636
96.50045049393216,96.47271086904024
95.99689248926056,95.950721049539
95.95505978918808,95.90263583573696
96.42699989840736,96.39326478460757
95.9546547133887,95.91082630565003
96.34456309603962,96.30581115421732
96.68489473143146,96.64734321951836
97.1422446616581,97.12157092880133
97.28931353328049,97.24106136031635
97.02228499665829,96.99183044169953
96.47252703634405,96.43475320314326
96.61305961313118,96.57819377319049
96.21719288298091,96.17128705380496
96.52625623193273,96.48594411314097
96.41671448870932,96.36943205148002
96.55301926710463,96.51580083307132
96.95435187208722,96.92457805306735
96.73500529841705,96.68735443456208
96.14792307543868,96.09300853777802
97.26730739392919,97.23369736463052
96.45180453651703,96.42088520063857
96.63935705056635,96.60174878805078
96.49708598435136,96.45484346469183
96.79921138337195,96.76123724742493
96.6626642060998,96.62441753690071
96.81109187027725,96.77394806874382
95.37864277172514,95.31986960066959
97.86028187200858,97.84299926188743
96.01483273452575,95.95900409693674
97.03366875690786,96.99991217988075
96.42495050597746,96.38286456959132
96.10892933922428,96.07341746862106
96.19570742804952,96.16072009490969
96.8118905031313,96.7704196663823
96.31303227107036,96.26815590350868
96.70957118888005,96.67701809183156
96.56945879344752,96.53259248537177
96.37829677089888,96.33346472193732
96.32774260075868,96.28704627634588
96.53583438677276,96.50141607526947
95.88419142725218,95.84223649196561
96.60235884360269,96.56805640539507
97.46626665770665,97.4448911369619
96.56772536907265,96.52070056963308
96.3332352839836,96.30230461066628
96.5137060165112,96.45891350072063
96.59821187564692,96.56517732844024
96.55916504504701,96.52269364935127
96.97925940646621,96.94268031680713
96.68801774132896,96.65298766341607
96.60048599231713,96.56843442404292
96.45770333342631,96.41609781276564
96.6870788724739,96.65135660468529
96.57455088456844,96.5388570696358
96.45153294725029,96.4113689462569
96.1552435124816,96.09295516895936
97.06437715102649,97.02961071591066
96.06542090474866,96.01655487461622
96.73455067778474,96.7022432304762
96.25344097769053,96.19786970011555
96.73165815389584,96.69341226271787
97.1186781045869,97.08352333459185
95.83283775074396,95.77583883305694
96.64294231980847,96.61034645888122
97.18172773224505,97.14607142951489
96.59351739871127,96.56177560919454
97.22537189431998,97.19440991485052
95.55085735780635,95.50545904634332
96.2335633270735,96.18565953386171
96.85407488290419,96.83139652342591
96.89620951656597,96.86872137444144
96.74984471319124,96.69697976071741
97.03193704151226,96.99645866305862
97.27727405360376,97.25908690617668
96.70706212606393,96.65908530616315
96.48657497701237,96.45154522960271
97.48887952792612,97.45270206823164
96.21170169426354,96.1642762453335
96.84659009236401,96.8168791375342
96.55316866162744,96.51583578544135
96.1619559941206,96.10397475991878
96.1127947515702,96.05701960413859
96.37951872234366,96.33558606995892
97.00364111063591,96.95356227714913
96.25480016033386,96.19721893387656
96.73156086391066,96.6980106113753
96.26101853753762,96.2076075899729
97.4051383669702,97.385975534818
95.79424766246638,95.73965338297567
96.06332545091692,96.01730412966482
96.41796269786741,96.37708523188108
96.36256156478476,96.3253162333992
96.53491988533646,96.49571544049225
96.64785170087708,96.61046355916692
97.26629666467042,97.23990350047586
96.35768680958061,96.30820107429427
96.97351955843479,96.93719061886858
96.74132971337855,96.7058819233583
96.87796297994821,96.83404300437464
96.65995272856057,96.61572718718682
96.06086559695532,96.01192724400461
96.73847393784061,96.69969262545902
98.480925176027,98.46392215449929
96.23581187518609,96.19518606537648
95.72685238378097,95.66367330738115
97.03324339933546,96.99709373496938
97.00200361055762,96.96189517434851
97.25007894174043,97.20951164718288
96.111395765725,96.06023864438262
95.39106229117708,95.3301224011817
96.29039937137317,96.24895212395603
96.43942175147369,96.39814363136242
96.72598813103852,96.69104350753796
96.2422467990113,96.19878009985139
96.37381665055538,96.33430678625587
97.16178951174133,97.12079989640338
96.229053129004,96.1919905514013
97.01069759056922,96.97446340983909
96.98508243738237,96.95676176332269
96.61682577059037,96.5715842405551
96.43298786395107,96.39383721689704
97.36330665165477,97.32826180442937
96.77852222064226,96.74531689773909
96.79942785209185,96.76067657489655
96.55879066353361,96.51255023094959
95.5197760720732,95.46825308799939
96.69888888664478,96.64371253286639
96.18271489751758,96.13613114668779
96.2377929803843,96.19329297503069
96.88512859087695,96.83559027251944
96.72467164691929,96.68565595679661
96.58271389973312,96.55003821634749
96.49437072030713,96.43646240436453
95.99575271722318,95.95203719678773
96.85917451527125,96.82221328056302
95.73807803665761,95.68067203681287
97.05639656345613,97.01670150444856
96.66006573087712,96.63161031102373
95.9466049405391,95.9041771486717
97.08696282644472,97.0598301371033
96.59141361754011,96.55080985988128
96.54294533432676,96.50857149905333
96.19648472471778,96.14889595935936
95.98623457419683,95.93945666234336
96.72091166171262,96.68529047128008
96.84557581909056,96.81373413556926
97.25193435753471,97.22527351839997
95.61854798316067,95.55116592186197
96.55028574078824,96.51839422303007
96.61313583949003,96.58036103596841
96.28942458708843,96.23946263211197
96.14896878465494,96.1018930786791
96.1180871094545,96.07518493611963
96.11158621112068,96.0537136492041
96.64089556711141,96.6040481230602
96.82735118672339,96.78766105927814
96.71546588087246,96.6736029933445
95.87338164144825,95.81507312542423
96.57463944828667,96.5483959842793
96.06763992912387,96.00725084462326
96.25057615714123,96.21366040012859
96.54989850126707,96.50975702979021
97.30877969128161,97.28033384197246
96.07893406301419,96.03574238141233
96.12389615967318,96.06419378350475
96.09803594111035,96.04164959819863
96.70848845405075,96.65849339914296
96.79078109323986,96.76691455003535
95.81537493983362,95.77457719644562
96.30499010279246,96.26675783250121
96.57624862006978,96.54482677266452
96.95151278398947,96.926199785182
96.46200111716928,96.40767505546097
97.20461867027352,97.16963368946135
95.90105037272764,95.84511650400395
95.91133326612879,95.85594617898506
96.590980643986,96.54902432129357
96.24616967542883,96.19764276892964
96.2468722851287,96.20424333691648
95.93555419423551,95.87971502854454
96.29504269468065,96.24994889216286
96.94347631177884,96.9068948153154
96.12118992935484,96.06814288622276
95.94562048490336,95.89355090145054
96.48039575107649,96.42860401636176
96.60901633687068,96.56270462905104
95.74847304182128,95.68540409952386
95.72367885144715,95.67737959328008
95.92688003117978,95.88678099509788
96.6687405733849,96.63065452349389
96.91493874590768,96.87812027045835
95.67642215721709,95.61458143472848
96.48034848714025,96.44974203881925
96.38294847301853,96.33683899268922
96.86258076143446,96.82678413691123
96.07801775564913,96.03111138146258
96.7184145889933,96.67570786149528
96.10150960186803,96.05765001320873
96.66916715348623,96.62918826366926
96.82077128668118,96.78451914229638
95.97882703043946,95.92505698061781
95.87978878092844,95.82128893177202
96.51806559442313,96.48086051792616
97.17282548138866,97.14270002952254
95.89000055386549,95.83792226689233
96.35261421081978,96.31526476071883
96.70360440634576,96.65774415897641
96.70249699260718,96.67045494996351
96.23673134435747,96.1903592370911
95.57522956515594,95.51198211763834
96.03244576722338,95.99308725832883
96.93442601996087,96.90182978985672
95.93422293879004,95.88531978285273
96.36556489595613,96.33493188457186
96.64383069553678,96.60510358101745
95.79316128872337,95.73145082163998
96.50373758212518,96.46690481543402
96.5453649190495,96.49656202544746
97.1625516248459,97.13193306036416
96.93184688100513,96.8938820523328
95.87015559893298,95.83238994169456
97.2288794879169,97.19987212946502
96.88038845824238,96.8516227793675
96.65436899650696,96.62851150120458
96.43536757541304,96.38528318100074
96.86127219859877,96.81403981420198
95.9171279628907,95.86708712142583
96.45590619522149,96.40262142634612
96.22844047631511,96.16874280364219
96.8864929340166,96.84517009294858
96.30832331365058,96.26773254082872
95.41325412300753,95.35874576542165
96.07774308538414,96.02710348983474
96.309270345857,96.27773695420652
97.4442065402431,97.41945062095932
96.3864257527008,96.34570893436822
97.08517148222096,97.05545880640967
96.76328506268815,96.73103660414358
96.94597107302438,96.91329444734434
96.56717887092378,96.52128463448686
96.40253653606382,96.35773363562514
96.54292572614472,96.50841691897423
96.86597308869372,96.83081652222565
97.08789879213397,97.06094492093123
96.30582712448054,96.25648668252228
96.09952717728311,96.05688824901421
96.13134654938536,96.07541575303728
96.99220111692304,96.9674202769037
96.92131705075798,96.88675109928325
96.47115353064213,96.43196267710123
96.54326780719396,96.51126002966416
96.61916665276962,96.5856926320952
96.67246919675749,96.63348156874193
96.5682721915246,96.52226337556667
95.8266940063931,95.77033188268217
97.01892594735483,96.99551692150183
96.89427606265951,96.85359372448355
96.33857372196684,96.29425812318895
96.80510712695896,96.76544566777571
97.218512893603,97.18671542858286
96.36295646058417,96.3203992921161
96.19663013094667,96.15469320386673
96.57524427812282,96.54059916695721
96.8817589765565,96.84169573346492
96.92940757639467,96.89030069764141
96.94616606602747,96.91594487663087
96.92803730414737,96.89640701630248
97.19177877523262,97.16064591989513
95.90129262846912,95.84470133197696
96.6425392284797,96.60627192667724
96.93408543795331,96.90257940406238
95.77879983109628,95.73015003963772
95.80595625942183,95.75712082278186
95.46122474347756,95.38582435942827
95.57831859094077,95.53995823756861
95.76258167102111,95.70949064087169
96.24240573798117,96.20358947538888
96.3441743522646,96.30335538117824
96.83521555721589,96.7988914162116
96.20195498087168,96.14926258810162
96.07815298220088,96.02612182161758
96.63575726018045,96.58917013424438
96.3872112499332,96.3346377540782
96.12724754866247,96.08807846353733
96.7203245506766,96.68424961940133
96.15460372729216,96.10798393920157
96.74114982217847,96.70580640812868
96.65609129233724,96.61391824871808
96.50891661576918,96.46708865876428
96.29767937943924,96.24916959538548
96.69844281764433,96.6583803067873
96.42937442987471,96.39088974417851
96.08392042888266,96.03824475720594
96.44314657905721,96.39938909665982
96.62482411732827,96.57264458765913
95.92415371502243,95.87670430028571
96.72790330953595,96.68721260158637
96.05587938329182,96.01018225891791
96.32295032883893,96.28163769775226
95.24396087854342,95.18785954533944
97.65396550841574,97.6346517231811
96.0105327397051,95.96590019781381
96.59868812178773,96.56761631630123
96.72040786799818,96.68008671075016
97.09556485152818,97.06222114909257
96.17515863237902,96.12710966298997
97.14031725943678,97.10098243550833
96.41563421733456,96.37809238859208
96.40399126564716,96.36244079671451
95.94737766363772,95.89189792962566
95.50910249570858,95.45590226497795
96.63742214332879,96.58689584246844
96.86369795125151,96.83171225372047
96.55413944226822,96.51313912825701
96.26632361339833,96.22165720527225
96.88575079332503,96.84620351302638
96.67518139658479,96.64206324456492
97.03943927102983,97.01320883703586
96.87572250409833,96.84033597927204
96.6527008430332,96.61441372586623
96.81659587003809,96.77265168809836
96.69180171730501,96.65464245874493
96.7779967743848,96.73724741579295
96.12340776902545,96.07834502022457
96.94376910453718,96.90534802889992
95.68670898764654,95.62254783775195
95.90981669062334,95.87449488891662
96.28090309547309,96.24013198366292
97.09693970502558,97.06452434816035
96.92464113567789,96.89281621576492
96.2226490743916,96.17526207480972
96.94667881457657,96.91437906466282
96.44160801973034,96.40403165661213
96.40284070954444,96.35564872478899
97.12331846333967,97.09283101928575
96.65563525395937,96.6240362677246
96.81456185920155,96.77742337031202
95.88648360230714,95.84245894495668
96.6829137940505,96.6424984173445
96.12744776038913,96.08318699566965
96.22942584551721,96.17993261498098
96.53637841242806,96.49111554167666
96.75883448463841,96.72166622217057
96.80764079205665,96.77512572127677
95.6129883151367,95.5526685676134
96.36335101343539,96.30916090495937
97.17639280889911,97.1379711186424
97.05994124276391,97.02308835206921
97.30146596281494,97.28193256268166
96.64673087587651,96.61377614941486
96.7331040846289,96.7040229378569
95.70281889797292,95.64158274364831
95.33015428463776,95.27725829864872
96.2560155239158,96.20710906975343
96.47733879532429,96.43142139619708
97.07795866978658,97.03994837233616
96.3102969768647,96.25435340945131
96.77504216630352,96.72508406067288
95.99468026227036,95.9510916227682
96.47780493340115,96.43698253858801
95.83744739312766,95.78511664476443
96.77092036582528,96.73671148015262
95.61168086235735,95.54716900242389
97.13132237494864,97.1030484580654
96.44219708417444,96.40459890591524
96.26088555018764,96.21378231502639
97.14532734283914,97.1122698413625
96.35103380038417,96.29431967743062
96.0108114481373,95.96021671077101
96.19188372907522,96.15006725649334
97.06531374189132,97.0252643803641
96.4475058779794,96.40364586376873
96.6905700018894,96.65995722189602
96.19586800974677,96.14907057399212
97.34587474311064,97.31511742779885
96.53409172854242,96.48983525953408
96.67807137736685,96.63734479803932
96.6225180121441,96.5895769539609
96.60369043074175,96.55389938783966
96.25315620696588,96.21690717048045
95.54073804041563,95.47181920558826
97.23692209342772,97.20276117625617
96.11326071144633,96.07389818171568
95.92057309722897,95.85867200076873
96.93177338730224,96.90146873503915
97.47982068539183,97.4572693128108
96.36867122217481,96.32227109835291
96.09643868729557,96.05274534756765
96.13929207987609,96.08581512357507
95.69454812745657,95.62975167147309
96.00711261471491,95.95422961177877
96.70105873112063,96.66537979237165
96.24701766638088,96.21487894905333
96.27638583449699,96.23096576801032
97.3850955980169,97.36300074003513
96.0933152235648,96.02597129083006
96.39957864736803,96.3537939280983
96.26723790927586,96.2291840743569
97.67020196029144,97.64831300436131
96.6941488238379,96.65424839455429
96.39863648078259,96.36463502305597
97.10779536591821,97.07864562799307
96.36876484181364,96.32189085173775
96.3715821967276,96.32692886156221
96.47398586875318,96.42245091284768
96.73423824262007,96.70642944550397
95.93961612856305,95.87101084640061
95.95788283725719,95.90950813063104
96.15711575920581,96.12182916869777
96.85073411791949,96.81643012879441
97.06859899206007,97.04572835127418
96.64057022667845,96.60571916280749
96.80332228338922,96.75645710141305
96.31827746631728,96.27450786339072
96.73134757614525,96.6929528797751
96.36473969810497,96.31505817112458
96.27751967816303,96.24314988871241
95.84045413915264,95.7770219946604
96.57881154587456,96.54135842288223
96.08216691802669,96.02862822864476
96.59322002632693,96.55191789623426
96.4533197236019,96.41403169801214
96.31710075177975,96.26468350200226
97.06341629466424,97.04047760146076
96.39709699405643,96.3607457579433
95.95724915084574,95.9112182341506
96.13231375791084,96.07081804851018
96.63709119157424,96.59503814045084
96.13289335546273,96.09470145507662
96.06344673925187,96.00645658744585
96.91456062489765,96.87893790279371
95.65991098618261,95.60434973689479
96.16351775252521,96.12264607307928
96.02710977785279,95.98538358164139
96.82992124392682,96.78737843180126
96.44254802954906,96.40757380325164
97.1165028822646,97.0831222235853
96.57601382565161,96.52435359146337
97.07638379650663,97.0361561745027
96.50811665524019,96.46016858440144
96.96924760656765,96.93273354161127
96.51049851714087,96.46182797562842
96.68678176521752,96.63795716743904
96.47681074317285,96.44062765947766
97.17790712531938,97.14288828705392
96.81025559056549,96.77538057591178
96.736735130629,96.69547484096505
96.85769308629563,96.8295972879425
97.44156859805135,97.4120548310979
95.96979343932747,95.92173446786084
97.22435185361164,97.19456182053383
96.78373774243055,96.74939317492127
96.35670024047573,96.31835951559714
96.08464529502002,96.04014969033643
96.50916933760772,96.47508492444032
96.540430331025,96.49995947898437
96.41060589804738,96.36683322858033
96.71108232465733,96.6811136523392
96.59879785741376,96.5455758485595
96.58164599766464,96.53748716745831
96.42109430427217,96.38386543675169
96.55072687600439,96.50631618112958
97.06464595800642,97.03918784780872
96.98728546768476,96.9515698444236
97.42567272422274,97.39919735548727
97.3753915535528,97.34504837241555
96.3727634081094,96.34178944279931
96.00404311610716,95.95547479853924
96.580587164512,96.53745949613341
96.56112060884661,96.50307030009996
96.39265266573258,96.353404185851
96.65316693684035,96.61096249478808
96.8235386611539,96.78163361337316
95.89871951035587,95.85474243996526
96.25066486210153,96.20208140529228
96.86571971075813,96.8338762482009
96.53873514202306,96.50454148668089
96.54694087389242,96.51303575215533
96.98542764308135,96.95671620282563
95.67088992892633,95.599945965116
95.98559711257522,95.9314727997885
96.28584717330767,96.24174331180893
96.49802645689039,96.45052467081658
96.54638795939462,96.5008073274059
96.46981679762816,96.43073797305695
96.89460470047302,96.85985312161813
96.64654874528266,96.611574769714
97.68683093495875,97.6674592119844
96.46086876088039,96.4214802347441
96.81106570211647,96.77421759570268
95.47237824214602,95.40484271923572
97.40210332816808,97.37040853320404
96.03209195266132,95.9691867521192
96.44264583894712,96.40393617303197
95.93074243941184,95.88563480187983
97.25937944748375,97.22977706618624
96.20105395350929,96.14706481438522
96.18691491091873,96.14419876329693
96.51809641706299,96.48581697518783
95.91460259186644,95.86248992701073
96.25224143568467,96.20863145428012
97.00906120049599,96.97336892421855
96.63003004512919,96.59344311378271
96.19579088089193,96.142464134994
96.35325921327185,96.31690621391616
96.3486013460972,96.3061846875836
95.52115814400155,95.45491519471851
96.28566411284659,96.24383095642274
96.20528918756997,96.16607012793823
96.00239160829699,95.9519104379662
96.09681231925599,96.04461123396973
96.98688135684189,96.94622132536183
97.17992672805673,97.13659490912103
96.31520127345428,96.27502897577253
96.03475429539976,95.9827047375188
96.750527690559,96.723941322856
97.34704919795053,97.3293318920596
96.70128409592921,96.66572388214095
95.9798704799745,95.93679148588203
97.24877210642866,97.21988608860907
96.88447089133615,96.84964543584518
96.99449685197344,96.96613391916551
95.72587049555732,95.66571737714739
96.41793496846962,96.37424083532684
96.36686395869961,96.33178496908428
96.29850756778005,96.26674931713991
96.40389027708753,96.36541300717641
96.7058352585785,96.66882529890538
96.3314331085346,96.28896490615593
95.84852314458902,95.80044349837254
96.45908847793201,96.42398339141997
96.26818239958988,96.22245589402414
96.754726014293,96.72499205903182
97.32715597787482,97.29690626703211
96.71417838699959,96.67043260613218
96.61233853602833,96.5766398791103
96.28705581650415,96.24053594297354
95.85413655192217,95.80960938315287
96.63364487026831,96.5876992852821
96.35977412258151,96.31869201068608
95.91720481434623,95.86264085584482
95.82145257729891,95.76563921189455
94.81554777101258,94.7085226598801
97.03905983935691,97.00914491087507
96.90762779238862,96.87224321561281
97.05322064888759,97.01987432821252
96.43248692534266,96.38856482168458
95.52365607593627,95.46638313721508
96.65993595164164,96.61753176939943
96.92805491655436,96.89260030003942
96.8716085134254,96.84418393006743
95.38874681286833,95.31195338662981
96.9626912253976,96.93219090611537
96.51419321899903,96.47415120870863
96.72826590157702,96.68629505533984
96.10094218816837,96.05766017406368
96.86457791583591,96.83010161176453
96.7201209708901,96.6833388478836
96.89725050035291,96.85770341739838
96.54253032476645,96.50194136745046
96.87528513376435,96.84801438697164
95.37390160146504,95.31082527541516
96.62292125193657,96.57623180460885
96.50256938894655,96.46390218519534
96.48596347178128,96.4480091480867
97.23858701396743,97.20106426450366
96.20697611406396,96.16529533069087
96.3174853566539,96.27135244479523
97.18162215179376,97.15423018080472
96.05289157369471,96.00045128075936
96.66760882129634,96.62812305290257
95.94680533229966,95.89401786162564
96.92851233872105,96.90147030958774
97.31284475542178,97.28444979407607
96.93524743143922,96.90566400607361
96.73557241354634,96.69315670587459
96.10495962014569,96.06776237936029
96.9100173576204,96.87316431540727
96.71560747654057,96.6731471082481
96.65477859621211,96.6151299526338
96.98758042750458,96.94766100831797
95.59083952530595,95.53599285993798
96.59346086350142,96.56363832782984
96.80031212184018,96.76977178248008
95.50549577630541,95.44956844965364
96.89161017584782,96.85361968134208
96.98902828621414,96.95510877690343
96.94684493845858,96.90458202316428
96.32138036890159,96.27972864972264
95.61344996201147,95.56148845812751
96.28644817866832,96.24455547793842
96.51868331659438,96.47835818920139
95.67367482288975,95.6201241407095
96.80702000197294,96.7671282620121
96.85110978568106,96.82535067622055
96.8189043651712,96.78005519176043
95.61539163296926,95.56286174927745
97.24201272565506,97.21249892497205
96.15325543848256,96.10672616476035
96.4194163454544,96.38223677315416
96.97183465393476,96.93610618222117
96.12491121879317,96.07440627387247
97.13746113154157,97.10483097650108
97.50795771193243,97.48556970850697
96.75389516320564,96.71866784221716
95.5722724851393,95.5192611865714
96.55710190732678,96.52045723528562
96.3485229595033,96.29879276330294
96.99242078267199,96.95015301556109
96.11308413440574,96.05004973713179
96.45686264013356,96.41093836442474
96.27422635719607,96.2159888261694
96.4075393082073,96.37558748239104
96.62646576687276,96.58463611565551
96.04114929271485,95.99069461081056
96.47187932664316,96.43133553499126
96.73488042450079,96.70172599797272
96.56363482423936,96.53105899223009
96.4856818187173,96.44888107400318
96.19878802082886,96.15838063624187
96.22164791279134,96.17121969337892
97.10536877922881,97.07031736246617
96.21920073270354,96.16989570186153
96.39113188594378,96.33702564730204
95.96964049073185,95.91619371115085
96.05712388568674,95.99751547857697
97.54082675154898,97.5163704344184
97.14694313449209,97.11227746789281
97.0275049791739,96.99093117790687
96.00708927190577,95.95809067363237
96.35426522121973,96.31825544348307
96.06656490486486,96.01858411917318
96.54936003478653,96.51110565689591
96.8130785661767,96.77258270728673
96.65014485810993,96.61118711513187
96.23471975462584,96.18829447153922
95.70571228765901,95.65268985443198
95.82178754283417,95.77586848964545
96.10143511595845,96.06366751963537
97.64155673624288,97.62141476365605
96.7793170426011,96.75017405476346
97.29130516356909,97.26583676459896
96.73911790209168,96.69078557814873
96.82363216217321,96.78776140295166
96.46230367099534,96.43080541598181
96.76272162237618,96.72769799031833
96.27995743581272,96.23628370454018
97.40102212831694,97.37494266604247
96.3626977311723,96.31419937823753
96.95834684730289,96.91870350364583
96.15792616634826,96.11725459064101
96.80096652350109,96.76850084965402
95.98755311539941,95.93966074628237
96.5834339812084,96.541071460196
97.07427946048989,97.03182544805061
96.52538629737961,96.48225461476906
96.78450236219825,96.7451099300183
96.52768516713124,96.50492786747388
95.87527622579233,95.81730249011501
96.07521040285735,96.02750673098431
96.78927776747594,96.7519107073705
96.99905559313461,96.9627910741374
96.8168774588213,96.77488142979001
96.28089640818611,96.23277520482534
96.5004405654859,96.45733505062411
95.61329510544545,95.55833441780209
96.18984464147687,96.14415579566571
95.4499903237323,95.39031297252237
96.08512094624079,96.0340689347603
96.35731160621833,96.31733642886243
96.50326590242855,96.46378357173353
97.68848825822643,97.65829337895156
97.48925074880401,97.46853493136967
96.42965420626824,96.39171681920449
96.96746448943621,96.92976339294742
96.64813276570702,96.60725120880811
97.0012814537847,96.97324539768576
96.418189488873,96.38466786895775
96.85404984541925,96.82136352670271
96.77077675559906,96.73569284561563
96.27199995903467,96.21545622218594
96.37935739578415,96.34237464219613
96.23537251096931,96.20019079674896
96.32456886860565,96.27942530527484
96.00783552244825,95.95026078368541
95.84158069065063,95.78042539930016
96.36139977553994,96.32434858924103
96.32732205708085,96.27060380012995
96.31070197917369,96.26706661827907
96.82296403567594,96.79014984165059
95.47592270228076,95.4134237550788
96.51537857754755,96.45705814742728
96.84459674681214,96.81079272406069
96.44352200148268,96.40872285705467
95.59013269660208,95.53166630015949
95.92535352272316,95.87838830580004
96.52561334414355,96.48014448716069
96.61701054141955,96.57741940569025
96.91134932804826,96.87119715486537
96.53614645501064,96.49994953847136
96.0806388300081,96.03638672281652
96.16966415137895,96.12612403341105
96.9683768967146,96.93330963004014
96.90606379320629,96.86796007832694
96.34129912597135,96.30619335067863
97.5268406570719,97.48766100304283
95.58922385660213,95.53223110615966
97.20632914492815,97.17483732606573
96.43085141177548,96.39569212941022
95.95154246054109,95.90697108811764
95.97079944504887,95.91470846770264
95.76386098878505,95.67977182586965
96.57636455497392,96.53496230668699
97.06911315363872,97.0405601686274
96.83289400833654,96.80195568195248
96.10534708773685,96.05369841926549
97.0669969525776,97.0301286333238
96.25356535712586,96.21366010283829
96.7763242435517,96.73406235964026
96.49815082937229,96.45165438159125
97.20572537244556,97.17300066350953
96.7882246642853,96.74545467521517
97.18344348935847,97.14306179459827
96.83531869895603,96.8058806809875
96.90736114821748,96.8721346909074
96.0613648139745,96.01690615803257
96.65150596620737,96.6129499936992
96.82396497856833,96.78523873185375
95.43280167323643,95.38955141788229
97.80672486219594,97.78869504338246
95.52273662926278,95.47266562155079
96.48891705636436,96.45247361856674
96.28751302094716,96.24232883315584
96.49237983053655,96.44274983402133
96.68185597766356,96.64934887670242
96.83432721346979,96.79664833416435
96.6222012191078,96.58646593049643
96.84882560648319,96.81594969789664
96.0810257537219,96.0316436573751
96.4641736025925,96.41813091961791
97.37520649659393,97.35251987144268
96.04314929125493,95.98743795547375
96.8868126434656,96.84421533467838
95.82643236263083,95.76068435000003
96.4663827534208,96.42601184953047
95.52178691882966,95.46268864169924
95.7705870623749,95.71684131924509
97.28600671712151,97.25413936346045
97.32114567767113,97.29104868267825
96.39579317624256,96.35610285492365
96.50586734148655,96.47028582766008
96.64515105711877,96.61291295646126
96.90623939358962,96.85566976262075
96.56746534787413,96.52494419174205
95.70092854928609,95.6443811748668
96.21292697964677,96.16399852515327
96.30727302363096,96.26454242336197
96.22888269398055,96.18524339090808
96.55923559796929,96.5147729695357
96.94024949223648,96.9025832837746
96.60814769282165,96.57303461610555
96.3018131974418,96.25473083647402
97.25381803292343,97.22947192815856
97.48573425304596,97.4599411842547
96.2163719246092,96.17964945363997
96.76861507865522,96.72338668799125
95.01528140539607,94.95122326718347
96.42149805515704,96.36084925504305
95.83088261056771,95.77677053304593
96.27880142004103,96.23720084808072
96.79243826982557,96.75247988554695
96.56439002165116,96.50720007379812
96.1641831843542,96.11923058641958
97.04929588296284,97.02374810625142
96.01447275609048,95.96076111326403
96.64037397131752,96.60074635774818
96.93645174294517,96.90146683030966
96.89025777198135,96.84406613116046
95.98113183248272,95.92979952562696
96.87453397814922,96.84507506486806
96.26475146586148,96.21847032108607
97.32832413521537,97.30587688643642
96.49109440157534,96.4517408818976
96.70748657414126,96.65510178026902
96.83765229847324,96.79435346226091
96.26751553319777,96.223423836381
96.70836419980508,96.67736006859433
97.00280749930839,96.9541344212808
97.071780800733,97.04792699868939
96.64014314428091,96.60059720951065
96.1279229485325,96.06924574176627
96.75141649244239,96.70810210263984
95.79195005232408,95.74302988684099
96.0459485445188,95.99068879671648
96.55733024650735,96.5138269086963
96.80100915996356,96.7648615640553
95.94929678828967,95.8978682617154
96.66744266012476,96.62047966033153
96.35979420116298,96.32041612075191
95.85217884685281,95.79403639427929
96.32153146236688,96.27798954465081
96.3280261748284,96.27527630003755
96.53919941480729,96.49797189489085
96.4135947250952,96.36794780637634
97.91619678017116,97.89399237130574
96.58267927207189,96.54409426442574
96.9220656432991,96.88295220861647
96.63650011401711,96.59977381863719
95.78783344128304,95.72862184900845
96.4986543929664,96.46279101311613
95.57942426642045,95.52264269626781
97.23171077542665,97.20121930966108
96.74229450639967,96.70691527299184
96.32942801054907,96.2828577962981
96.79562839249728,96.74289972653865
96.73716307884,96.694315770791
96.13092136242636,96.08665170774431
96.40112538039699,96.35592311829599
96.16244682486719,96.11815086047731
96.8223833468689,96.7760451270906
97.22860451596098,97.20568608307217
96.17609500991821,96.12740508113
96.14196189670928,96.09149829526615
96.02773037441877,95.98207973103307
96.69124680950044,96.6441274117017
95.95525701227461,95.9038389365994
96.31462037589043,96.26139369167602
96.58677897861122,96.55982773918096
96.495396484119,96.45555784342493
95.4312723716927,95.38357289769495
95.92973454504968,95.88496122570064
96.74083754526174,96.70164260022194
96.97197715797066,96.94517420144325
96.18241592849205,96.14783105576379
96.63963809220196,96.59943469735163
96.83490665682645,96.80770716002186
97.47013844722653,97.44790410067445
96.6868283528262,96.63985957777784
97.0229886142847,96.98827549133802
96.86511497349065,96.82710194658875
96.59715863101545,96.55220942149319
95.83081836620723,95.75942993055816
96.56383146801213,96.52848422250554
96.23286990730067,96.18096627088535
97.19991901421136,97.16589938809575
96.8778182116253,96.83242320193516
96.66306858823056,96.62021666914377
96.85382905786668,96.80714251983169
96.81556259311057,96.78106824390606
96.95579521517043,96.92598637710984
97.7279806161193,97.70739010832942
96.28239130887658,96.23608015227865
96.92203678214132,96.88704024442688
95.90572751763861,95.853683066886
97.3904154742378,97.35695021439038
96.41111331558419,96.36937060660472
96.54024165495858,96.5108596771448
96.53609049861593,96.48384369422581
96.49648283882105,96.4595377976637
95.4075928700168,95.34164106827896
96.86449433505814,96.8268942472419
97.22945394948447,97.19900291540075
95.53486456349245,95.48484181438062
96.54612328095216,96.50328951272495
96.89652790104752,96.86025836236803
95.95501007572084,95.90148219699518
96.43520720855176,96.38392682256567
95.83150445010577,95.78695174393485
96.82227413550616,96.78799737642312
96.55352167197609,96.51780194801341
95.6951233777506,95.63665112589199
96.36517232796865,96.3214197459805
96.93508871509493,96.89136003023695
96.7203561808386,96.6758107528189
97.01362593549855,96.99646433530636
96.89364405296772,96.84989823424334
96.58162134600731,96.54586140677539
96.91351822589,96.88799164916699
96.59552039807625,96.55377313208018
96.53844179010221,96.4924430557576
96.72377349105253,96.68747242880977
96.53434209478172,96.49211752448555
96.34418967754536,96.28867108888647
96.86944253318424,96.84019242528035
96.35115745434548,96.30292153339737
96.66191076220248,96.63031135092983
96.38724139626497,96.3552195538958
96.0966289741113,96.04170112866424
96.69888136787966,96.66379930333666
97.16005601933038,97.11956017082849
96.1695166186918,96.11220717751864
95.37998828079785,95.31976616306092
96.40900659071026,96.37419794723967
96.89038686699004,96.85148585022482
96.35223025249805,96.30998421943433
96.08804157133869,96.03644341265206
96.21976898826897,96.17026048097469
96.56843349613361,96.51968876803167
96.50099457089085,96.46497235856023
96.75369579047641,96.70472097440319
96.3369218279884,96.29922691527645
96.25026746619523,96.20422416007789
96.34500575506102,96.30149595224607
97.22968396450986,97.19851362358777
95.80451373219523,95.75261286582933
97.12961468600471,97.10433404981738
96.25863684879023,96.20788872401603
96.68930186263904,96.64776053978217
97.02453523936023,96.9962954868598
96.23119865100033,96.18627557120476
95.72248300335418,95.66803929622597
97.46966753859061,97.44124459122152
96.90527377561325,96.8730858066068
95.58560875186558,95.4987613052153
97.22603056499169,97.19772803338167
95.38602797911759,95.329896141582
96.64558340773112,96.60265087976451
96.53384819155202,96.48190870885927
96.74379988638042,96.69467362661693
97.22965701456815,97.19839655108163
96.74468523826268,96.70624070423125
96.83830126081712,96.80389355872292
96.67822178584906,96.63313890601282
96.36186254128228,96.32532259089409
97.0869968557673,97.05770059387545
96.97460182882698,96.94844358048141
96.30857470084096,96.2648641804559
96.64823360021103,96.61873167561608
97.02459560291545,96.98300149031485
96.16736150275203,96.12361994707689
96.72780066383613,96.69493477138215
95.94908865148099,95.90183687287137
96.1947215481535,96.14103693631932
95.8701989430174,95.80919126165071
96.45228667075234,96.40134069399235
96.58784710887228,96.56160101665273
96.18126021624028,96.14142827305089
95.77587732608079,95.72631676558007
96.4172325229055,96.37163400853677
96.68316461352877,96.6383162353059
96.26999712529292,96.23695266663462
96.72517264705495,96.69381076423265
97.42009213704523,97.38366311002133
96.86714292476518,96.84025462560794
96.55120741048417,96.52422500872339
96.59031215642749,96.55274848486961
96.46605840095872,96.42338609578115
96.50427163235562,96.45739956483848
96.2541609705666,96.2061576298068
97.20485160800601,97.17518387660932
95.65877266448786,95.60509013041903
96.2337952687684,96.18421835687208
97.14697181567061,97.11822568596688
96.4158944147613,96.3768889777716
97.22601337181712,97.20034660942575
97.06699072715263,97.02828439876885
95.90109562491848,95.84474907425569
96.89403044627723,96.8577964330495
97.03706735590589,97.00954359747152
95.47540002046668,95.430764002578
96.58569940897229,96.55852023010466
95.998945795451,95.94939363063364
96.49408850933585,96.46214687054884
95.8540518744785,95.80381569544826
97.11677996907993,97.0783635956256
96.0122533372611,95.97154639406908
96.45071367701763,96.40998349046515
97.45856294404528,97.43194148893198
96.03574493518687,95.98386267680038
95.95595375636651,95.90783192139901
96.05167418505795,95.99667091374083
97.14783903248062,97.11745482881494
96.66227383788663,96.63678010567878
96.64493176605356,96.61201629183624
96.74422903097683,96.71001423165276
97.72449501349762,97.71082219036188
96.34701255461772,96.29848566129287
96.83233469208763,96.786768740187
95.9907229985273,95.94698115550631
96.19613633859812,96.14211648385256
96.22078885635443,96.16909311716755
96.24030786733357,96.19163566678623
96.00742563889304,95.95802978273481
96.24512539440185,96.19809471729384
96.25239658624932,96.20617458912915
96.394367973564,96.35313506526411
96.84127874224995,96.80534563892681
96.20946938373791,96.17903046653939
96.73186470778943,96.68278840269744
95.81726993760462,95.77711201782265
96.55742610751341,96.51565395965983
96.55744129121285,96.51879410263322
96.38658668126726,96.357741969319
96.34544684765234,96.3112856979933
95.61965998987861,95.55429807060102
96.84351569200379,96.81609056501792
96.23386670637717,96.17890208093746
96.6157427071569,96.5739841857408
95.26454144897069,95.19878361348755
95.93043967209158,95.8602658437319
96.59204389590025,96.56010162294594
95.49052165631888,95.43487212059121
96.67626951199095,96.63103140755067
96.53028355506416,96.49355697349803
97.28578749336546,97.25072958294078
95.72759348709101,95.66659417569977
95.9437606204926,95.90071361597924
97.21589520815715,97.18689070230376
96.7361870307742,96.6927566995613
96.43201089299873,96.39331978183974
97.31563121852695,97.28695838168042
96.46783910412545,96.42967730657334
96.46710542479148,96.42626660229023
96.58047717776762,96.54231473822149
96.11993435150882,96.06131240826221
96.94361922042766,96.9084760814057
96.35105473469355,96.31129820920256
96.94591404708713,96.9030118948642
96.3437900246783,96.30371889322596
96.3497833581647,96.2983983716323
96.15490627498961,96.11550385702651
96.83203957819738,96.79582318685648
97.27446413140353,97.24263895020229
96.065103657099,96.02821224940685
96.81124674646358,96.76240911860872
96.16134918724191,96.1172329891847
96.30421698602889,96.25532369215478
96.57996764962924,96.53321282070748
96.03198642430434,95.99115204861421
96.58042003610943,96.54221731502147
95.49132326722011,95.42294818408485
96.24612075823524,96.19774743603135
96.40575815107641,96.36284842364414
96.93675687695524,96.90611588152208
96.03089582013689,95.96850417872204
96.5583204560164,96.51126041630667
95.93808012306437,95.8809266142212
96.44423647104831,96.39208658123599
96.84328267531323,96.81226012192403
96.81490990828914,96.77631298425432
96.49911411948865,96.45954009451465
95.94729666642965,95.91225229616855
96.70923816468705,96.67292024330764
96.25614820318243,96.20691687408709
96.52097555395908,96.48726053072204
96.70070004637566,96.65698738145575
97.24847852333298,97.22190276252739
96.55637996121536,96.51275059074472
97.10603731570217,97.06770878398086
96.64950659106294,96.61255246596106
96.49563253548871,96.45763892730707
96.99569297640937,96.96255607616216
95.39894107246715,95.32346731820466
96.35140175643936,96.30058596641986
96.78275290469584,96.74700609438894
95.84341054045109,95.78828056029498
96.580723090435,96.54150017801601
96.73961980723118,96.70516453012341
96.61414096123376,96.58108863327513
97.28180947773521,97.25999351347582
96.78993441332155,96.75825859263034
96.05522698747546,95.9995804101118
96.781765699188,96.74400279830357
97.07067356905723,97.04213886673838
96.13035627686935,96.06591422631928
96.18641427289711,96.13889308336299
97.46836825911356,97.4489157089737
96.23807853293516,96.19501955474188
96.9003771856731,96.86880408341264
95.71067667415693,95.6444805769119
96.28097296307236,96.23846173925084
96.00231249138504,95.93945339929265
96.70860307566407,96.65850032054044
95.23930533654524,95.16054342846611
96.74057534378866,96.70843146977829
96.01584725842059,95.96575944411634
96.58432171501953,96.53537249529272
95.90005568637001,95.86007909222774
96.1837772650341,96.1367616863146
97.07688286384229,97.05449953443375
95.8023731478729,95.73827070843492
95.99231722428897,95.95111326111399
96.22469837341721,96.17208411824714
96.04643585730314,95.9827209181387
95.85995213127472,95.80590167918498
96.81702611272111,96.77756856571405
97.24653765906397,97.20571104730462
96.29016415921713,96.24046594765433
96.92923292305503,96.88967773418481
96.10440110069248,96.06665667566953
97.44182742285606,97.40786894033678
96.04876290041318,95.99877070189922
96.22524486931006,96.17709185516429
96.38067385620296,96.33250552888114
96.32245703833819,96.29018545627923
97.3541319794438,97.32271529103427
96.42959259821836,96.3925451152652
94.81383853145626,94.72474362015865
97.3338652203624,97.29869552801162
96.56340433884827,96.53448920212139
96.00014810886967,95.95100993837104
96.52235208530543,96.46011045932515
96.65895704983065,96.60706174614711
96.10063463154187,96.04422038602836
96.65385815015894,96.61133444165506
96.88331439240797,96.85603893099744
96.3632988928349,96.32116509738104
96.1922976944474,96.14993552843916
95.93199447703357,95.87387702207036
96.79492007524054,96.77036634466239
97.15355857163979,97.12356061214757
96.37036086221184,96.3283747724506
97.1757478212498,97.14771789658369
96.38920551538006,96.35170659985481
96.38196812525594,96.33274412331104
97.20420897624385,97.17550642708552
96.76116264259272,96.72419082161208
97.04071758565149,97.01898350973296
96.81968346857346,96.791358367702
97.1881789820514,97.15520676788503
96.65435599837657,96.60773557697915
96.62171413384034,96.58145177438882
96.47516721296151,96.43887569465785
96.91415067395164,96.87990889750759
96.22769883179949,96.17958643040859
97.0269932791085,97.00044081980819
96.95181375177427,96.91033584456048
96.74329074886795,96.71473119633318
97.11060158004167,97.0781690602728
96.47449028415426,96.43863229034308
96.5617451645583,96.51461219035045
96.73515631760864,96.69870046493406
97.1922568377595,97.15254683662484
97.42128626745755,97.39017852153879
96.54372492894558,96.50893070675203
96.80045138002244,96.76400808593283
96.40967581709045,96.36542050943706
96.25015201367256,96.21354076722503
97.09777254249184,97.06188685919335
96.87612496653455,96.83512007267187
96.20586565052545,96.16456599709088
95.96876749419033,95.91757087426214
96.15416180723948,96.1111442183506
96.42062367312215,96.36936012263101
95.92924784307893,95.87773757478111
96.60770869298048,96.56482270711479
96.79619876384791,96.75836509282676
96.59382990775714,96.56112579114148
96.76184316806142,96.73037381603027
96.56568215228086,96.5347782209403
97.37047588606536,97.33756677851862
96.0846066945604,96.03984475027067
96.58890381200337,96.5506640982378
96.15375914929471,96.10112900545573
95.75107316047148,95.68172048736535
96.91485751130188,96.88170343500775
96.34625573333317,96.28840502981966
96.55949212250587,96.52206747593999
96.06346290911539,96.0116281812275
97.22569237876033,97.19677349225246
96.48028961367973,96.44307626050711
95.40757026759437,95.35081049470071
96.80330476920713,96.76722526635788
95.79515923245688,95.74543986758921
96.703783923836,96.66530200837252
96.53330657138207,96.49017630628258
96.3748915671014,96.32987841919753
96.49492697657652,96.4569481775679
96.63686324807186,96.57986924153543
96.21562291211376,96.16511903351
96.95636972094302,96.92157235122839
96.33817654532244,96.30160231731834
96.48257388744543,96.44654484567363
95.8877191601936,95.84466293264005
96.40404588741521,96.36553625683194
96.73015375156156,96.7043317966524
97.2191761778613,97.19646473771944
95.99078727896438,95.9327839144792
95.93207034224854,95.87923035717779
96.75676358849368,96.72240921468888
96.72818642807421,96.69785860186374
97.10899045650248,97.0695918441954
96.69250567335563,96.66035162306581
96.92424692130862,96.89749580687479
96.59277477059258,96.55590376018571
96.00907920080698,95.9656397135783
96.50953865993527,96.47015559436834
96.00316092406611,95.94709177307949
96.803876159003,96.76662980455144
96.51546561502366,96.47725609873274
96.81071592407184,96.76935647976025
97.09606538654701,97.0613573383591
97.31290066570057,97.29082202195102
96.09313697665067,96.02922798712767
96.92707622058059,96.88907382488684
95.67048471070036,95.626491340426
95.99363854632766,95.94175647164403
96.77800014505436,96.74440503720594
96.97342761582428,96.94064930733873
95.36770439842314,95.31646077274416
97.69171354450667,97.68243280491411
97.44335581112246,97.41971976602674
95.99464592637929,95.94289912295936
96.56220703438308,96.5237949585148
97.0302810483416,97.00157440633939
96.73363754748185,96.69448378012564
96.3557910070356,96.30699378470032
96.17104624244931,96.12306433240867
96.77676682719704,96.74755446895138
96.49844281987681,96.45392564869375
97.33394270275066,97.29573904149544
96.92618782513456,96.89030901103744
96.1733222313853,96.12141106680265
96.6317860289394,96.60036645418259
97.45015284836595,97.42274641827136
95.78490343432084,95.71321240201165
97.46801063841949,97.44626742874343
95.73472942542226,95.67877002643495
96.8775878690434,96.84766621612906
96.23421777970327,96.18997956234205
95.54906507192324,95.49270144886523
97.02280034458056,96.98997113118762
96.55582612715547,96.51276257566408
97.1922010067473,97.1623956098648
97.21952314262164,97.1819063719292
96.84548200869447,96.80792451086585
96.49261126528161,96.45300821593642
95.93436000670968,95.87291681008081
96.54356148783361,96.50696049962181
95.2303822802843,95.14596412819047
96.63030296437123,96.5846069996281
97.1402974312452,97.11523867084536
96.70202746102615,96.66840618262776
96.50413757807355,96.46016530130102
95.94167310482834,95.89202573581846
96.90705956649077,96.87794128392507
96.65549705955438,96.62363710847805
95.9658097857922,95.91093854309351
96.35565072699623,96.3118814197783
97.30406213425178,97.28084011291728
96.39437979781944,96.3438250588441
97.15498650763519,97.12293978221383
96.35593431773705,96.3172631371517
96.15195689429738,96.10171681810259
96.10494259953617,96.05954641516769
95.74558087226255,95.68187003845473
96.61407825662354,96.57486749625279
97.13902693317867,97.09808232561339
95.90925354883336,95.86387424800938
96.35747991907607,96.31672737329572
97.12790029921443,97.08787668699449
96.09962330817696,96.04642334569597
96.40055243653482,96.35552862242363
96.40199816377398,96.3637481016475
95.56947917881934,95.50583628815568
96.13911937747714,96.09735823517786
96.44546241119228,96.38257934209079
96.42617508451207,96.38908038017472
96.56892251215613,96.51458940421237
96.56220544593658,96.5147207031732
96.10367372878653,96.03862975233912
96.65718091096582,96.6178448514473
96.78371244957862,96.75160941985295
96.37848370578091,96.32288278974282
96.82573271873214,96.78561746273601
95.33585427568923,95.27652673377231
96.49551627053208,96.45155925961612
96.13569312836788,96.07083835179463
95.6636630147049,95.61442445091521
95.98506336154746,95.93904631987768
96.89745553123359,96.86282512227419
97.52896522530186,97.5026718719136
97.1550949140685,97.11979072309974
96.98146034793403,96.94633159685513
96.34218151478916,96.30930455583203
96.80823869302516,96.769027837971
96.56960796319377,96.54045602669478
95.97337186885568,95.9123631525045
96.81053168956228,96.78189850173803
96.87491096322269,96.82997405028456
96.80957636361167,96.77935366383413
96.60562861228105,96.55204793855468
96.75439490303465,96.7175099176417
96.79205413206975,96.7460361295235
97.10558159240394,97.06377398471918
96.85896037131138,96.8268564115128
97.21041146541022,97.1768378108878
97.27004567671871,97.23144717959906
96.74649907478678,96.70805279455998
96.42126762629474,96.37636739647219
97.67937040532811,97.66037455397486
96.77406190352974,96.73321800958826
96.30551154538644,96.27152867963807
96.30350139219686,96.26919100003607
96.63084670589966,96.59511471731788
96.75530301964822,96.72350059803681
96.94506327287878,96.91573836608225
96.33979981466341,96.29767541146457
96.85668035287529,96.82091686220906
96.77635160216036,96.7495048142404
96.6496133464746,96.61325844231494
96.10126296575149,96.05074464711869
95.77495407522545,95.7329608321021
96.11463421335702,96.07513075309257
96.48880341358888,96.44474911408635
95.66472066778034,95.6163570976262
96.9773459722014,96.94744764446986
96.39074422114703,96.35092486462203
96.63739842491867,96.60277104834682
96.91601981147959,96.87460337824245
96.53608433784251,96.4926760377465
96.60592660213533,96.57470924594999
96.41342472314571,96.36887751041407
96.54233366986442,96.50067701890873
96.67591813808214,96.63487639130167
97.51670937846455,97.49128096988682
95.54476888401027,95.48456174442337
96.44447927930337,96.39717372542627
96.62291159517358,96.57898538141525
97.07418263348272,97.05058723820184
96.42539881098051,96.39436796916524
96.01149446281897,95.95866087877057
96.6895659502826,96.64372059158568
96.36587689654553,96.32217944052631
97.42707119659133,97.40102981483119
96.89289256748738,96.85996705740516
97.08755756102515,97.05660776949637
96.65766900718516,96.61782054438852
95.80857521326047,95.75883671706774
96.39109772195955,96.35237499736691
97.30262787073802,97.26706775857653
95.55880313094252,95.50580767289087
96.66973361187775,96.63075437296924
96.38378876038514,96.3471191772897
96.79435186359926,96.76325248120811
96.27271081222055,96.23560141524949
96.41239159594956,96.37237793554854
96.52549424286195,96.48322138283723
97.23304876585834,97.21417946074232
97.19166827648228,97.15899729919192
96.82534592333262,96.77963371099626
96.00969323247472,95.95532046486417
96.83152183604055,96.79926909561166
96.40832611868977,96.36851397134716
96.93506960939503,96.90650884301563
96.50996574552191,96.47218742285172
96.26740401110118,96.21760219703144
96.5475752035319,96.51150892373883
96.29460901328639,96.24307885522434
96.409864378078,96.37112149095138
97.4024722744802,97.37694726281434
96.53934107017449,96.50432215502892
96.49822663647637,96.45880493603852
96.34559458603397,96.30226982187645
96.59252802313945,96.55677390153222
96.91452681205564,96.8785194776889
96.7081693761136,96.66757818415931
96.19070880617912,96.14515244814177
96.98682652614553,96.94992738889027
96.78447259356561,96.75200851624456
96.47605106674673,96.43479338050287
97.6795458228782,97.6493654719803
96.40454782067005,96.37275741619156
97.09952053992137,97.07749927972682
95.76447395274992,95.70359462337017
95.48292124287704,95.42372947571587
96.20114637519632,96.14440561787487
97.07574484155552,97.05178531976439
96.34079680234242,96.30020689164093
96.9678515175259,96.93576882337231
96.43591999740391,96.39722283847846
96.95434977731216,96.91800970517626
96.84783871395632,96.81326245983777
96.54966582705123,96.50840693758128
96.42576662169026,96.39057554057463
95.56020649963659,95.50385609433603
96.61981216317534,96.57328247232333
96.14347588081942,96.09415906635132
96.22476305368701,96.17152620279832
97.17061107611251,97.1462208754892
96.55189967991576,96.51000229489748
96.47572528839959,96.44096318053856
96.16103141108327,96.11536962276516
97.07501293417407,97.05107564463798
96.08946177502905,96.03973762310987
97.18197985194021,97.14148493436538
95.99866876652405,95.95907190592226
96.58614053507499,96.54357184909847
96.80301134822713,96.75995929751329
96.8000988167651,96.7607935639788
96.98995024830799,96.96248191219095
96.73462023868633,96.69226788296652
97.3206551290255,97.29424635401207
96.85101014435837,96.80675531221874
96.82938559468961,96.79536442220022
96.53373749962142,96.49250366842593
96.44752075057244,96.39529478795438
96.70014514363976,96.66049420635517
96.50461706733073,96.45110088173237
96.41292348729849,96.37585834639667
95.80693702446028,95.75553115819567
96.12075857375541,96.08123962879401
96.8321286953007,96.78804499876368
96.40495608681859,96.36992665823345
96.04442000256635,95.98781321298006
95.8582209545844,95.81427679899315
96.42190434649697,96.37747363778058
96.08064087160659,96.03357722112024
96.12074824805603,96.07291768784741
96.18632653421288,96.13272170656545
96.72504770183633,96.68212521160403
97.50541892895976,97.48587914465581
96.26523534313228,96.21871619892562
96.71109829967556,96.67858652538331
97.08346796462405,97.04829218955871
97.01608715862592,96.96785092845
96.51758920666089,96.45334650712107
95.89562728956739,95.842512186753
96.91274492604805,96.88178296190524
96.5192034349512,96.47608517173273
96.80512723373349,96.76604413642083
96.40809479077444,96.3453834325613
96.42602419439935,96.3855962205026
96.26518854291247,96.22245074476227
96.7468389516047,96.71746057140713
96.57242107729532,96.53636607283426
96.2345603354794,96.19798172620855
96.89545560067654,96.86296033831984
96.96453973870466,96.93052637896321
96.32978129221084,96.27702211694937
96.42492429851936,96.39142886774276
96.29476491500449,96.24419132088552
96.8266050778503,96.78073880668538
96.50334637315449,96.45973205085184
96.17237559547995,96.1263127198126
97.10294392189302,97.07116907718655
96.50841293746322,96.46830109805818
96.66197738581585,96.62192704443369
96.09508698115606,96.03996725595506
96.00101852107473,95.94888036039875
96.22435971141086,96.1781309685943
96.80118527991311,96.77237534254822
96.66366940438242,96.63113745759702
96.57905002853845,96.54227854025467
96.80498551959992,96.76489717777497
95.80146334490104,95.75588909502716
96.1718750767647,96.12149631221553
96.89456111615152,96.8503387831839
96.27132239719631,96.22477740983912
96.7141754698886,96.66417567954967
97.01313607586248,96.98312559205723
95.83644662221437,95.7895102170027
96.6101485954464,96.56638934799521
96.96709174950212,96.92839824767782
96.40806060876281,96.36185236909695
96.61532502222373,96.57909401205482
96.51387758861861,96.47354744534208
97.33944136578403,97.30752491787278
97.2835446069137,97.25191702597277
96.9404638135331,96.91053773643809
97.40512558952473,97.37548966348393
95.81185814608581,95.75932667010932
96.65225169567643,96.62146029202174
96.27713721962995,96.23839241302085
95.31983476374049,95.25250737151967
96.32664944780544,96.28538881860345
96.29167156629464,96.24900546723816
97.27496496603081,97.25903873040473
96.4667171982089,96.41768697739701
97.14368873591758,97.10920268127006
96.72923544120579,96.69557439748863
96.40222970413521,96.35393537373305
96.52962902300935,96.49464385789152
96.68525567580018,96.64712364501952
96.84261680318845,96.80787404542939
96.62250506326478,96.58337695663494
96.45041155993879,96.41347190383173
96.43487268195196,96.3982023941496
96.498373766516,96.46000573115131
95.93556919498536,95.88159081900334
96.39923906866704,96.34827847386686
96.56644937480036,96.52909238554864
95.87653566995203,95.82031057026857
97.4157460708712,97.38444246948069
96.37726562435006,96.32556211667696
95.82096715138842,95.76507021609773
96.74222960651642,96.69775748030169
96.85739996735137,96.81768870277676
96.29866043040282,96.25540503905385
96.4880378186351,96.45323603986118
97.02098172758262,96.98810380891905
96.64406116609567,96.61462489179864
95.56057052122718,95.50851565107864
96.2373452337804,96.17670046737594
96.33105508421102,96.29200097704799
96.71275740768344,96.67528993276635
96.42885853002542,96.37955078111804
96.0211442877616,95.95225351459544
96.93806607358823,96.9087407712218
96.86995857875792,96.82502825323986
97.39024094131912,97.3729157371343
96.76592119072959,96.72483113517968
96.0573597749886,96.01467153108645
96.30533662350011,96.26143973998978
96.86339581000004,96.82701662864307
96.7509523494782,96.71984198056391
97.11738174619909,97.08163314630492
96.53547013002266,96.49839176540533
96.66734516625728,96.62999613557274
96.31053276921311,96.2671547023941
96.79829677468457,96.7653802700552
96.24822099713985,96.19828699285226
96.325436328993,96.28417038721317
96.09629922812341,96.04353926663401
96.18309635823631,96.14911450096534
96.52243093260793,96.4791905355546
96.58161020403257,96.54070541031987
96.09022501512155,96.03711304001727
96.41702607890221,96.37410673070724
95.81347753324704,95.7458202982481
96.96752705275418,96.93040074663949
95.93502070163171,95.89283571616883
96.53631189072274,96.49163283724997
97.0630775659609,97.03209429137553
96.54454022342038,96.49416126921382
97.63575009272608,97.61131628769998
96.70757255330095,96.66837088468365
96.47999870208857,96.43136922668849
96.76692407821987,96.73871231026078
96.7217432091986,96.68730797596952
96.20144148723101,96.16027007009055
96.54724179372243,96.51551684224007
96.44241212358071,96.40679757984523
96.01059856357973,95.96537418466244
96.34099647293567,96.29444762877883
96.40626961697484,96.37388261535474
96.08817901308632,96.03215649581853
96.85235973863536,96.8162081804391
95.78619318495441,95.73705391888105
96.3688601361101,96.33639585158932
95.67192927975573,95.61555908944716
96.19680621502647,96.16221379690742
96.22757161357217,96.18214638317936
97.21625043411059,97.19263292916483
96.47543550144235,96.42572259797734
96.87777696457687,96.84730698067723
97.0320251023567,96.99326761982562
96.18348653235238,96.12580631482766
96.89528949525544,96.86069504440086
97.22292015699688,97.19770506280919
96.40153284662722,96.3592554133499
96.15847108196145,96.11982762793288
97.07544875674583,97.03933041275536
95.9916769834341,95.93479500124309
97.14713514867293,97.109125116197
97.14889521069321,97.11880475614709
97.28179268851233,97.24727555535446
96.84585099202548,96.81467295006556
96.29258391451057,96.2351485998045
96.69680964429963,96.65704818854435
96.550475438861,96.50947145111938
97.38390863061166,97.3523615809359
96.6939842948132,96.65231724983542
97.22504456753991,97.19515548086311
97.06484657459742,97.03223574696375
96.17258005619736,96.11709665153484
96.242504171131,96.19399731789937
96.57284073352179,96.53218541455053
97.3043529031781,97.28068207610431
96.61684885368257,96.57239499470465
97.1141820483723,97.08451197173395
96.13953434898933,96.09347068467639
97.01233472319338,96.971371107125
96.95466320243841,96.9142965714985
96.56301168263234,96.51549644643853
96.4430656173783,96.4061514939104
96.68104175780388,96.64991335010845
96.37548989773249,96.33307076555879
96.11871099480386,96.04897828429097
96.74040976048016,96.69707866129451
96.62342098497498,96.5811618319709
96.844194420779,96.80692999945647
96.42700074031113,96.39476202397817
96.30052006938439,96.25670310434937
97.52929309329129,97.50462908793558
95.83530452915171,95.79016288066688
97.49119448903767,97.46449750006694
96.77824855006338,96.73376944386757
96.8286602820397,96.78908798494402
96.0217702608708,95.97116112423599
97.36566003225607,97.33960466365977
96.4350318345635,96.38690969685507
96.95517175014578,96.92506439266714
95.87004659866085,95.82170802978479
96.78105604452628,96.74147370194189
96.79049315546472,96.76526745441612
96.21163243582333,96.15673815892022
96.18234704952597,96.13291759997001
96.63997486766206,96.59281799232974
96.44889684951778,96.40051330951528
96.2235525303047,96.16984617561243
95.50209791363852,95.44810326243172
96.08256565928275,96.03758810243238
95.95804659639965,95.90037241070252
96.30497864152754,96.25826804198118
96.13696307158824,96.0976525867726
96.40330408437967,96.36615441357417
96.23955154081641,96.20372393913595
96.15457381976425,96.11136886728916
95.78952257872193,95.73948308029325
97.18359026553513,97.15973355997117
95.89752619663749,95.84768683134254
96.52734178917646,96.46250855723261
96.08982456531889,96.03905539462666
95.89988867733771,95.85068310145789
97.20601382712543,97.18587976082794
96.59657739116342,96.55956874101169
96.11410837672481,96.05672025002778
97.03188810860163,97.00214015659232
97.39352041989895,97.36572850911992
95.70141275853854,95.64787976931882
95.70249065144141,95.63388204572634
96.48676967277578,96.44094613728234
96.40521948582466,96.36784295244205
96.82688513516216,96.78745088320301
96.35129532961753,96.31600019449647
96.54600089690935,96.49476478178597
97.01742760624771,96.98235352537023
96.95953967804832,96.92860114519532
96.89847439997605,96.85486711298678
96.71849369998006,96.6678487239071
96.43538465495047,96.38549700401194
97.33720584579683,97.30785885892834
96.88505856469439,96.8455227170968
96.59388613278142,96.55766054475389
96.42823675663523,96.39345454151702
96.51779436596395,96.48709317198653
96.72583317438608,96.69711153747367
96.35796330738056,96.31786560949665
96.26244901587751,96.21522423023147
96.29788239921723,96.24812844659874
96.19970640919696,96.16394877934174
96.795647673806,96.75305358427866
96.15650008007337,96.09793472329272
96.92348923785424,96.89662776156185
96.33590081824735,96.28735194994948
96.91664694801135,96.87637543924139
96.04737449717753,96.00005558663449
95.31601188693742,95.25195382838467
97.30330535545725,97.26725186088085
96.24159580880094,96.20078035876959
95.64035548990135,95.57810199186346
96.56184429774929,96.53012774165242
96.76601416868218,96.73688693674025
96.71116902109843,96.6647084888454
96.30909363983378,96.25547243828622
96.16133629281325,96.11040956547814
95.68703906199407,95.63616015203294
96.43613491418559,96.37908107578198
97.33438301790895,97.30244576105592
95.66549517275784,95.60993571944022
96.11848240347699,96.06919801018311
95.37151231001548,95.29710125872126
96.38280608308403,96.34666543166992
96.43288499769298,96.38932777636859
96.08777484043729,96.04049659060468
96.11255256399127,96.05796644781654
96.71286361339857,96.67915641882628
95.76097326356101,95.70858329424323
96.38134094184889,96.33880686061326
96.29289528527956,96.25637892592634
96.29312938292185,96.2491947583312
95.68820368524366,95.61892781749543
96.39538354714372,96.35715918382708
96.58333227125448,96.54186882459948
97.0914136801572,97.05719890308083
96.98864227272794,96.95438630330615
96.58925311173495,96.54112614141435
96.01259199444594,95.96094787883962
96.36767441346461,96.32327163575167
96.45041804314589,96.40280917032808
96.19248866211132,96.14337639967273
96.28987755295651,96.24505967563262
96.02852158748394,95.98714908348555
96.65659674713322,96.62468178626678
97.23898735497465,97.20521976586947
96.3820645571993,96.33818151763694
96.65198250435306,96.60170531351983
96.41280272065252,96.36258561858901
96.403392214632,96.35423368688963
96.5758141918854,96.53243032036742
96.51933735385637,96.47272165134112
96.33867134497157,96.28862049350515
96.45160090962789,96.4042110317553
95.5691470878891,95.49816433756578
96.29970273921668,96.25806680417985
96.60624919488444,96.56222525138871
96.79301303420011,96.74447576473332
96.63945508005853,96.59351922527762
97.03548157568079,97.00825621920892
95.21105290194129,95.1581501717923
96.75002948384058,96.71010612696541
96.43481945073947,96.3844800484913
96.0176384700451,95.9582491323321
96.27158379589036,96.20775811309171
95.99940796921216,95.93555145834557
96.29720618868197,96.25244502303981
96.4269245673926,96.38195138047273
96.95381758510115,96.91541001253887
96.06420059133683,96.02184794305033
96.39024901221644,96.33400011796735
96.80380929295228,96.76546094057505
96.50792845676887,96.46863542568254
95.93070613805322,95.88026730604633
96.48820518810147,96.44629872443343
96.9102403794839,96.87973609208095
96.14414561265468,96.08860127972895
95.89155694686029,95.8412167111348
95.4704769045821,95.4196951208231
96.52048595898437,96.47138216412536
96.94989256456203,96.91701001089945
96.76090815158915,96.72218857824998
96.03864179261406,95.99328665254112
96.38881151605476,96.33449650708063
96.77009258154452,96.71676088834687
96.84697211115136,96.81598354699025
96.01631976586596,95.95926471496034
97.02359104249437,96.99938793560523
96.39194782392937,96.34908267124487
96.30145030972136,96.25403720939646
97.78014227780301,97.75742775037054
96.88469054559617,96.8409383571541
96.13705065073182,96.08257550854641
96.05786765760853,96.00113157924396
96.7000517839418,96.66251519684424
96.60821650629472,96.5617319468026
97.05675324773583,97.01568728481158
97.11845794777963,97.08713033261185
97.08447188313687,97.06285867445067
96.80727797185384,96.77448532035218
97.19115845663718,97.15772851128266
96.73950782608868,96.70529172838809
97.62074754314999,97.60106715029752
96.90834274028364,96.87151891513875
97.1884107133375,97.14447473921891
95.66601556838336,95.61104483521319
95.52422777762995,95.46534360500429
97.29316291036297,97.26333999907266
96.85968350499297,96.83437790693105
96.61249172668144,96.57562431509177
96.26387354146347,96.21494431794778
96.8720572742158,96.83646185534747
96.38766020826677,96.34716093027772
95.66018298149298,95.597861564871
96.74554236782511,96.7140023083634
96.15005138409812,96.09846480594622
96.76842884150888,96.7262459291506
96.74475704803004,96.70384279240565
96.57444302574395,96.54223024812997
96.02752733177468,95.97347895739897
96.21006844019472,96.17265924909329
97.21187954594356,97.17752145889918
96.42502162512429,96.39046210419225
96.58905913745076,96.54959296765954
96.66816509805648,96.63258201862352
96.65395268993558,96.61673347685637
95.1513735350314,95.07315970465395
95.87964494790599,95.82394325143417
96.95133515120123,96.92477962511715
96.88945427709396,96.86176105349548
96.37006658129019,96.33724393405208
96.61569680302414,96.56923967741078
95.75261793833099,95.70207067449122
96.49142926923832,96.4611106847357
95.44875701030276,95.37074505122828
96.51100056415335,96.47620633539256
96.1845956228692,96.1375507996481
95.9987000379728,95.946568609376
95.38328945557109,95.32311189595545
97.6019105775968,97.5713101518389
96.1622905167658,96.12662796265626
96.6517312480854,96.6087540833386
96.19923273682804,96.15084072730069
97.76464171152139,97.74287722430275
96.6962941486617,96.6585006272339
96.20049746127994,96.16262209870348
96.17109543533343,96.11949051758536
96.86880041797808,96.8313757751006
96.5135494277907,96.48092537402029
96.58884458010496,96.55610350372943
96.17394302690438,96.12402531451457
96.84364472670133,96.81320338148136
95.05940979709814,94.98983329897787
96.31917563816147,96.27003480637622
97.10082588245315,97.06399535052365
98.27417717702203,98.24914641763127
96.45595352328012,96.41797742542136
96.29899136677263,96.25039056828298
96.42944571170183,96.3934637459504
96.77134989819714,96.72393036055905
96.2489770454917,96.19346815039158
96.93907929154533,96.9069392966855
96.6492252762354,96.61553486647735
96.52567086915235,96.47333114967306
96.40263321947747,96.34618682504605
95.81502884509393,95.76430641892343
96.90018932182589,96.87171977413036
96.9146642054679,96.89226844852676
97.22188488020882,97.1817963455246
96.06713378474058,96.02157127298086
96.52444318358128,96.48143470960791
97.75462121735225,97.73803361285438
96.42992969137725,96.38796940307529
94.95112530214953,94.88333792528522
96.0459163008021,96.00279304347092
96.39533029920847,96.35817573624844
96.74685764425892,96.71758235258086
96.53068526569919,96.48552780603028
96.21380416317905,96.17261680458138
96.7622998813995,96.7273187095616
96.93506373515062,96.90873858182788
95.81411378488865,95.75688430650402
96.12270494797562,96.07554162467233
97.25884258248969,97.23223960716132
96.18742387835003,96.1363305131677
96.34937348087253,96.29520367028206
96.79763974564355,96.76508864234613
97.02131769820387,96.99620700372932
97.02530288272882,96.99366737298642
96.54813673826982,96.51482523015065
96.94424372061505,96.90792531201572
95.89476762980314,95.84832938974424
96.30581422454797,96.26538136848045
96.04814600531334,96.00143601924178
96.5545151846415,96.50392410050962
96.8387193916234,96.79921333905092
97.07452590337502,97.05131053307868
96.18519055812396,96.11816560883359
96.64260723001526,96.60405815113066
96.36370341831365,96.31750342119945
96.95378920341655,96.91705574741506
96.14720526311794,96.10028249711989
96.409725052288,96.36693353640021
97.8506338604245,97.8262771670227
96.61341780157642,96.57421329447222
96.28656203098164,96.24093366927687
96.71662746928433,96.6679471101239
96.6895165258382,96.65199815082678
96.19586984751882,96.13977295605106
96.55418465498217,96.51957698561935
96.52600069359875,96.4803780296026
96.73009864558942,96.680554307034
96.0858810033454,96.03193076634209
95.98413105143898,95.93973240696059
96.96662312489,96.93086384071313
96.12363817199163,96.08767593180184
96.52860760265497,96.47950386230353
96.87334191630816,96.83384035495827
96.47030233063295,96.43195725585912
97.31565975910655,97.29220838639718
95.67283490513171,95.61831491220713
96.08685143987518,96.044863417537
95.88150431014363,95.83418338727135
96.54359574530741,96.50864202113921
97.27901663815614,97.23958975859577
96.61877309615734,96.57769917880567
95.93945982634412,95.89839220238298
97.81678466811665,97.79376678370713
96.46560794613815,96.42481425889541
96.51689579849555,96.47474523473704
96.27271897670951,96.23352541376889
96.44292757084536,96.39025241339083
97.35943628325346,97.33836790011419
97.20122138214064,97.17319043242098
95.86269417380879,95.79757471359295
95.57593515968074,95.52751612308882
96.91366860143255,96.87915874509665
96.53976617582649,96.50340795075937
96.22661007008669,96.16741121147383
96.09409319183155,96.04435985388824
96.59722251134623,96.55575358153564
95.63292796487858,95.5810258724982
96.3257939702023,96.28671644423142
96.25603458072908,96.21163039667755
96.51386605432775,96.47907799939942
96.23548709628258,96.1934087060264
96.04207762264997,95.99452479980715
96.59545205601621,96.5700938439304
95.45965112496837,95.39142221002301
96.54867896977312,96.50249864833336
96.85411908724456,96.83076124849464
96.28941649556106,96.23575738675504
97.1315213080815,97.09220254402555
96.65592481254653,96.62279746867299
97.12388877910898,97.09307856826658
96.40030315872582,96.36731286152293
95.81734491251065,95.76070988069569
96.32704743893484,96.2855954915908
96.8082239787923,96.77455805265761
96.2923511758882,96.25325406739951
96.6215502448178,96.5700633696108
97.34327771013996,97.31141168561224
96.11358023015536,96.07082019233584
96.51387400526932,96.47894784168928
95.95154117463905,95.90467160055306
96.77717868239647,96.73549003139084
95.7292743027793,95.67317795006437
97.1704928549455,97.13089199951759
96.02470480627272,95.98026686442994
96.06946146038615,96.02172620186514
96.59911720695533,96.56234186966499
96.35577994540056,96.30705303128914
96.23059368888164,96.19437329213078
96.84901443347631,96.82191356452738
97.33880381897072,97.31182033413297
96.29693626310451,96.25118179534952
96.11710906934363,96.07480550550297
97.74993854623939,97.71017757309063
96.88329727388218,96.84493537348246
96.48206232959389,96.43755505555376
96.47307700603473,96.41760362975938
96.7340226223588,96.68878395477398
96.16351419094944,96.11621446857694
96.80221005596546,96.7563523820327
96.82560983346477,96.79038392773819
96.60837431230577,96.57743924379253
96.19577923786443,96.15826003565178
96.88294808718341,96.84798661611046
95.86770578572383,95.82990419794181
96.37276745965701,96.32443319993953
96.83597364697138,96.79857108405632
96.70972454553957,96.67196620902675
96.48431670082016,96.4498156089979
96.69883350880991,96.65370375352076
96.91302353133662,96.87311307417511
97.27835781784351,97.25663586006026
96.01451345458169,95.96999530058548
95.99778677911044,95.94874563572121
96.83205674446158,96.80783548712542
96.70714220931883,96.65603497401588
96.92731502295473,96.87385909595665
96.86982214615098,96.84026964604575
96.62214246580444,96.58895229471929
96.80018698803119,96.76225411114771
97.14444405291604,97.12354533310695
97.38055666819318,97.35633908397823
96.40649466444576,96.3567757076317
96.01374418452924,95.95139878036136
96.99298643993534,96.95936671027167
96.43816757015234,96.39141981927058
96.3261919172665,96.27221455336095
96.22107484671199,96.17794756178765
96.84184430023737,96.81034649030532
96.45370353090176,96.40950291731572
97.06863700149748,97.0237745092708
96.13281655069221,96.07526418669171
96.96531561923797,96.9245531522584
97.856955804791,97.82602408254684
96.45939828865177,96.41238534568582
95.82106055979946,95.75758574549099
95.91955326223393,95.86543436984832
97.2506638381904,97.21115499249566
96.90378382991986,96.87022463204856
95.8691316089056,95.81750424111803
96.49333018771954,96.46037160329561
96.54242586444234,96.49340547393788
96.81516928828356,96.77984421509943
96.68710094232152,96.64534547170422
96.39453146020814,96.35217956829514
96.49949967749455,96.45463265049648
96.6908138642763,96.65438589394012
96.05414858779281,96.00509447307229
96.16980835289586,96.12771276947343
96.129654460226,96.06792673813153
96.57810319325112,96.54676692848865
97.07802956942227,97.0395153700318
96.49773285141062,96.44898595206143
97.18861348074843,97.16105255729077
96.49721407840838,96.46797525525415
96.71732855489823,96.68446949291989
96.0533180621501,96.00319802746041
96.66348041849318,96.62877932666021
96.12529658459749,96.08892676534285
97.64142646311808,97.61730266364057
96.49917216107937,96.46125461256919
96.49731998368476,96.44466874895309
96.70945463029302,96.65994637187161
96.93689994477818,96.8967648004267
95.73265133869243,95.68486878352883
97.03456019839443,96.99733272197982
96.0414283496888,95.98355294558516
96.69703745394075,96.65842497215857
97.4693767278913,97.44233094223618
95.7902461075954,95.73650151696827
97.01641438153533,96.98762856423336
96.53785503521755,96.51255121717628
96.33954777881677,96.2895903473118
96.73369966853026,96.68652239689547
96.3664694684204,96.3313562805162
95.8364238935445,95.7844139569974
96.73911210235215,96.70612853451993
97.09542489937672,97.06268303369379
96.69867129726903,96.66053310583034
96.69076522979869,96.64862925384014
96.46650223063419,96.42068202561103
96.82552301887753,96.78998568362562
96.42191442985003,96.38313627383623
96.92304922795638,96.9042242815645
96.36079936875562,96.32213097003498
96.30525093553314,96.26710957178678
97.05143914233156,97.0162706229402
96.94382667567127,96.91734818595802
96.86530277900353,96.82983565513176
96.44887576139378,96.40363700980195
96.34076343590687,96.2961837889314
97.13081576664842,97.10143678648902
97.60676748860546,97.58708527861168
95.94513368151534,95.89510416726415
96.53506718919529,96.50448772819502
96.34406300460655,96.29780685632726
96.54472079129256,96.49377860973084
96.36972531646948,96.34502495191778
96.95449124423183,96.91247749263782
97.50520572198435,97.48042975388756
96.3297668092249,96.287836691142
96.2561438002089,96.21135374759956
97.22052939409927,97.17475430118296
96.57010005071884,96.53207178352423
96.7156558776345,96.67214634241127
96.40155158158886,96.34912218464623
96.28081188329284,96.24303995900563
96.64304154001748,96.59941770617772
96.271513155972,96.23049103300208
96.22814033361307,96.17779429601862
95.46468658469135,95.39856642473534
96.81238352186159,96.7658126834875
96.9936372582571,96.9473696604149
96.07296320563336,96.02777153466447
95.84246535009697,95.78946484283354
97.01132461000184,96.97483754152077
96.76307277318693,96.71273346738964
96.57974326800344,96.52845369089574
97.14007616217143,97.11101605176546
96.99392071145645,96.97218070938125
96.27424689499158,96.22294411777344
97.33000519273955,97.30359089249565
96.2607979952024,96.20793734982006
96.83578238560447,96.80071494444002
96.26796566984065,96.2228972358254
96.96046906355078,96.92603337619931
95.70528075131949,95.65206114261115
96.84729152116219,96.80686987185145
96.35452269803123,96.30308389868382
96.99079245409523,96.96820207002716
97.07481757058848,97.03894251450377
96.19797982699895,96.16015604148282
96.82595729724144,96.78860801142899
96.76693880471598,96.73076519805423
97.51643276832772,97.47606592581256
96.7096620527225,96.67644458468968
96.27634359168601,96.22564931228683
96.91418598534457,96.8882613359499
96.32150702838709,96.28354779495689
96.49820910893763,96.46184619555777
96.39398697848192,96.3523014384472
96.6158948680603,96.56559970070151
96.66710826221032,96.61846892839827
96.02519609484177,95.97339380463544
96.82026747619925,96.77963547055937
96.36635350144864,96.33020543052442
96.29031827020108,96.25905448114926
97.18345446740366,97.1586085313887
97.19956610742821,97.16796003691225
96.67980988994348,96.63185970943346
96.4685057731912,96.41228033304535
96.48305801925564,96.44354036289369
97.02458961466456,96.99700152243688
96.9492022291808,96.91373672077457
97.24665773747795,97.21399792258974
96.41656577214046,96.36658918301075
95.3450067097557,95.28896929719497
96.59481480083018,96.56499364926907
96.82529786095758,96.78520027135781
96.70529204010526,96.67648942079866
95.8720318932058,95.81144327607547
96.2825593086056,96.23311186960187
96.31084143570972,96.26235290652407
96.11353149026209,96.06976327495497
96.19893199506083,96.15982439162731
96.52403819834564,96.47661451130847
95.89630299016432,95.84416421939633
96.61617171194607,96.58488656482625
95.93781677914745,95.89198366195335
96.83661820560143,96.78896632998915
96.7515115199202,96.70732325694206
96.1876464571823,96.14432197254116
96.11215509492541,96.06803837553554
96.65240610371444,96.60852629145606
97.25491138927742,97.22180455982534
95.63500340133598,95.5927337687223
96.59783145902752,96.56220226889488
96.28627987398076,96.24019475858297
96.32757983577416,96.28373660750778
95.80129977866521,95.74229010516541
96.91257832596355,96.87654595978121
96.27801380621985,96.23689337413947
96.42085618394118,96.37411845766607
96.19831442416688,96.13736177941433
96.39828372006323,96.35399427375305
96.03711336563784,95.98995640791325
96.1481613230744,96.0940028987224
95.77756112781408,95.72275025028311
96.5757513274969,96.53452072554876
96.89070284149243,96.85478507941413
96.37945203839661,96.32962455948393
95.72572110175733,95.66528605564109
96.60708288006434,96.56975201456093
97.63409270259453,97.60289630833181
96.4536589408608,96.41536052725353
96.960024724514,96.93374778183652
96.97971125898799,96.94443597571932
95.68462407212272,95.61540419425039
95.83614203269151,95.78068693325417
96.82532064160148,96.77795832053069
96.4026165395726,96.35300629772841
96.0392436177349,96.00113207310825
96.2590078033356,96.21002228423693
96.30561496321529,96.27501013717126
96.32078767346296,96.27089132130364
96.34839547465563,96.31600742172951
96.50421273456706,96.47770074600365
97.29421414802138,97.26453734150813
95.98997570047766,95.92952226879626
96.9564883851061,96.91911611027751
96.9599650326502,96.91952581133599
96.9768708754634,96.93607168900574
96.91749201067499,96.88740502691434
96.76591244450253,96.73058203511957
96.64246607077276,96.59935108558658
97.16299572539923,97.13210638894029
96.46678402937373,96.4303772531176
97.15870578502883,97.11713446660599
96.40418825909912,96.37301076113494
95.62055883876475,95.56083148653595
96.86255876423536,96.82149700944808
97.14473723865326,97.10938208169202
96.03986075409688,95.99614865409266
97.13346655660989,97.10667874215416
95.88082027432534,95.8245198507652
95.64688433611772,95.5946880221789
96.97712142435999,96.94391624160166
96.28201081868619,96.24334961923873
96.68385651915617,96.6510797128086
96.6399942113988,96.60835554306611
96.44687912294732,96.41684025999156
96.15525996509254,96.10906449879049
96.6293330922545,96.59400761065724
96.5388123833299,96.50844746686357
96.10050263373549,96.04788319142145
96.40197960691252,96.36379944637864
97.03968215192319,97.00439812541389
96.74596006483014,96.70644347944422
95.99040210108895,95.94850883626108
96.34900401165001,96.30836894563495
95.2150574433056,95.14840697715009
96.72361422224947,96.69058618393655
95.58067316007232,95.5189522662486
95.41665475668378,95.36218611912659
96.89149418286361,96.85809928662657
96.81014966243279,96.77381962208092
96.21624366931748,96.17201089346509
96.08550685453766,96.02344893207642
96.51895243171246,96.48106074018067
96.94443614626529,96.91756453061215
96.33037090311274,96.28232481375912
96.94763213097254,96.91140038692122
96.57770333919044,96.54238457453594
95.60155031766875,95.55094827048252
96.62666446721691,96.58653495748403
97.04231921051033,96.99969409718534
96.4001379473828,96.34305847789021
97.32455207886622,97.2936122069283
95.71705693823509,95.66743263701241
96.58163005237756,96.54000689028442
97.01555942782093,96.98188745420251
96.93958699580773,96.91300321344376
96.93907552201377,96.89460765705023
96.90323734144559,96.8599918828874
97.0480836609525,97.01524451825969
96.95424229977482,96.92897550013008
96.32801356277452,96.28159836857334
97.09255245851888,97.05992543989846
96.49825965522331,96.45643274165487
97.32325335061664,97.29043194479914
96.36225342300024,96.31933316310038
97.10091186946836,97.07397589088427
96.33830431848604,96.2944473896253
96.86514505850093,96.81981297286725
96.93475751147618,96.90812030088136
96.31952181640943,96.28107080500078
96.5962142213769,96.56314906319923
96.67586736347164,96.63310736790976
96.83454567609463,96.79525608438212
97.25630171648976,97.22872532609951
96.34302724891351,96.29191782150038
96.41495820866787,96.37439469870145
96.84351734763834,96.79003911110561
95.60543344616178,95.54286477623627
96.79172559958448,96.74052855281336
96.46804375020758,96.4311898609046
96.34927867527395,96.301465711908
96.80923994691317,96.76965358124939
96.94770669956078,96.91734603873297
95.71271464562585,95.66043473998421
96.68187785888345,96.65418436132697
96.42257236494703,96.3782578068928
96.64679320748495,96.60016394199947
96.0966804151039,96.04311326754603
97.46147675039825,97.425336137039
96.96736763289016,96.93500015598937
96.70854700691896,96.68461685821057
96.8880355964526,96.8571040420148
96.78704761900286,96.75559679409439
96.26682350356279,96.21822418903831
96.12420159241134,96.07949457545348
96.44830083766121,96.40871302453013
97.47285725146212,97.44823763206608
96.45195805061087,96.40056933396447
96.2316563534736,96.18784392265005
97.44538398240151,97.4227841600556
96.97829878010613,96.94966515713415
96.43259128728253,96.38649881521161
96.71038692545217,96.66852170871894
96.29462636821373,96.2547598037924
96.44120953841346,96.38880402905644
96.48748930088237,96.4557589642096
95.66850982460599,95.61701132527402
95.6158897212258,95.54301045036011
96.6883932155846,96.6487801073163
96.22165036940574,96.17338397268755
97.44342580976077,97.41431049549428
96.19981473608253,96.15031790441562
96.55967767309943,96.52019914519305
96.30298481921973,96.25930639712287
96.4210039384883,96.3735981951393
96.03270398322019,95.98622958845691
96.20138801920926,96.14932162902657
96.88960185052292,96.85101108969984
96.63755404545482,96.59924552628256
96.92784106367777,96.89072912648965
97.54488036607532,97.52159087322363
96.55394460573599,96.51735479887861
96.58999018162365,96.54908362145211
96.473761121628,96.43190968778302
96.70323590037123,96.65717052901975
96.99926301857235,96.96746534201249
95.9191367316322,95.863478754564
96.27005786370697,96.2170359842341
97.00189884388593,96.96552101552076
97.02218628345571,96.99429212654434
96.59410008718163,96.55979643907679
96.43242892069449,96.38406242433815
96.8229271265702,96.79145231145675
96.19705935039363,96.13670547531005
95.6975693688494,95.64584891773441
95.74571437398343,95.67404256013556
97.115384049651,97.08247587410678
96.40386944576552,96.36804885037337
97.36690490615803,97.3365114739219
96.49986008792537,96.45808713513806
96.04068695004244,95.99240147090417
96.1118903265657,96.06030102736582
95.47279947124643,95.41403997737235
95.82654016313751,95.77005236578876
96.73407338786365,96.69770509225106
96.30339132307753,96.27071763345141
95.8921057301407,95.84144975777684
96.20798363111416,96.15525192840985
96.06624068391064,96.00583420536469
96.08851235679627,96.04693720672556
96.53930398388597,96.48947643910773
96.65032865692365,96.61191232004042
97.440989972111,97.41518251150528
95.82972649081539,95.77794696984705
96.33398322818758,96.29104408626891
96.442205667228,96.3917575171715
96.7429953343445,96.71616198839206
97.54692736635648,97.5234952847449
96.27851586636726,96.23929868716586
95.81912622610196,95.7517340959029
96.23529319868281,96.19499685116229
96.31891865413633,96.2730411931703
96.79211736859592,96.75279328142156
96.28308360804812,96.25075444613078
96.4653678268473,96.41908533182043
96.20966582093834,96.16451300682353
96.36806700744505,96.31966591787459
96.48170757062367,96.43122589108329
97.13455551995231,97.10609510427123
96.06781438767025,96.0195614843879
96.0055001719654,95.95454263859027
96.27293781216969,96.22614159838353
96.68807176948017,96.64870259467006
96.5030923797769,96.45490125526796
97.51519106794773,97.48657195495873
97.24974647706135,97.21411893399608
96.81898605524158,96.78326743757562
96.85777809467702,96.82518554526328
95.94232525426412,95.88519285468631
96.6028976363598,96.56585651804487
96.52494588581217,96.4798872138624
96.55727337875885,96.50946179860551
96.35001095258922,96.31140832405482
96.3162646455458,96.27064743079372
96.11402169496635,96.07837841583503
97.31445119923596,97.28457306688753
96.68923433612437,96.65288741177982
96.28409858731192,96.24801945164293
96.691066102727,96.64799517322089
97.42101027634,97.39553551532948
96.64763858942538,96.61128417660855
97.0254552887462,96.98859943596378
95.86355078360911,95.81029118549183
95.98799734913047,95.93355332793337
95.89796749867546,95.84261942310299
95.90542602719194,95.85405501031443
96.98993344542019,96.96160703355355
96.26469519620139,96.21622767258336
96.28910378674804,96.24593447857563
97.00691074901677,96.97374708515214
97.31064544234407,97.27857213374855
96.15999281754024,96.10187353463965
95.9510567421766,95.8958400912133
96.09811037224713,96.05577564770259
96.11325090219742,96.06782964033133
96.55922479993609,96.51780318085487
96.64994828587012,96.61216297702154
96.75479302610087,96.7130586235491
95.24043776384684,95.18351055353531
96.18459177606091,96.1374504082557
96.47908170670455,96.43882213582052
96.45418059520149,96.40617266658735
96.37529404614129,96.3274577558202
96.53102962104529,96.48563892224223
96.30030744802423,96.25689334862072
96.56250607910616,96.50979414244938
96.70988102946394,96.65778541114884
95.44165324803407,95.37007700148605
96.88266990134133,96.85148510487208
96.37609210330429,96.33780081052305
95.88346225123495,95.83763930307698
96.37026268790102,96.32098474497948
95.31309640901083,95.2307069409875
95.90438681012694,95.86464123219027
95.9560011004657,95.91307684589584
97.19936031632358,97.16330819897185
96.48720842103091,96.44480938969562
96.51376444467692,96.4703537331816
95.85669331729224,95.80828918869557
96.5592764531985,96.52108437468169
96.16504016740018,96.113820971671
97.01424886913192,96.97620392211545
97.35814568112738,97.34019802470202
96.73755841476896,96.68962621278973
96.27128544369931,96.22457495000073
96.6472494019083,96.60632333844434
96.68505025243965,96.63963097265493
97.1386570802423,97.10823752846194
96.32831542612863,96.27943932736657
97.29712194036054,97.26584021109413
95.68334060355137,95.63233350760213
95.71084361223154,95.6568284403569
95.90088477155598,95.83492382628226
96.76248805669273,96.71995873575266
95.96038543888834,95.91522407532176
96.70885541833076,96.6607024827989
97.03295132896866,96.99354661937366
97.29108486039154,97.25521521228639
97.12951096724919,97.10515182616425
96.19543726461586,96.14978675646722
97.33688823615284,97.31018834591197
96.30099090399224,96.24781727280562
96.47841776268628,96.43484447540492
95.56714222565545,95.50743404384
96.09681955634329,96.05520181442888
96.37067258930132,96.3285393379737
96.5854295000854,96.54699967962118
96.92790499485014,96.89304313410892
96.42856233310516,96.39645636753899
96.0831321759085,96.04252661483314
96.62100621319976,96.57823594190387
96.38412610406047,96.34801110345599
97.0177962910174,96.98204843537732
96.43729611137728,96.40238563696876
96.71365851746341,96.67355965696501
96.87536021574097,96.83861085678518
96.9846708882386,96.94609480149981
96.41275462899017,96.36922339637093
97.01694313267346,96.9810362798395
97.02932429463524,96.98591885066463
96.8890550999293,96.86066326390976
96.42305164134768,96.38147751884793
97.38045072503809,97.35379333098493
96.8335760205807,96.80691437203812
96.63045603285771,96.59395366739783
96.70690878740672,96.6678598551303
96.54001170943495,96.50331018613227
96.96057203237292,96.92462797811021
96.28845441785201,96.23672647436436
97.01245901929751,96.97114270083851
96.88056415476518,96.84536568095946
96.48804164556427,96.43596546750312
95.61769197827992,95.55586123159092
96.80491279998667,96.76307369501697
96.40170465917748,96.36440038498614
96.22098387105284,96.1749994808917
96.535392941253,96.49760394459479
96.6207220291088,96.5775103306437
96.49122501686824,96.4478193189268
96.52462284002966,96.47247274305724
95.42262606494906,95.36282366504564
95.97233363253224,95.92175410282078
96.82734591791268,96.79124542181552
96.79314881631986,96.76142679238129
95.83275468975677,95.78488890761858
96.830249778099,96.79254257085931
96.67560256264044,96.63411690402673
95.89674009898526,95.84885686073147
96.8007676712877,96.75382390472703
95.92799098386091,95.88773240770384
96.67702972648311,96.63629084785654
96.4411764143795,96.39720672449148
96.3247465361784,96.27615329977152
96.21244206911165,96.15664465953589
96.14787171588603,96.09685506442095
96.5423386758927,96.50306100499482
96.20990905054379,96.1649995033277
96.61456879486215,96.58217634775477
96.37563648328631,96.32455444575673
96.65933802046852,96.62238736507354
96.1505230264515,96.10098079206158
96.34121281983582,96.30632157421354
97.349350876279,97.3227082707888
96.19480784587168,96.14737238544087
97.29150969209067,97.27003611058318
96.04269893107308,96.00609211112615
96.55542865305625,96.50737897774037
96.16006032127265,96.11201956290942
96.09945041174132,96.04949473022651
96.25022628867768,96.19339162205333
96.37634553461429,96.33285801515535
96.27473320525547,96.23152083247385
96.56754978602812,96.51512481731196
96.16498575967137,96.11587081164664
96.86215715526326,96.83064382064471
96.50281854812467,96.45350754494756
96.33687278702361,96.28814898663039
97.41132019228739,97.38657172810362
96.70185216347524,96.67153452593472
95.39136813479466,95.33253206437124
96.22579117990564,96.19143952854355
95.86919754770544,95.81791287528459
96.65000511511484,96.61332431563127
96.06303570200232,96.01222888808238
96.44467957488676,96.39840073715371
97.02039556329187,96.98601484712016
96.41084938090893,96.36959666013364
96.27989601800213,96.23044442143242
95.83828574944046,95.78419226082286
96.68685021663472,96.64998986534255
96.8914844789088,96.85813418851282
95.67562390762644,95.62281579535572
96.12303396517211,96.08505551474224
96.60822900407754,96.57319859920409
95.92009535468425,95.85896106529158
95.9962408297669,95.94904277963029
96.3929262617311,96.34268650858654
96.41419262521354,96.37154951780249
95.93997080594995,95.89538546360677
96.87171794943008,96.83339880865795
96.57329677965565,96.53297784430745
96.11841265178086,96.07212519896349
96.50367903926613,96.45965830651613
96.99828593837582,96.9648500851739
95.46333556209376,95.40104270084439
95.3582908821835,95.27813430739371
96.74858438086213,96.72013923494404
97.2817530859285,97.26138481473438
97.06659571806445,97.03434407290743
97.23430451747411,97.21071081819663
96.72159592976752,96.68333755385355
96.7395965577366,96.7034362109402
96.84178814721852,96.80690875111904
96.13836704228628,96.0893968920739
96.30360610394638,96.25782902660498
97.14386492350675,97.1090270014757
96.21012830434404,96.16546547633328
97.22872542929176,97.20523724814223
96.20911579341492,96.16099193455544
95.29106265220416,95.22137093125654
97.06224306613878,97.03767296828342
95.9399966346361,95.87905857867172
96.21914814989972,96.16324645012641
96.73613625018541,96.69504943739192
96.74602527563144,96.70720368256556
96.51004499213488,96.4614348135567
96.70610282104971,96.66048581391217
96.24603237662059,96.20343347505386
96.04648232654355,95.99207062692007
96.27795343686458,96.23507701511036
96.4579353052613,96.42243859287458
96.54284003087373,96.5019893843369
96.90706287179484,96.8730166245332
96.42055588452466,96.36631445279868
96.05596591504441,95.99898742109583
96.57992180906872,96.53563661145202
96.42488483087097,96.37716840471154
96.97129567525351,96.9386845025969
96.42776438264038,96.37938168091827
96.90589031199995,96.86861606140312
96.97358246960768,96.94447287092012
96.88448092976802,96.85319129802198
96.85493108336043,96.82398592242473
96.52446616684776,96.47280618338067
95.59487356623666,95.54342219459998
95.3101922964603,95.25696004466255
96.72833892595601,96.68526723201897
96.57639125876045,96.52913925593289
97.067068813376,97.036804800157
96.20333209267787,96.16311040245823
97.1166583843197,97.08611575746531
96.65016281912726,96.61629126124845
96.61560697910417,96.57818536699548
96.63437622539084,96.59095726468163
96.67929040635764,96.6435197853453
97.14581154212068,97.11269279359784
96.42352051422202,96.37753083734279
96.72066990920106,96.69568223753717
96.92964147682984,96.89932033726407
96.39930722633359,96.3570620442101
96.22518224157464,96.18323256744601
96.2493087360289,96.20493286771992
96.12138343862402,96.07090191317118
95.867224503563,95.82264849962193
96.45235722711101,96.41456105174514
97.12384523848647,97.08275016666892
96.74704554242561,96.71586447347858
95.44871336777993,95.37566741092142
96.62679564363788,96.59239974238149
96.59744623678498,96.55719410875345
97.22695481587726,97.19932450322773
96.7022069573252,96.6712187244539
96.60923135950418,96.57833196187379
96.38327303265186,96.33728499275445
97.09784437105058,97.06514234561202
96.76001445818241,96.70800891511543
96.64037509090505,96.60123058433017
95.6517409545574,95.59057892375725
95.97046973440438,95.92570610281557
95.57834401026203,95.53010354002706
96.88958561933049,96.84981586231784
96.85121069129421,96.81509336000677
96.37713107401721,96.34291651577593
96.56669782342443,96.52572242947988
96.86798321541794,96.82612305494392
96.63117874967898,96.58538772255802
96.26476313029069,96.22500793759717
97.27131756815355,97.23506726209085
96.0198372687511,95.97019601891971
96.8417889605549,96.81157162458543
96.27999348579901,96.23363262889819
95.95293612545179,95.91131097213626
96.45549446164502,96.40855288424815
96.27287670683509,96.20999911818406
96.4987663740831,96.45588932696961
96.08329047915765,96.02793163631746
95.87015748099468,95.81110729255705
96.14163970096487,96.09207004362958
96.25735610283502,96.20479368757013
96.30471550840656,96.26253461471252
95.82283326109808,95.7701470921359
96.51234937563984,96.47392527957366
96.36180957356986,96.32490657021879
96.70151588938961,96.67104881005503
96.34168659041245,96.28909389058313
96.03384348202113,95.97247136446906
96.08937645936926,96.03818164195894
96.22497221180701,96.17274202575035
96.45876054590539,96.41322875604801
95.7186688001924,95.66181055019244
96.63921532572905,96.6057072562488
95.92760522958957,95.8723029795158
95.95246602750385,95.90892429887663
96.45850153228713,96.40227785492904
96.51866915832866,96.46989888797535
96.16714754197257,96.12262441299293
96.36029058852982,96.31365314575294
96.37513210900879,96.31875748286019
97.01390191129786,96.9782218696942
97.18372073933766,97.1502185389406
96.39162038239996,96.34206372984065
96.74042172687831,96.71547101747828
96.74357912147539,96.71031542253023
96.92900577860686,96.89282994665159
97.19514546083415,97.16170659577483
97.03669947902446,97.00382043478912
96.67415008557407,96.63616620054259
96.2393516237712,96.18915677061176
97.52751774772918,97.50341614901033
96.2673821016114,96.21470563514055
95.62928799466705,95.57818461083356
96.94321576479433,96.90677574557672
95.93979284597752,95.88879572044362
96.99247105154174,96.96327817016679
97.41946006253114,97.39425550092692
96.71798547189012,96.68331165845636
96.1846841507593,96.13216216218201
95.90190475404857,95.84114586492069
96.31395048356308,96.2764325984407
96.01894173792329,95.97566083595203
97.15336085696828,97.13077936307293
97.16635267013973,97.13497952387802
96.0144463280178,95.97237613666111
95.65960957251684,95.59797428270372
96.31259219246112,96.26593593789086
96.40433509658168,96.35529158492851
96.45523620853673,96.40975686552052
96.80725423665862,96.77442960716708
95.99915465341195,95.95277169707828
95.77348255303053,95.72595897845724
96.34428930116482,96.30211087582842
96.49656086024812,96.44378479861761
95.57909443634244,95.5148875383914
95.07083586332206,94.99554329574404
97.05788964639994,97.03074233149262
96.45105187143729,96.40116506724073
97.31746944805934,97.28576522344687
96.17737204590907,96.12248641195805
97.00867624260694,96.96773558907363
96.33604568874767,96.2912681268871
96.29694311097482,96.2495292508257
96.76204858710037,96.72481466344935
96.67028510371254,96.63563366490374
96.2152655665325,96.1636734207756
96.3336996642201,96.28270889641
96.09363386235398,96.04566021706238
95.9419967668788,95.88892359875251
96.64386273488532,96.60503767356045
96.30940625135952,96.26585971356992
96.51929704212549,96.4686414694024
95.88096787169475,95.8215561153369
96.55478173332266,96.52147751698146
96.81146338548083,96.77998025414492
96.31716243633596,96.27681880338
96.07930354456427,96.03211623247937
95.96449152342166,95.9164201724226
97.19170171840163,97.15533119136227
97.0393790534999,97.00765620107376
96.75884919321503,96.71403100201128
95.6128989473982,95.53862689136487
96.40633590331993,96.36133743490268
96.0122924684528,95.96601341660012
95.99917821929179,95.95305219175687
95.66908261158169,95.60991908190356
96.15441111651829,96.10344549102398
96.80749360547844,96.7629735306937
96.41330605645904,96.38430008877909
97.03214743596911,96.99986704293039
96.50192757943138,96.45506893137664
95.9631303210219,95.91551967805641
96.65779903308305,96.63162845096356
96.15783523306736,96.10752824912235
96.15388659066339,96.10312291568972
97.23182768516284,97.2065132056488
95.43411178555709,95.37087100144436
96.34072156205097,96.30315166356996
95.93322477539289,95.87742801020036
97.13608499838803,97.09982055122207
96.80217852281476,96.7685218436314
96.2332965208019,96.17429547110966
96.27575010675511,96.22080686097446
95.59573416699885,95.5444993877913
97.18373477627507,97.15133355673265
96.06019712144011,96.0137228871108
96.29904948519179,96.2613688379985
96.32079582378178,96.27595629606563
96.31691546651763,96.27413810115722
97.10608333878623,97.07092991640717
96.67751299096348,96.64399678949339
96.55601868553138,96.52008972887448
96.95908467264125,96.92228872103102
96.6830821830423,96.64915374914605
96.63168172201782,96.59124384100002
96.39213726679787,96.3456847822805
95.49221099348382,95.43208954243579
96.68525759122069,96.65692548148618
97.13725251935051,97.1026525875978
96.2768950181417,96.23688776638477
96.61269442733413,96.57492520507165
96.27169941479455,96.2307148130107
96.78429244999411,96.74457457613565
96.22052407504138,96.17597902524398
96.11174417785614,96.05522359734044
96.57434165332603,96.53405506761538
95.77934554616753,95.72048847707421
97.11324117689279,97.07585708166012
96.5686141528124,96.52749605272933
95.9293076273318,95.88366034809519
95.90967823842676,95.86801300229976
96.29278336904616,96.24822177936016
96.57698931276298,96.52835959380486
96.03845924707431,95.9911292070179
95.96146680571461,95.90288484999729
97.36322993826334,97.33638279291213
96.24318305304107,96.19190729859335
96.7525784535427,96.70908083810387
95.83109852326626,95.78346272894079
97.42854169428848,97.39727561093994
96.65485338069239,96.61690780061053
95.63093870490236,95.56401992998529
96.70998716040647,96.67133225164883
96.67519312696426,96.63966390531205
95.35486681225316,95.29539821032373
96.15904352561846,96.1158815375647
96.97668623794962,96.94655715124581
97.05571276223773,97.02418916570056
96.89905617060154,96.86721965980617
97.17038278588903,97.13585721464321
96.37000730613458,96.33080079468644
96.0304702130565,95.96936016477129
96.02800651779602,95.98869000627234
96.67052187117112,96.63158293418999
96.00929124968926,95.96034948464658
96.28724163614847,96.23895877965103
96.05403430872195,96.01817015961441
96.63577296213458,96.59798418912402
96.98339877440648,96.95010599295644
96.41778688225935,96.3768379070221
96.92887543858753,96.89396530476252
95.67177899042123,95.61706083734389
96.15595945592482,96.10894283799816
97.08713336669675,97.05224166642486
95.74648406824392,95.69492474429244
96.35125160397939,96.30620331800758
96.43046135156901,96.38329329294147
96.41852835837726,96.37155511177386
97.01029546082744,96.9696711747451
96.66428716955663,96.6190689495338
96.6892468609064,96.64585943258456
96.05830557205934,96.02380207735122
95.77656469846146,95.73114533554595
97.02297815745733,96.99368240210299
97.69755817624731,97.67391644534192
96.51716435170454,96.48030274303761
96.8881021089059,96.8551471683395
96.4624225184386,96.42273585201282
96.31006265662049,96.25720720135021
96.89993979297402,96.86143246215485
95.98894860801366,95.94395833448459
95.61335549162087,95.56154555677463
96.45461350208136,96.41426794289083
97.4713983211377,97.44703566467193
96.98746035955304,96.94321328250885
97.01237348042633,96.97951989378537
95.71115375650709,95.66413431859968
96.08111167319353,96.03888276030588
96.5130706832035,96.46742230149586
96.15157113432953,96.09679331238259
96.62357492170808,96.57731503515122
96.49274718782334,96.4544798309643
96.97177179691438,96.93994903879921
96.3164143597443,96.27140394722197
96.61932405470239,96.57241130664566
96.50173045964803,96.45677210871992
97.2888935889959,97.24744135979309
95.45124791617292,95.3852840435195
96.52201117981156,96.47736341218504
96.54276102362363,96.49846188488827
97.55008694561046,97.52428482017939
96.3467141817221,96.30110757840542
96.40339873758124,96.36134167590765
96.76847459609091,96.72682826209687
95.9956625625122,95.9453299143805
96.2739127856068,96.22696155542762
96.45687911357577,96.40991328064469
96.22951374651099,96.17845558689265
95.77477019948182,95.71777572652428
95.99209141904105,95.93140843262626
97.5882589215527,97.56636922380189
95.47296106447709,95.42146672358652
95.43399674383872,95.37977454988815
96.78057599131182,96.7381675119548
96.70373253216302,96.66958326920077
96.74354839596295,96.70109265589389
97.30262101943885,97.27405582816593
96.92462449813269,96.88501737799055
97.54817091858996,97.52361206986207
96.46316803348485,96.42717240319244
95.98369708650345,95.9335305670331
96.60481774592837,96.55812746295811
95.93697675563334,95.88108245839818
96.02839266403018,95.97693383997412
96.59041268849019,96.54733108135665
96.93851491500222,96.89834521490995
96.08182793218339,96.03363535754178
96.05079436303694,96.00285342637537
96.3911075096528,96.3479462148424
96.22788558948406,96.18852744447895
95.8688072411174,95.82477834654473
96.27558074270065,96.23470945983094
97.52076520856275,97.48684712625648
96.77228447060935,96.74293738432931
96.64424679265292,96.60653422857517
96.6081239698961,96.57083444403798
95.59992905677893,95.54160793789607
96.32286365338534,96.28191485493522
96.84644210563684,96.81284235420405
95.49755950005797,95.43197197119522
96.58254935547446,96.55365961786737
96.7228492793052,96.67932246894925
96.76277166412035,96.72795173487188
96.57199899489524,96.52101906223234
97.27910032347165,97.25488642858907
96.88488460666449,96.84484442125135
97.82561397967964,97.7995608361582
96.36418375075324,96.31391856980308
97.00341736617074,96.97112110666833
95.75408320386094,95.70572432888652
96.26932297417314,96.21600037048027
96.83143413778531,96.79059876613842
96.27475532060737,96.22491104736403
97.26707085874936,97.24043651189761
96.96271402025882,96.93423425207058
96.17931151144259,96.12845143884502
95.82070256599019,95.7788923544583
96.8340716456267,96.79843513427653
96.16656254155987,96.11061954732826
97.00741883498196,96.97894224124335
95.55043665748886,95.48046589606398
96.18375612911545,96.14045836127136
96.64207164736544,96.60266761608746
96.49416449100941,96.44834526446074
95.85563243670555,95.79180770854722
96.491187983362,96.4490357483847
96.38625883069427,96.34518766988765
97.32870022635112,97.30751857236648
96.34913834643112,96.29674574711854
96.47931360928388,96.44831286241177
96.40805933433006,96.37774046989344
96.38484247798178,96.34656289936116
97.1675356246823,97.12027648857017
96.80068392982979,96.7691616073131
95.72460082993915,95.66296442367357
96.72643631602446,96.68604323833912
96.55073630794217,96.51103528382174
96.63194061361851,96.60099673452157
96.46725442952591,96.4224203702461
96.5385673015133,96.50086555320776
96.10205294594192,96.06091740361832
95.59427964264387,95.54331606137872
96.56288301431321,96.53833392479295
95.8655348142675,95.80313389363333
96.99271387365108,96.9578925679471
95.86079353737048,95.81277832877932
96.32426000290907,96.27387491163384
97.13768804783285,97.09968758385948
95.7916738011808,95.73347180808675
95.42127457318229,95.35681763108705
96.2651441099597,96.2293364364042
96.14438051290425,96.09537188378924
96.765910734498,96.71908421603672
96.99811996784754,96.95676069114249
96.56327684567766,96.52612677337183
97.00651304135265,96.97796875083226
96.84483455285832,96.80348777272177
96.42444114480628,96.38154839800258
96.51964094727639,96.47521269986122
96.10545873440111,96.0565795218618
95.80212990963979,95.74199458444063
96.42089817195605,96.38408435141737
96.7656353031809,96.73653201092199
96.5778798209927,96.53787965707889
96.9910761227606,96.9667773367598
96.27061465031564,96.23102981689141
96.7409713696752,96.71133041380881
96.23206972089771,96.17780258581173
96.55410475537259,96.51809062429076
96.27789587239036,96.23158514161479
96.81727693419765,96.77878440324534
97.27224849411607,97.24272005984864
96.94371408510861,96.91005726716637
96.05043078906114,96.00004860402082
96.79345869174833,96.76431367185515
96.83645290058062,96.80593759908075
96.41914436351219,96.37059777592225
96.22267282374274,96.18021333021667
96.11542355452268,96.06991440449725
96.85915646503501,96.81856635156834
96.78022062297764,96.74687935486706
96.21801633852516,96.17533970454801
96.71482342205029,96.67033927554651
97.01275553556019,96.98771781093292
96.49499128107747,96.45409189317219
96.79121001709787,96.75138507396271
96.52042798487597,96.47182327555518
96.23524327020024,96.19641848587604
95.76691951704956,95.704176699062
96.08240482178527,96.03795468402795
96.10661630184526,96.06532927104963
96.68427107783822,96.65013321124222
96.24243920822433,96.19672152463824
96.0144993224948,95.94331212446765
96.60626644931389,96.57557382883095
96.65939320483852,96.6231428224661
96.63690424975168,96.59906406379487
96.20212531447197,96.15553504717352
96.68652242622653,96.64435470113162
96.77098489172076,96.74075287973409
96.51020872096795,96.48007953674227
95.68493439256474,95.62861601129302
96.82805195764011,96.79804713618833
97.63474566797056,97.6073005939671
96.05412902476051,96.01836761464264
96.45118704846715,96.40959903761679
96.33952148735798,96.28524226304961
95.49431990973044,95.43985835597839
96.60900320051672,96.56189721899426
97.25872812649193,97.23600622398061
95.64318804900351,95.57863412105196
96.57379657803682,96.54435935675502
97.38540679923707,97.3690424507816
96.7281581923293,96.6868236986627
96.10631040227067,96.05860398220855
96.67786380450445,96.64821893806325
96.3997106920014,96.35231340115814
96.2576226862473,96.20721302723635
96.59083151153945,96.54460899599609
96.4816190694619,96.43910881322742
96.66026914395539,96.61514945050278
96.35545861163467,96.31668301546493
96.21424118550452,96.16752790870207
96.3793247961822,96.32337227481788
96.22421279355967,96.18102419044719
96.49511772639906,96.45878916633619
95.37384393031179,95.31290293568627
96.06493866989587,96.01699434041856
96.53810247579555,96.48835963820628
96.98791184921903,96.96462439011154
96.01990907442072,95.96123054542213
95.99412040733309,95.94613497524712
95.67762400235426,95.62473490115008
96.33699296778046,96.28934579530315
95.80408424581357,95.75156924889178
96.64515537069543,96.60598791757202
95.96961000647474,95.90214641102183
95.82022495065908,95.76512022162466
96.51384348461107,96.46851731473635
97.7082022514951,97.68271269842296
96.8884871800537,96.8515666897032
96.63652786363613,96.60466203083693
96.03096556483776,95.98541687761237
96.94824779089608,96.91600529342969
96.03714283666469,95.98601902787507
96.90473781902719,96.86785535356701
96.51533208246381,96.46706782875788
96.93247168520355,96.9011044834733
95.74313859054907,95.68733362123592
97.04068772581405,97.0069833617984
96.60879930252733,96.57809792308049
97.29744540116441,97.26488877281987
95.67016299873079,95.61146085570114
95.95565911486528,95.8979261862633
96.47712618772803,96.43499883084316
96.98426400850421,96.94320681249275
96.57416677858293,96.5403313112478
96.57804070146513,96.53196254006828
96.21344653517548,96.17860792534366
96.62482487246015,96.57914490885443
95.50166057809265,95.44127129970103
96.18056340634102,96.12990269072421
97.27111309423225,97.24404898891855
96.34910460813762,96.29964240541402
96.77065737165165,96.71473505668462
96.64509433225378,96.6075981865715
96.51534810609965,96.47733165830687
95.96531191857216,95.90942621241707
95.79825762249212,95.75862195447948
97.17424760761594,97.1417035782883
96.83535452929632,96.79789726695903
96.053359729378,96.01197699239134
96.11568181870638,96.06980508400063
96.31399924414812,96.25884349931196
97.19306518376123,97.15148582399306
96.19891252892069,96.14640943996477
96.55102933522593,96.50373036901463
95.86164608257255,95.80996935885335
96.43491670802459,96.38843945337432
96.91879805774423,96.89249468087189
96.10759450381042,96.05849387802601
96.57690179069967,96.51569812101037
97.13645423952818,97.09745898617896
96.93264042162846,96.90359832583103
97.2605732275752,97.23059761972921
95.65515833763435,95.58639595371123
96.55138849672824,96.51965044850616
96.38981202633036,96.34434041503904
96.02849297938994,95.97768601487742
96.21293703065021,96.16080540843522
95.7041950451993,95.6388022393766
96.44861879776599,96.41286408957545
95.63596771645636,95.58109900038554
96.54634457184052,96.5012951322505
96.41366462425867,96.37339745913093
96.62932253771216,96.59258131925996
96.96530588607988,96.92536046077193
96.04289263920354,95.98997688966456
97.29252136734654,97.26203823264252
96.9554652233285,96.92266930297232
96.62260583064905,96.58383583434001
95.66605463801773,95.61192680236258
96.19628502000415,96.16027900466943
95.69399265723715,95.63100471394566
96.1803978175508,96.12456222594076
96.07208858458176,96.01609481572379
97.02775182577145,96.98427229326866
96.19788496563804,96.13628260036677
97.3871528595484,97.35495786384607
96.08415714330582,96.03848632003115
96.65395934299003,96.61103060711969
96.6831650491321,96.63875419900468
95.9679977642196,95.9198237656554
96.67434492674249,96.63647078544365
96.32402117659865,96.28155415858109
96.57510666350916,96.54123585162058
96.75474282336683,96.70858085941329
97.14808895391077,97.11564874975777
95.7748065891946,95.71034326707651
96.15686981548254,96.10863229364173
96.50597483648089,96.46375275137454
96.17330915856407,96.11830258160225
95.43082127999163,95.37104438776612
96.0812279035601,96.0157121088008
95.9805912761386,95.93416069413182
97.23032400626631,97.20364047506361
96.73948119784984,96.70266854222602
97.30195472733669,97.27339495395798
96.33027360636598,96.28492329102805
96.93830489937429,96.9065279032567
96.50078615689354,96.46163311972104
96.78851340855508,96.74164074751401
95.95664182651916,95.90501300161705
96.37015319890155,96.32313603022014
96.90449591405431,96.88651138059946
96.3195966742925,96.265307680856
96.54094460365258,96.49336866360946
96.9387808759922,96.90171427835664
96.50299599840909,96.45896883539226
96.26717877828341,96.21400289394455
96.04388872210593,96.00152447821465
95.97169522362798,95.93053256378101
96.37036888433735,96.32569779012566
96.62265351570969,96.58805771890397
96.51577138937905,96.47489335357999
96.03677173493041,95.98421370375166
96.32756267735093,96.27493299249305
96.86846162679869,96.83920320217939
96.75250954471747,96.7156525070599
96.66104554152726,96.61630015892914
96.4245495290131,96.37709609568533
96.64830152328791,96.60500594632599
97.2935222187597,97.2607476855968
96.56304845337638,96.53223208227529
97.1809482255221,97.15375262066698
95.79480249714845,95.74141147399476
95.85010722525645,95.79230941597051
96.84417333720371,96.80221609522327
97.05554250142403,97.02281953616124
96.7054672812658,96.66996179933051
96.44635746171173,96.40435132297553
96.29487389421351,96.24830533618956
96.35922428194185,96.31564597100149
95.92775817328446,95.88085029726183
97.09351419727045,97.06094409031162
96.43506055794619,96.38909634614171
96.71235402219786,96.6702103938724
95.17910863592769,95.11336859224585
96.19340323470507,96.14062407254288
96.95379401174219,96.91918654401375
95.99914336731254,95.9428843410249
96.316149522016,96.25494362491715
96.48952817538259,96.45700840904252
96.35474511598885,96.30486714474442
96.86384736394334,96.83212825881111
96.55771109772382,96.51438142880835
97.37666103137991,97.34424348941714
96.44957418800814,96.40921339783877
96.6184253924426,96.57883583684156
97.12295806086415,97.08229243521384
96.39784390375493,96.35894278397058
96.58000318442127,96.54347271443712
96.00633166456736,95.95494915369466
96.2569804187106,96.20599461314119
96.64098066027658,96.60452830692518
96.80986819529083,96.77905060558989
96.69081603368842,96.64373976631815
96.28543658537791,96.23837301992032
95.72666612340656,95.66812941650178
95.84793210149043,95.80130150321443
96.81720829728951,96.77983015032008
96.45946335708271,96.40431022963203
96.67654421067832,96.64190149501754
96.04248542315503,95.99597958849955
97.11990374662413,97.08290140029838
96.22190789249915,96.16527991410655
95.998245595238,95.9531445432389
96.38745318079326,96.33942096831947
96.51298175738391,96.47958718277027
96.93886757230914,96.90376141043068
96.25840392039196,96.20985980077063
96.85050853677618,96.8122159452924
96.55859474723347,96.5214752277078
96.61938858131062,96.58206615938956
96.3354422991829,96.29182489584379
96.23841845486159,96.19246690275949
96.32288058381067,96.2879142460778
97.31365017586162,97.2830854568119
96.18241588134279,96.13546419169224
95.77762013451712,95.71588436566013
95.94878594669183,95.90774497753861
97.24506269659474,97.21069096357422
96.46414075696295,96.41339122222371
95.93354035523708,95.88897311221287
97.36439512000406,97.33309088670966
96.55481906412386,96.51815286449113
96.58788873774846,96.55555332823134
96.81268334237178,96.78786061045945
95.72173999542028,95.65760535586658
96.91786192596491,96.87443341939418
97.00000126184425,96.96384724506306
96.3099102259109,96.25736359750083
96.80719363464945,96.77908602560953
96.71695046561709,96.66898728057113
96.19286709360928,96.13906945308399
96.57715575772868,96.5365117162181
96.2083102071457,96.16238725091732
96.61084614321149,96.56641233580801
95.71225579910107,95.65415567011718
95.13384206187747,95.05485326292796
95.52874603836028,95.46718231214689
96.27810754815553,96.22385098798765
96.82548543130531,96.77373269034501
96.06664122880863,96.00869704380732
96.20738100615829,96.16660958049403
95.70812034844954,95.6493432255511
97.39532519213186,97.37485466827559
97.28085136459966,97.24944675764452
96.55716727925227,96.5192178972902
96.80111716213929,96.76693038534346
97.23971001648441,97.20734826093934
95.98220065187276,95.92762123846347
97.57515937836074,97.55391621767289
96.15877049253682,96.10659714020674
96.19875648558465,96.14919787364242
96.76713358393864,96.73737961537084
96.56819988954844,96.53393006162895
96.6781331412376,96.64787303081813
96.54885416091561,96.51680226137445
95.7559398660091,95.69533401900051
96.86076317601493,96.82336014453129
96.38522625465767,96.33806347744103
96.41020891065202,96.36804108842152
95.87808576296356,95.83167218907045
96.59433106514942,96.5563875876658
96.68590633956067,96.650017258541
96.49184429438178,96.45258166368514
96.69451008386953,96.65045778669983
96.30301671156643,96.26352397007321
97.37456678777606,97.34248215559415
97.18822106970026,97.1518931124246
96.46732559953723,96.42417761967565
96.07199424104634,96.01689139399804
96.5964290850547,96.55942176001021
96.28536913216487,96.23868355956674
96.35892874646783,96.3066122945763
96.88923703477795,96.85769641597525
96.89871560783617,96.86347729432525
96.53589572841305,96.49016149984668
96.88438111736197,96.85402869530213
95.37512205526929,95.31731259932654
96.14440534037705,96.09997736538068
96.30988337879575,96.26578332523256
97.17637600182341,97.13957658366523
96.3824090558816,96.34055589092394
96.14708164389205,96.11100493581847
96.61933460240255,96.58634852960046
96.50823195933899,96.47303683285368
95.97703758010759,95.93786312507477
96.27788550424908,96.23901759164227
97.68805878269852,97.66448573984937
95.97569451381327,95.93010302196078
96.84258762268512,96.819627888794
96.54908793955639,96.5016911841886
96.49274870834631,96.4476712575112
97.5294990211581,97.50773321157999
96.25528580406679,96.21532034705751
95.5267084081423,95.46816141417084
97.09097867179062,97.05478744894516
96.56038471383253,96.51798861688344
96.75133621825819,96.71094292046443
96.76567280959542,96.72823865726254
97.19229770708013,97.16785617392574
96.43096513069611,96.38431174954881
96.62258026554473,96.58571072912204
97.13642493640073,97.11111178000738
96.99098138896152,96.95678093157846
96.48754173437678,96.44238534951495
96.41084252536095,96.37907993657609
96.30289471445627,96.25662372662242
96.87506570835377,96.83003289572699
96.46402765745808,96.42253479661666
96.89524114294667,96.85776061995178
95.88143573235527,95.81975645367643
96.54318533694679,96.5066452193133
96.97427108695211,96.93416994540578
96.76480933074937,96.72991981707116
97.77354245786177,97.73879986219805
97.046105457285,97.01209582452418
97.1244836685171,97.09084159289795
97.07550500622749,97.04670197668737
96.04580407661972,96.00833601078082
96.27669437083043,96.2390325595116
95.93636714366865,95.89670877039164
96.59683807834409,96.55390773949676
96.63122185224091,96.59167870298498
96.87664067040261,96.84828380118418
96.81674344351455,96.78025419221888
96.6761180283761,96.63826743288489
97.16465248659519,97.13245766439798
96.71245410682687,96.67825173546107
96.76866999281529,96.72593783105506
95.92085227504694,95.86831336829616
96.0077293015561,95.95939817469485
96.095867816482,96.05214276136608
96.79982651927209,96.77072734041036
97.72375208256064,97.70380451355133
96.52274025003484,96.48676479374889
96.7774499322876,96.75191583920638
96.34182221353741,96.30686808615577
96.35091180970612,96.309409113927
96.3102478070689,96.27388576515804
96.36192779382269,96.31751793478489
96.6884855869838,96.64764569976461
97.03284129773797,96.99800951203268
96.4306413006302,96.37460224560137
96.33135857849712,96.285125664882
96.79313667838044,96.75376523698368
95.86051743788073,95.78831825736276
96.31053876964936,96.27008666274706
96.99109259884997,96.94538499445538
96.67042179987209,96.63124186434018
95.3976865066288,95.3320653462905
97.19926089406519,97.16907292353581
96.74570972191212,96.70142360372606
96.72794226692466,96.6868834694933
96.1400269993493,96.0854627095756
96.46802723531623,96.43429344359842
97.93119764387379,97.91088343109237
97.01850232574023,96.99249691736647
96.33685616090496,96.2988060537337
96.23643041176676,96.19249495089623
95.77321262767171,95.71766171622036
96.47247620411434,96.42891227534064
95.44806920243536,95.3854332281757
96.30210380814482,96.25057190324213
95.84422978287094,95.79758183897148
96.26455796989819,96.22033157611254
96.47430890437221,96.43726742074597
96.6425795407795,96.60152710119394
97.00697937460916,96.96983988803959
97.83404994530135,97.8196189045853
96.65737978484582,96.61716368657949
96.24811503138821,96.19999607379407
97.07651616935938,97.04308440441181
96.27596130229577,96.23266047173944
96.22549342956769,96.18456956496469
96.59687365431253,96.55125238227703
96.47267278917077,96.43275229481338
96.62379718358045,96.57486129203535
96.18116773304077,96.13366268527555
96.70366768282719,96.66262903668873
97.11157032604484,97.08553386703132
97.08584635727169,97.06196608789439
97.26252463832706,97.23578198787138
97.1731059682486,97.13727516795748
96.90292472598699,96.87856222025395
97.09687287457923,97.06138813094493
96.19820408009694,96.15222469710933
96.07851495330645,96.02202695820154
96.18526159542618,96.136979884128
97.0162697560132,96.98845680805611
95.8040632491792,95.7485934839616
96.80478156163365,96.7605697428734
95.0178602195611,94.95492809074503
96.73969762988267,96.70942162655
96.42383475425811,96.38829450346863
96.63345945677857,96.59672115357426
96.92850905469084,96.88889602312031
96.52855940435353,96.4847635765829
95.96247505623288,95.9118529925219
95.81217876468683,95.76553690259568
96.96760172668505,96.93273675869466
96.23166444827983,96.19731783669022
96.2383754065559,96.19898898212072
96.32676842216532,96.28596333043133
96.21915538425856,96.17957024365187
96.3373902810027,96.28624730627419
96.76640648906815,96.74034049103152
96.7794227427238,96.7462672737276
96.06464181870224,96.01666943742775
96.24211027449252,96.19987198827532
96.53097306253663,96.48326544871213
97.17823288038706,97.14827576209811
97.47582966403553,97.44726956694691
95.87743672166516,95.81818537018101
97.10055453256831,97.05718892766684
96.26578518619111,96.22327075908652
96.5142413906158,96.4728584422941
96.39963260936494,96.35329915583783
96.9174705628961,96.89670985393744
97.24819111872382,97.21836425843036
96.19196217713603,96.14708703696257
96.77243553841512,96.73360151668315
96.22217159547336,96.1788799975121
96.6555703643497,96.61105826975694
96.53998688937081,96.5123067974679
96.55816091413635,96.51507205587716
97.39104274880782,97.37343575030654
95.89530455744324,95.83923561219721
97.08940528992439,97.06461783955298
96.95542415529775,96.92277851816321
96.0863877522566,96.0240503787846
95.9733161747711,95.91815166444603
96.36068136554063,96.31793037714577
96.09486160337943,96.03959034193848
96.56741017197893,96.52949982863262
96.1818743320123,96.12289005402768
96.8110114272033,96.76610388396513
96.35106387955449,96.31975888360343
96.20660225411574,96.15763230304779
95.96145183383642,95.90177637154147
95.66223094342239,95.61297550584196
96.10567755246083,96.0562680319381
95.66144506378156,95.6029050746104
96.87389783937535,96.83513891155935
96.02322987906369,95.97733007329994
97.88352868430957,97.86302204582536
96.75779513438378,96.72559545827697
96.4593048062345,96.41654913168915
97.11081707387625,97.0745371318029
96.21285669667861,96.16957505721969
96.07610482237585,96.03572445774523
96.45238104853628,96.41190891075432
96.86367953545205,96.83533650813297
97.26823392492035,97.23778948271722
97.02032769985766,96.99286756152487
96.63169014593768,96.58992375486558
96.26368005680713,96.2282910264615
96.59922092901175,96.53908448208067
97.16345378993726,97.13566338297403
95.99753495278154,95.94500321041092
96.93097411574406,96.8984888065901
96.56407010140079,96.52894321867592
96.15858715512648,96.106921388572
96.25166027967778,96.21227082069082
96.42705899828636,96.38151028436127
96.30580522424145,96.26119220944075
96.03771446038925,95.99195865413853
97.46225135380404,97.44343402430694
97.55744636010745,97.53077787185912
96.14609743234537,96.09904202841395
96.36851700477551,96.32021181318989
96.73879700716324,96.70355972633783
95.84871666324256,95.79965974796073
96.05905678444483,96.0055961561194
95.54839808015132,95.49210907547001
96.01138135687417,95.95298120456293
96.2456194919522,96.21015886762886
95.32484613479286,95.27154350856078
97.43035070899512,97.39698635808104
95.97301846653755,95.91699640415514
96.28971382739056,96.25413509222916
96.59618589569467,96.56490694466173
96.76269947392207,96.7304159797644
96.05247755806839,95.9944117474329
96.03412144099751,95.99225320109043
96.87176000771017,96.84224209489577
96.38539726336602,96.34668657449966
96.27269083982524,96.23169762209855
96.87263934744514,96.84524466339435
96.41434385550765,96.37749495119415
96.63294953454782,96.59296043783223
95.81078399053239,95.76129962257849
96.4464700393083,96.4111019063504
96.73773010508604,96.69600873698064
97.0769627213518,97.05439639776999
95.48330124336397,95.4273973860247
96.15213087696867,96.09403202054445
97.38670870996559,97.35158192176871
97.65143390072438,97.618454891121
95.74708783362902,95.6903659468785
96.70562044426242,96.67520714815005
96.42704678631024,96.38895470580167
97.29365638341811,97.26362989351435
97.0031805366256,96.96658424758213
96.53035489677156,96.49396149350865
96.82271891887744,96.79138072123
96.21790019924345,96.16427116026729
96.84037357633457,96.80994414903284
96.20374927292394,96.14898415932822
96.79723311049975,96.76043601065211
97.27944356568794,97.24667895928214
96.99761331478358,96.97122237441556
96.64331130339089,96.60047894076267
97.2403894548066,97.21012675795355
96.42718136452997,96.38554507879444
96.42446889226753,96.39063052618808
96.88668499974685,96.8622962087739
96.11052399644623,96.0691942268468
96.61998103223321,96.58487854649456
97.09826472843824,97.0635883532422
96.75762838890446,96.71126988729664
96.07646276152444,96.03267403999938
96.88333198156272,96.84800109115005
96.86831841083395,96.8364462768349
95.78411787255817,95.72905260456574
97.45809080314774,97.44009359373257
96.44134323499516,96.39713271391724
96.65369959332097,96.60746526363319
95.79644965830407,95.75617397501782
95.50415674753863,95.44591509510596
96.47051504438372,96.42260469254659
96.83544647582357,96.80410389955576
96.67669105302905,96.6173049153538
97.00246707699807,96.9626507685511
97.11021477298704,97.06901626578235
96.97978554329713,96.95582280160205
96.34537573776532,96.29754971241238
96.60236934322677,96.56313103182966
96.72749745004863,96.68526694902138
96.50673502674891,96.46466456693364
96.07133198837255,96.02032434814122
97.02279746099613,96.98741705354965
96.0441439212329,96.0035442647342
95.96512267474789,95.92348641702941
96.03191555970932,95.99244600686393
96.32818816316167,96.29852469207336
96.50575420754144,96.46199334355924
96.42853844662882,96.38666150292737
96.25496803138245,96.21332707786812
96.48638080191382,96.43549457825623
96.26388585213313,96.21521584511405
96.67015846609465,96.6337435326977
96.14206596652247,96.10833931913133
96.83905188403794,96.81466001045106
96.25232533861617,96.21546946751486
95.89835533644238,95.84243519768742
96.36347822208317,96.32254866593065
96.52720702675249,96.4763752173202
96.12716682331069,96.07805171511475
96.39298858129958,96.35708149336291
95.89134655319599,95.82530956998339
97.09048493452046,97.05404982502303
96.36542104534618,96.32424408045468
95.74732365635755,95.68135494244221
96.57809423778157,96.52421830373159
96.1666389957339,96.12117522756918
97.1666682380752,97.13487499112837
96.63741096856775,96.59509514808035
96.30147268841392,96.25582301977033
95.81450739535559,95.76090718921866
96.57024573201318,96.51084074777151
95.59063355775159,95.5284687914555
96.36844749412066,96.32117032858243
97.20712221284879,97.17821634340031
96.62917424611499,96.5834735313635
96.69148088967806,96.64441407800155
96.4692234693439,96.4265373735255
96.4740192653186,96.40909929217683
97.06749242144662,97.03111581672947
96.68543140405868,96.64873701426164
96.16127520553074,96.10639518195794
96.93245324246334,96.90410071960832
96.51336670928497,96.46477541214767
96.93862534692268,96.9002153331071
96.5961695283167,96.56575975326139
96.72109095039403,96.6706581648495
96.56468961001006,96.5244928441796
96.68661489641278,96.63972140958323
96.78079791553633,96.73202713788217
96.1327669693592,96.07496676321688
95.92994679531037,95.85829925919573
96.77137578911672,96.74446163913017
96.87731588519708,96.84804922408469
96.7433093934954,96.70515675304118
95.90438535332909,95.85577456015221
96.84684341088183,96.81514519881152
97.13249690564858,97.10277851901311
96.8463221737455,96.80770705195367
95.89543078362821,95.83692000077079
96.45668341036833,96.41165247451764
95.90366628715232,95.85614369329858
96.28487068856785,96.24178681617475
96.80002580221247,96.76894430926282
97.04671205528862,97.00838915699116
97.04009007057907,97.00979795403347
96.50333445615439,96.46078455285772
95.99989915427221,95.94770761148527
95.89980992117724,95.83210103257744
95.77892293394058,95.73285681158072
97.10584396630449,97.07450209691748
97.08126046454962,97.05263335547899
97.1369518030251,97.11375851389846
95.78152610504114,95.72364610177326
96.70778858815667,96.67013481831819
96.0676404034574,96.0110598251979
96.0450930407792,95.98707957231198
96.31587769675849,96.27704067323397
96.37192502315908,96.32151663352982
95.82069385898215,95.7795528222324
96.78662295517603,96.75633474705802
95.96137252994859,95.90936427146974
97.05919704238526,97.01554973949241
96.91891629011182,96.89455914450883
96.60934151458113,96.5644369178498
96.5145963054892,96.48081551603795
97.19422138792358,97.16397164490165
97.05654733091733,97.02603395415399
96.19209054555137,96.13760649733248
96.22537323348095,96.17411313514384
96.58262643925387,96.53925161377038
96.6421489788938,96.59844786470593
96.40743152682178,96.36409343176202
96.62335563749919,96.58302342642735
96.30979875658034,96.27204758514355
96.115929669253,96.06826043215051
96.2502374789652,96.21210224092826
96.77153585122825,96.73308954238735
96.74507250795476,96.7226115660466
97.12342574798816,97.08898520716059
96.13893357513214,96.07598502401932
96.32071046585948,96.28328715508393
96.76223155187363,96.72837802678178
96.32751436489976,96.28849402574328
96.04641490913778,95.9931640134284
96.55328356736916,96.51939805948312
96.9243891510192,96.87769097416422
95.57041273674955,95.51740277847686
96.57813935550594,96.53592005538492
96.35707726462083,96.32311934642762
96.14739044000899,96.10890549649852
96.99275415792772,96.95815657633452
96.37018844278822,96.32015642737422
95.90007791286797,95.85762721992535
97.016660605471,96.97734309020431
97.25009288447414,97.22379263440918
96.42994693143795,96.39301569592429
96.72918207992922,96.69266151362835
96.97152177056712,96.94163060290556
96.32952037147295,96.27771383345691
96.92429792338251,96.87550537070955
96.47593376977919,96.431171614975
96.28627482044851,96.23106567616308
96.81893187768347,96.78352230706972
96.11462056976148,96.06539839407405
96.76584416118955,96.7319715760866
95.97524763329153,95.93379570670261
96.06848553363203,96.00976822342065
96.31003990840209,96.25219424132797
95.91379856504494,95.85864007282396
96.28215702505571,96.22900865353056
96.73544882338742,96.70149367872152
95.97476941014541,95.91967956496705
96.63961450665036,96.59899481937386
97.20188105101145,97.16851449755433
96.81057885201795,96.77293441978978
96.8370296490585,96.79902581764328
96.63948837980479,96.60259517282758
97.5407600405768,97.51163600010608
95.74746243759797,95.69426130880025
96.34393741601602,96.29246230844875
95.89796338055106,95.85294929849798
96.20792135588361,96.15643927737659
96.75633808825772,96.72926279937916
96.64300012259464,96.6088285872415
97.3373328221203,97.29942521535924
96.37547314278709,96.34093699039147
96.43631539545895,96.38887987639414
97.1706063461216,97.14254958517553
96.1488258806394,96.1002799628691
96.05603922410454,96.00901447765789
95.86626498175677,95.81535053215822
95.63065163349616,95.56721648148714
97.752610409406,97.72493861470285
97.18622717256895,97.16129024920438
96.61845027832668,96.57556633275117
96.66436745657619,96.63743912848639
96.67340031762711,96.63237121938839
95.76901800800873,95.71522434184223
96.18714169878268,96.1338260218635
96.00783856429236,95.94147733602502
95.93167216160774,95.86291552989998
96.14734068863217,96.10311112663037
96.57093643809522,96.525742407101
96.54687350123245,96.51212525591735
95.98610960225506,95.93310960529479
96.29441603533381,96.24452094767452
96.455637763673,96.41999721955825
96.2824661515474,96.2395996189714
96.80226232760425,96.75826499325194
96.75407220294854,96.71855415313044
95.29132028478222,95.2166416419195
96.6462580845797,96.61213644237517
95.70568747962857,95.63880040085748
97.10945922059278,97.07986290134288
96.63715431770292,96.60522902999398
96.23115032927709,96.17711691859122
95.64279800736695,95.58751916936689
95.76696337636902,95.71870685790718
96.86688929219119,96.82987412072393
95.82624634680965,95.76054034623303
95.7044366436957,95.64473533932585
96.78576505213597,96.73468516642286
96.31200979788278,96.27196563481526
97.44800074505096,97.4196048152789
96.48110223735614,96.43738892252247
96.90911523744437,96.87923385654491
96.7513437486443,96.72245619546113
96.65459599645408,96.61294628318912
97.00523770557095,96.97843406174887
95.99096915951675,95.9484901300508
97.24647138950878,97.22201321770983
96.50228904634561,96.45874788626577
96.01227003071314,95.96594206424
96.79639588428955,96.76624559159866
96.99331025435882,96.96280259135065
96.54747488023186,96.51310850344213
96.67992027915189,96.64494468663626
96.30416650106494,96.26759061332416
96.58086565423322,96.53850476463965
96.31058500932635,96.26013484793019
97.04764644885245,97.0196429563631
95.66744695706842,95.60568847571766
95.54922365599946,95.48982563045202
95.70288173387571,95.65108132705728
95.95397891604298,95.90606290079995
96.67119466235351,96.63499714867366
96.39046845993148,96.338081817466
96.719821697076,96.68825971209941
95.85904861912493,95.79602376210173
96.76500154645291,96.7264857367431
96.24105751000694,96.19607054584958
97.25192312362452,97.20774711502351
96.35626065302475,96.31652319201606
96.41975364233886,96.37212257485217
96.13671934630241,96.08718500788198
96.45113874133011,96.40713038150261
95.85046325632442,95.80026487104746
96.65493596535765,96.6123857561526
97.56974435536462,97.5393570068241
96.2231308275118,96.16194614956586
96.6856696199135,96.64802775210671
95.41391699962374,95.35210945968774
96.89628831900646,96.86676757971681
96.56928191318006,96.53103725695837
96.98963885033076,96.96396717560368
96.9760534818077,96.93907614754733
96.70523103584792,96.66117930528262
96.75336042428842,96.71553046524443
97.01166593434611,96.97892953565149
96.4968640985371,96.4532548598204
96.26955889720784,96.21838296491607
96.35189378173041,96.30226673574167
96.42487252783737,96.38197683977828
96.18156206356325,96.12991388733553
96.063143771235,96.01759942958226
97.0409683371732,97.00386810054833
96.56760454474438,96.5271988809789
97.86432118901998,97.83473445324847
96.45423798303358,96.40938139971182
96.50609523308248,96.4639655620938
97.19666007023149,97.17071001885492
97.70887771068887,97.68017620889043
97.00366564455965,96.97081569472394
95.78515058112237,95.73869179188334
96.36185140335002,96.31585593989676
95.92006167736494,95.86850534188474
96.4532449765227,96.41102866467448
97.00477487894494,96.97459945414468
97.33149556010235,97.31116151687638
95.78262516192498,95.72748158183795
95.93146726868017,95.86503019049574
96.57466811835572,96.5328910471232
95.97233279953967,95.92963676976949
96.42161881883322,96.37927953869863
96.59611232936399,96.55749649925133
97.28108999222752,97.24689594644704
96.68979607435801,96.65595571926129
96.28720197154993,96.23696197609101
96.80247716339709,96.76952420315803
96.32069470503012,96.25576806259171
96.4927749578374,96.45521928953953
96.26117819628445,96.21484164505587
95.42540269913997,95.36540263305142
96.27905231779236,96.24039526368551
96.37038537358296,96.32548265436611
96.89594503756645,96.86464311639018
96.42677771617957,96.39142634192027
96.12246558157871,96.08105701715677
96.84009158331811,96.8076680990072
96.38520207825364,96.35509490939528
96.70590452742518,96.66477532949098
96.17575751524615,96.12915584511008
96.34920102798274,96.30099640549517
96.95806883143196,96.9302256534402
96.0969358885269,96.05119426677679
96.39227682643202,96.34939132374487
96.46768727627459,96.4194311154411
96.63314964453345,96.59008655935378
95.8625825323098,95.79887925845675
97.75684239256717,97.73120754989928
95.95829032029778,95.91844429764268
95.575928084616,95.51607009999309
95.69190383769096,95.628147982664
97.26904933225353,97.23559814739242
96.8144807674716,96.77561791359533
96.04285724216572,96.00745853207059
95.94629316887331,95.89187945571321
96.43035310865459,96.38389889121063
96.46612299271081,96.42710140900452
97.21613581968826,97.19188203624293
96.96756298963739,96.94084945207862
97.3058475171645,97.27307941748809
96.79810695395474,96.76174721624176
96.66172424767787,96.61576728323583
96.52252524544966,96.48173122322072
96.90189910009335,96.87497261899615
96.45593398625839,96.41062501316715
95.73290115302767,95.68283364597131
96.60971221208793,96.5618234055186
95.91904010492348,95.8656569453841
97.86360694189392,97.8340914309348
96.56942212468662,96.51868585024545
96.12588332690184,96.08659589449606
96.38434040344873,96.34408322561103
96.75055650376889,96.71608293944325
96.46339229678917,96.42629331380274
96.47897346308997,96.45136179288352
96.25311138089215,96.21664790876981
96.75173965094731,96.70830141694873
97.06058907673282,97.03066415831907
96.47164671765148,96.41783303005741
96.59276472438506,96.53642065605649
95.24382594978917,95.17462237922082
96.41250152371921,96.3718594126947
96.71926818635704,96.67694872616443
96.59633600013916,96.55968482902549
96.22283496209067,96.17423149635651
96.73089977540316,96.6888812132592
96.92258675359069,96.8836069646263
96.97207523006044,96.935754309212
96.16774717443654,96.10293555125732
96.87090062017519,96.8369143391827
95.99985292340371,95.94677050295233
97.2684957432233,97.23828328861913
96.80933706833841,96.7804011470428
96.63721835286292,96.6040357398584
96.1652949815649,96.1104355846747
96.35977500314436,96.32027399965972
96.84001365047556,96.80789585721655
97.4612429138817,97.43625569581903
96.82629709719538,96.7931127457026
96.79683792910112,96.76184253293171
96.06307703216672,95.99950660569019
96.67463172872095,96.64515816724946
96.55870778998543,96.52606092528822
96.96200689697241,96.92569706769274
96.51352867100441,96.46696261329745
96.36379689499672,96.32093475729634
95.91600179925501,95.86566235815512
96.14833293309394,96.09618960127487
96.49308069696161,96.4583591083549
96.35602182266668,96.30701972450645
96.32947637399393,96.28139171511783
96.8709367785087,96.83217649006446
96.65292607024095,96.62432721034
97.50330220689371,97.47696093613409
96.72018916797049,96.66946230017373
96.1226701965926,96.06161978752415
96.61113061814622,96.56086919994382
96.74751920974377,96.71961267904743
96.10726758027626,96.03205727863875
95.9730414154931,95.92400739446731
96.55895996640393,96.51656482320259
96.72174433662416,96.69413193327404
96.06676623998601,96.02251174018271
96.7132446709127,96.67895091522638
97.37455457601384,97.34188059382248
96.08990228765295,96.04383751768557
97.14127199875293,97.11387806015
96.5951604029933,96.56235544426153
96.07538157471434,96.02307053503831
96.79726592158775,96.75756238528206
96.52373051091608,96.48094274492193
96.0639805915624,95.9986055102626
96.78960594368112,96.7590085360206
95.7726087538264,95.71434947120387
97.18906238506051,97.16152115743267
95.81807650829589,95.76600750595051
96.11661731199709,96.06359440150698
96.67978852709129,96.64936437792934
96.76520711324967,96.73590828608506
96.4332491560533,96.3899049917123
96.37993244381214,96.33347894472995
96.26931780366418,96.22062883984508
95.50389353027238,95.4476909238294
96.48907756879912,96.45075167086472
96.74983979342296,96.71422583207305
96.80176249850312,96.77204238723836
97.04750709697491,97.01783006182336
97.31597941047123,97.29767695241733
96.53462715144349,96.49302255997199
96.5806989080766,96.53772242313129
96.76432511254141,96.7359281006463
96.4159827703442,96.3784083312999
96.1694287913631,96.12445141347595
96.95553055590783,96.92446749860545
96.99727503784396,96.96140207786978
96.45903947090873,96.41881865918131
96.30578196471527,96.27317600222821
96.86873751461631,96.83164840313366
96.31500700366914,96.27145518942001
95.99654978632576,95.94957880435932
96.61969955718854,96.57152441136641
97.8239493194014,97.79350759548687
96.76768403244957,96.72809984129452
96.01200322914805,95.96780297260608
97.03166636591446,96.99969456899755
97.57697233266225,97.55456938502725
96.25609269919545,96.21153030473397
96.376479404549,96.32380754383445
96.78134189384639,96.74584604404352
96.13214241149359,96.07821056110014
96.35767397289742,96.3019124453645
97.49242644933882,97.46406420335708
97.13245064400397,97.10172194421216
96.09944794944738,96.05491081698813
96.08865338965596,96.0409439649036
95.97710967675187,95.92338531811198
96.46595917571076,96.42307629200407
96.3170292634431,96.27533829715752
96.16872989191573,96.11919500045445
96.15399634857937,96.10082070367827
96.17889593085738,96.14289566624845
97.20549488672891,97.17149678640322
96.99370305043959,96.97214179634618
96.52120285846398,96.4756166227706
97.23945485071344,97.19569187556874
95.44987326527837,95.38665553641344
96.68473467105281,96.64984354234895
96.42618036169168,96.38206120680458
96.65552060681705,96.60972072866123
96.62827558849736,96.59279222005854
96.19265358463723,96.15397847900108
96.61518727198643,96.57518549851332
96.64050572239789,96.5983900089827
96.73439867541836,96.69587135310424
96.64657241468205,96.5955562607186
96.15384286557035,96.10681544800299
97.05214274407804,97.01760844459864
96.23702249508122,96.19086393962033
96.54681343452819,96.50622422275218
97.41152429249856,97.38129073552938
95.86827197183757,95.81985096676381
96.62459636822398,96.59215091481744
96.39992517148687,96.34435067621541
96.48722579028808,96.4415770438477
96.68447373261785,96.65394216641813
96.90496566079524,96.87814234845543
97.30794907857849,97.28108715833729
95.82386773695802,95.76749907184818
96.63056223772439,96.59126050306634
96.01249386596716,95.95597871266712
95.74235484662786,95.67650641382725
95.87804112914982,95.82581721659824
96.97033838795264,96.94832743687931
96.69580987929812,96.66090189723387
96.7068366726034,96.67054335483684
96.94274339780446,96.91769030368201
95.63764432441198,95.57324199597463
97.01740305454658,96.99166850511475
96.75800897639823,96.71005305529438
96.82052600057875,96.78938108561395
95.74685180118057,95.68387716780454
96.6148190016817,96.57081980500298
96.50219140323132,96.4547625853063
95.65305762569757,95.58936536701337
95.64801363792517,95.5855321318019
96.54913732157684,96.51616277297039
96.70208136718183,96.66118168546721
96.76598070634806,96.72839999702013
97.40087450970147,97.3750686004996
95.33736749599716,95.27345092103435
97.24643903749886,97.22410640274447
96.35416426891581,96.30602618113421
96.9634356789707,96.9287637122785
97.23902075214036,97.22108387280282
96.39775897253361,96.35859787023146
95.95326034641703,95.90736403337262
97.56357943410205,97.53321131457562
96.34932406325991,96.31303670530335
96.78454432773302,96.75475367816487
96.7801245513749,96.74793684934536
96.90107959893685,96.868196336347
96.31847899732541,96.26157437150118
96.248891903391,96.18153869607768
95.9555445285288,95.91188131359175
97.27772884735207,97.24614850573433
96.47506479864907,96.43890915801805
96.58596675825778,96.54713926767128
96.8388451643763,96.79605913427568
96.6241751793343,96.58562001359238
95.77322141401133,95.72430134281835
96.7476345036278,96.70301688665188
95.91635205170437,95.85861855556362
97.02076224347255,96.99269729976751
97.08882733901923,97.05001189342785
95.8513973535627,95.7936056777598
96.60604176969153,96.55656375403422
95.77544078751725,95.7192012140812
96.39459399359357,96.35401947046559
96.50254954086884,96.46021072601447
96.85885633095435,96.82693326868458
96.6686993667036,96.6338160271993
96.27835036695785,96.23509951980921
95.76882323234676,95.71175412143506
96.1957306612652,96.14793178058459
96.45781483081576,96.41498990390072
96.10204321234893,96.06096320118931
97.09435771683715,97.06949342049514
96.17920175063949,96.11653037050489
97.24454614447924,97.20300978672854
96.29309929241059,96.24980123070958
96.92367665495485,96.88968996265409
97.4269481416328,97.39764329353693
96.38111564227476,96.34041719052097
96.64472479647901,96.6055709701268
96.38351520690854,96.33680341156473
96.27454236893696,96.23222415035396
96.8041878698148,96.76755140693929
97.11234277671687,97.07287670579585
97.1975658742027,97.17362976878407
96.13744439894053,96.08406763223024
96.55237287538023,96.51815638981199
96.16240006109379,96.1166118688048
96.61327900681836,96.57352157369515
96.30382797057791,96.2526532966
96.57458755282516,96.53673848642075
96.08753239778078,96.04505607120063
96.43270535238744,96.3862918699543
96.0223516142512,95.96919752655896
96.49244209701679,96.43888955456788
95.98862302456159,95.94138599748435
95.9366365046964,95.88965883511318
96.07747384424994,96.04158165377935
96.59573979021823,96.55179549563348
97.07433662301979,97.03937229254255
96.14809727568895,96.09519858398423
96.88570148847033,96.85542409394058
97.41549133811803,97.39528474030674
96.64513048927459,96.60538753928186
95.87435946290316,95.81971141853833
97.48337308915,97.45510097650163
96.16874752523327,96.11090581783436
97.07987732199784,97.04760994379015
96.31903850677489,96.27732847130488
96.81041247698438,96.76602188057032
97.1479245470113,97.11237195489605
97.1127523850426,97.0873976639772
96.05410101567752,96.00887090160721
95.90899494550007,95.85166061544686
96.51425289992937,96.47527564843432
96.60144797739399,96.56231170098373
95.7762597104351,95.7153806295635
96.96601790139808,96.93258472435744
95.96736688112523,95.91519090583623
96.6376969667238,96.60434547241323
95.65242999391155,95.59629307353674
96.52867091902351,96.47825983312529
96.66863109035425,96.63535533640027
95.7602904119355,95.7057628335074
95.97145174828128,95.9243530707814
96.92728808174955,96.90152242086798
97.07473589500957,97.04881068065957
95.55509502154206,95.49445075949409
96.56428776116778,96.51430007246613
97.18467682064849,97.14850076165996
96.02090558519312,95.9754336311887
96.65430316842911,96.61072581310336
96.17184614857538,96.1159677708538
96.77197071135731,96.72231853646966
96.73275714557428,96.67866829508948
96.9582227657844,96.9242795522479
96.63943926529619,96.5959999191147
96.6635041596731,96.61591037470708
97.18215919381302,97.15660508768006
96.63728178781471,96.5944813355217
96.8000816805493,96.76631753638028
96.54257979705346,96.49434419591613
96.8588005180184,96.82388589319714
96.67157657322987,96.63274957043977
97.05842207157386,97.02402943329673
96.79984498665414,96.76114208609373
96.54412172332506,96.4978037499874
96.75770607124214,96.72808066276315
97.22537126333093,97.2008687208513
95.88720159190015,95.8373252319792
96.28525893574827,96.2333421104978
96.21812429136833,96.18251098567373
96.55122059921767,96.51617766272058
96.1219053256756,96.073549945369
97.48395789200133,97.45619600809646
96.38709909827087,96.35094774774356
96.7330260657501,96.68977130416881
96.5660519260209,96.52231947673806
96.70936923934276,96.67143556473872
96.1913400657937,96.15452149620991
96.3881113571441,96.34478594450064
96.97148074162529,96.94044957140203
96.93953828868867,96.90497977936893
97.40037480834724,97.37093291116189
96.45258842928317,96.40775977153562
96.90129166084192,96.86032031035907
96.15887100706074,96.11657832073112
95.85347908762994,95.78335829394172
96.56966569173821,96.52135977134203
96.57052313064119,96.52880833173181
96.0883961268626,96.04490524295743
96.46286361026414,96.41391248799805
95.8832451039441,95.83964443681312
97.16495685062402,97.13567735221902
96.94138621597807,96.90770963749237
96.39934500719578,96.35345896550795
96.30008736799208,96.251405365008
96.01399267282794,95.96043930166407
96.89341562886588,96.86676781082437
95.44888954531098,95.3898907074393
96.60583625939879,96.55371449684597
97.06391710582525,97.02004974329704
95.49777443079228,95.43162468248613
97.6997184171589,97.67989380904099
97.44649101919752,97.43169848842591
96.8043041833795,96.77187742698241
96.92284363464609,96.88710313978709
96.23061727248044,96.19257874521885
96.34311012856394,96.30326505436217
96.20318612010112,96.16249278851686
96.04657741081027,95.99224254850833
97.46970594993603,97.43898811380667
96.33868752327358,96.2914844307727
97.12848677549736,97.09455226103714
95.84499557588175,95.79899328237343
96.0201105598057,95.97361148441071
96.23957179080858,96.19532725311174
96.25698104872436,96.21471028694383
96.7781920445946,96.74191852590413
96.44989708845672,96.39792299377808
96.82984232158509,96.79266321204399
96.52234779006085,96.48590796651408
96.96437346962215,96.92956846164755
96.08440309348097,96.03583753452664
96.76326382977672,96.72247393208296
96.32836252938547,96.27808182297342
95.9276184887766,95.88328477138435
96.31760332884713,96.27776621619482
96.32611279922317,96.28388149151004
96.30149239649592,96.25981306515881
96.19024946268344,96.15005235960045
96.22524114107306,96.1839906414081
96.98373426051363,96.95667827024049
96.01930134536885,95.96177643647546
96.53091177060487,96.48959178197303
97.36601674827156,97.34169216097683
96.03232709096419,95.9895116000698
96.36029858177089,96.32213350394892
96.79825079384268,96.76113260917602
97.34438331833552,97.31002858739403
96.40536479084149,96.36379373613188
96.18455975975911,96.14075472228035
95.9512208801683,95.89227640092652
97.01600970802144,96.96954654134157
95.57958547230794,95.53119960036277
96.61790167176267,96.577831518955
95.40906845417913,95.34638541992541
95.84524932398907,95.7919957473987
97.30723095603007,97.28161335944452
96.0971700947283,96.05222708277898
96.08607937595337,96.03910043475385
95.88271237698451,95.83209698747676
96.61785931184312,96.57996738279775
95.79996638356653,95.75580224733045
96.24765911304205,96.20682905015703
97.16215931186306,97.13832539042444
96.11976872915596,96.07141902328844
96.45580073464653,96.42146548383612
96.6341744120069,96.59461484530276
96.4999905658909,96.45384714908914
96.43458195351961,96.3942916343257
96.53077997480945,96.48257923306281
95.68131033609593,95.63826886399538
97.11077300029145,97.0728096004067
97.1461136353273,97.11149891409137
96.11240623904992,96.05442652331882
96.51886633662845,96.4851176267676
96.24346987426655,96.19496638645784
96.70837364458386,96.67071454023024
97.12098352806373,97.10056099357716
97.03240412697643,96.98765489561465
95.9703707194673,95.92240591563471
96.5665527384889,96.53239100170227
96.6888290940874,96.6532010012002
96.36932084985602,96.32441635494429
96.55960649598781,96.51706300694471
96.80288614071816,96.76540187740649
96.3470762483874,96.30558694973905
96.7762812238942,96.74734898211409
96.80890169018424,96.78232590215764
96.42793754125444,96.39194922519154
96.7754383348421,96.73943681449099
97.50934214926747,97.47523249183679
97.01379318628719,96.97924206399357
96.90743741896034,96.87604557389345
96.13999852136556,96.09302284690635
96.59407744637176,96.54489046707893
96.39457670336952,96.35614142830012
96.59217829246705,96.55693470949196
96.18595576736327,96.13520610652505
97.2068922329367,97.17544302524344
96.7392790877981,96.70750797969967
97.56846362272096,97.54917994124828
96.1818012402773,96.13092119285224
96.38430021409873,96.33382141180114
96.99691938423875,96.97015800854437
96.56270083312467,96.51960617650006
97.22642356721532,97.18300361409192
96.48952763249041,96.45192771434425
95.89182336297422,95.84479459280116
96.81320104537897,96.77744003626822
96.15348326308141,96.11396910493481
96.81153668439096,96.77648952551755
96.19869706565427,96.1601442162138
96.54075450664519,96.49731507635661
96.45795384562035,96.40422161367508
96.50548725645876,96.46590257427108
95.68661010784572,95.62897714452195
96.5999163551492,96.55538524792678
96.56381362651928,96.52100598642095
95.78243702539223,95.71297771446142
96.28029914003231,96.23593605344824
96.8431376236052,96.81003446911735
96.44378151822627,96.408888415605
96.6219228864365,96.59556323512672
95.98660836932308,95.91860300422766
96.25472579825886,96.21441520168693
96.15967117592103,96.11632128817804
95.9539314898818,95.89486765492357
96.49926598754426,96.47178303172542
96.66382035075463,96.62261580109647
96.36851357958516,96.32055533870685
96.75574748743583,96.71932119892419
96.75089373291893,96.71826356196549
95.85420579168911,95.80033682198425
96.1349594622239,96.07900227961888
96.25817110669347,96.21854113871163
96.2367570331321,96.18516432923172
96.38365245759917,96.34049467127738
97.13191185507512,97.10984354139829
97.16186116827696,97.12946633083492
97.33670138461903,97.3113131812482
97.17597371334486,97.14745293055735
96.90766312427706,96.86856031738944
95.80045419918382,95.73747105309236
96.14428756091904,96.09208931756274
96.33174052307606,96.28443102546733
96.46026572228637,96.41151374566346
96.48641709187184,96.45196418801673
96.21640390500107,96.17945110696759
96.51398836068547,96.46731209673854
96.4676630618764,96.42786762757993
96.44448295784137,96.40835615892335
96.45114529265543,96.39996989843354
96.42316831259468,96.3652885194283
96.14650311451675,96.10263410838161
96.76139284457426,96.72287360966425
96.7105141292185,96.67784451404083
96.501124924696,96.4617160722355
96.61731832971468,96.58252184180475
96.86303938138802,96.8267735118475
96.62810007809287,96.58220413560896
96.94166309754037,96.90042904700763
96.14378128999778,96.09656294072413
95.77976759865027,95.73192038989033
96.37935532207983,96.33659718422862
96.87854543368374,96.83684041385106
96.30535283455401,96.26903375686871
96.63617471399644,96.57954319924173
97.01154679351747,96.98102021274684
97.07028555135501,97.04451355832373
96.64067637156354,96.59497337670551
96.7061658103819,96.67548173656007
96.40188266444159,96.36066732596477
96.79881076143653,96.76223743481457
96.19769358007957,96.14931604889864
96.2096311317427,96.16787148713641
96.38816109954982,96.32878493793788
97.42483763072514,97.40041590649176
96.14081516387297,96.10405855825877
96.64547336282203,96.61429698296249
95.9316507345385,95.8768861877098
96.82097560921115,96.78742111909955
96.44117153280202,96.39800774466511
96.07217018904441,96.02498456864363
96.53290195741012,96.48953732607232
96.99510198166878,96.95400886230567
96.65568753767688,96.62128933029548
96.56838041116185,96.53252726953444
96.85001777971802,96.8189101098627
96.43585245994592,96.40020659755177
96.49069929665036,96.44646825218602
96.36738418250137,96.32328454321798
96.90861078373291,96.87111527333121
96.34578368151502,96.31140830288675
95.93161603248869,95.86624635783971
96.19561240676835,96.15385765448616
96.75463815365491,96.70954557107704
95.6821176716191,95.62366329174084
96.74210310137951,96.71145049138211
97.11015858265151,97.06837570942348
96.58259957942494,96.5573340743395
96.44263100641457,96.40618446394966
96.53407118117582,96.48189530516673
96.52424023630816,96.48419893976501
96.79172914993065,96.7603895000851
96.70740360221149,96.67045479767054
96.0929585870533,96.04043459037086
96.69721052106291,96.65580812746418
97.12217469395108,97.09486247939994
96.85999415582637,96.82949745165651
95.23305144117079,95.16066098549958
97.22188277302571,97.17710178445547
96.61530614390331,96.56485461567257
96.67913738376672,96.63652760790396
95.7771676149364,95.71828978045188
96.34467698952761,96.30340608708721
97.1272841522346,97.10616570115855
96.32653515188608,96.27210224011759
97.02270300333838,96.99319680974004
96.73090840222,96.68514005645743
96.93784903109714,96.90122201220977
96.85256173023487,96.81814355427248
96.35037613468765,96.3117562991021
97.03787867502702,96.99481224097899
95.61433807701862,95.5651457956816
96.05983234995566,96.00768429811578
96.33670803467467,96.2899656077172
96.74235539840625,96.71452566898633
97.59505182889762,97.57525573617252
95.95506384553988,95.90437729517456
96.02953104767973,95.98293757285576
96.36069158924766,96.31105409552586
96.8529192279523,96.81370586114372
96.79032439852655,96.75041893870264
96.56536016522931,96.52394947599116
96.31280199056731,96.27398056363326
96.77753741832679,96.72843948957781
96.6824249187076,96.64981768359489
95.97247827466228,95.92081290659502
96.30005669096109,96.25014514749918
96.98248081757428,96.946414884691
96.33216600627502,96.28007397974953
96.66188298064202,96.61597207064044
96.41156262764653,96.36116987057936
96.16556059552164,96.11718740651736
96.81952259061714,96.78995060778976
96.73645968197492,96.70396996219553
96.20914082457192,96.1612884058449
96.58560273695039,96.54220846086659
96.47219527521888,96.40923462209676
96.26552278379867,96.22832297622129
97.47967422535818,97.458111388725
95.99327451493482,95.94035119154667
96.54526101783821,96.50758903277193
96.28887543037494,96.23866845818753
97.09807825472011,97.070993089095
96.74308580303224,96.7103036255041
96.71625233817778,96.67241227442096
96.0245807109188,95.96073866366201
96.3994022424507,96.35461857892663
96.56186693282132,96.51901750125405
96.35460301603291,96.30810546011637
97.01464452109671,96.97709266564048
96.31053584468965,96.27079216305131
97.31958977173456,97.28673117772517
96.6843675582868,96.63332002719065
95.71249499067778,95.66011503746074
96.94247305225625,96.91586914508859
96.67771606858138,96.6414700464415
96.42301212269005,96.38088924036555
96.86140255169157,96.82783308591341
96.86692115125517,96.83460285616752
96.28508546409836,96.23269590338964
97.27378418895653,97.23200941459687
95.8714161330493,95.82232010586566
96.25197058482387,96.20625808382424
97.14997496651198,97.12586130885332
97.16548273317065,97.12912355964833
96.48457382950508,96.4386633085086
96.02328355380465,95.98143420869262
96.71347015373735,96.65991303810752
97.29169969378543,97.25635615338602
96.69101513941797,96.6616236251833
96.5800321851269,96.53380307496693
96.96367340528587,96.92781644301658
96.5870507759513,96.54759983624905
96.85322583390254,96.8120002044887
96.14058429981696,96.0870429835373
96.95726802544816,96.92396611548902
96.86228078442528,96.81506365391677
97.65450572312922,97.63913401199069
96.63518961863261,96.58857395610265
95.9796528764588,95.92838470939896
96.82381294073478,96.78807532514428
97.19970297629933,97.1722574106999
96.24809844682854,96.2108701995116
96.32917662503158,96.2775220046338
96.89176984876595,96.84210401709424
96.26631667186228,96.22198019793814
96.64809535573275,96.61161348768474
96.85950628495179,96.82113404864594
96.0833500750499,96.03417221333075
96.5221327504012,96.48720164227964
95.68893263259523,95.62367096751146
96.97489745268615,96.93755107785448
95.6020311382979,95.53290395600732
96.60769750120147,96.56300238152009
96.72187710369364,96.69293184415976
97.38044794739642,97.3611728159952
96.68253562888289,96.64469876823628
96.15807028846501,96.1158347686999
95.80167329976983,95.74830153473228
95.95526386760281,95.90877539806175
96.84350373362533,96.81301017263404
97.2761850872639,97.24724325573446
96.4386190303147,96.40404428074082
97.3622562788462,97.33130545567842
96.14619025941982,96.10287385514332
96.12803390656349,96.08852317429991
97.07798198814142,97.05355437810884
96.54130128655918,96.49615075424693
96.6525429634551,96.62166195062157
95.780901582451,95.72846948042914
96.58474953677324,96.54115865380498
96.9869961249878,96.95831369885293
96.68615967595753,96.64666302546061
96.3961828128235,96.35426852345977
96.94018439836223,96.90481894365487
96.13500396390702,96.09662797938421
96.94190340054088,96.91459539454046
96.8132089877123,96.76240630865183
96.12887117589837,96.07957499375958
97.10119162436337,97.07657440200502
96.89211522184816,96.84845056122084
96.28913452334126,96.24301821967505
95.34869233569879,95.27944181437242
96.55382781398825,96.52237031961067
97.2468329052801,97.22442386100951
96.54139041929687,96.5051519880451
96.66667680723616,96.61583791922261
96.62228283641633,96.58009711743252
96.96214778369728,96.92334852569908
95.84267976815258,95.79738244993966
96.79728202093443,96.75815183925613
96.68539554190315,96.63461901205557
96.22513591285043,96.1757768459768
96.47531802207699,96.43712472601297
96.8784999254529,96.84974369570573
96.53025146602606,96.48498386850582
95.19057843097538,95.12365138992013
95.95947525011337,95.91121679972545
96.39635461276967,96.36421376401998
96.62438819128116,96.59196239467407
96.8602650548557,96.81969597842179
96.56507973874587,96.51378296240058
96.67232414013341,96.63219311640407
96.26964737221327,96.2278488933051
96.6494349854282,96.61563180120744
96.71099558258936,96.6775046995749
96.40076508354743,96.34743457030868
96.31848945587679,96.27638156630083
96.1998022255696,96.14643603046402
95.7571017989882,95.69616560896019
96.78207347813921,96.74365025844523
96.25669846009045,96.20817383005419
96.91241443907046,96.87752568414167
95.99955409311707,95.95467711535437
96.77458615655887,96.73492811985392
96.29016689635897,96.2253784256367
96.5064328580178,96.46479224748447
96.93824882239207,96.9095597521618
96.63680403955841,96.5904930245123
96.17556120725472,96.12717213201245
96.58894492363999,96.55580932608756
96.71026075933624,96.67567060622852
95.7785218499428,95.71558236601749
96.14002998204646,96.10091092298273
96.15575862691517,96.12391427375523
96.11831126296714,96.08205011677236
96.83019648004127,96.79381133797106
96.35924951651094,96.31220992119857
96.45230092639746,96.39961286947894
96.55905806174347,96.50949095696225
97.40075758863993,97.38518996551348
95.99593179117579,95.94333325615176
96.16056698176153,96.10583996011619
96.37376503921152,96.34652429986784
96.40020723405172,96.35797907612016
96.41991744016566,96.38554625672884
95.57542676566052,95.51016936560943
96.99281390627333,96.95612934341605
96.73317292492737,96.69313811950138
97.11233850468338,97.09060982496648
96.51153719269502,96.46002028313296
96.40074138695411,96.3635338632389
96.59137310169336,96.54850819815057
96.68473986397295,96.64372533698405
96.23388021425626,96.18545757901106
96.44740135822458,96.40746077572017
96.76337305527802,96.73296803252428
96.40283818638447,96.34367434429649
96.31692428702618,96.26682733467067
96.18325861901548,96.13426855354355
96.35275272132239,96.3076132993175
96.89361894793501,96.85694037796782
97.14473000259973,97.10863690675535
96.76609739100593,96.73487645987801
96.34112420345862,96.29413498375912
96.57768589101279,96.54778857885442
96.13049339287686,96.0918271727339
96.6853809006265,96.6444454969136
95.8248854524671,95.77046695867135
96.57758690901741,96.5261398745205
96.45105642186901,96.39895093147736
96.88859300218232,96.85664330592962
96.40361524875566,96.36512619432608
96.57068346870899,96.52241469504975
97.22151727231345,97.19140812544046
96.67466770846451,96.64132760542272
96.0044416089044,95.95652778045027
96.97197457034514,96.93041722042815
96.41833301392582,96.37856400963543
96.57988606032066,96.54192295983503
96.97452223432869,96.9468110883973
95.5979073404345,95.53172427422251
96.1509712069955,96.10448100026188
96.41629151003151,96.36820557067402
96.91513729867327,96.88923624298954
96.51549443098203,96.47285834384171
96.96133504845412,96.93426269388235
97.2811182686822,97.25492614779199
95.77103682377611,95.71051850790474
96.31455337908906,96.2715290827138
96.31092333107296,96.27430499594766
95.36403706314469,95.31066373459443
96.83268406527748,96.80635920580254
96.94195000670751,96.91794796045944
96.80503737342913,96.76362290128243
96.2290440169716,96.19070421642182
97.11748339149186,97.08288162903622
96.58040135860118,96.54102891037266
95.55667069543192,95.48458046632179
96.46754484173536,96.4227995172704
96.25076084065566,96.21123784313518
96.37230265809505,96.34136185920707
96.40177211058199,96.36471157238621
96.53468449852217,96.49132578512084
95.81165142157356,95.75333701490409
96.0011379809213,95.94921435117065
96.77594242025822,96.74028045551019
96.98192001312795,96.94390261891792
96.54905219733956,96.51301422740752
96.53660679842734,96.49933469118103
95.9164096984069,95.87832497794506
96.17685236752135,96.12170864206621
95.12086016474595,95.05196457151906
96.38437449686339,96.34510578509627
96.81887982646677,96.77885176289313
96.53361108916611,96.4891854291738
96.38234139459485,96.33500433471049
96.40262851756937,96.36148171730561
96.50575895707163,96.4523860956064
95.36837969253723,95.3038429098093
96.82345940854013,96.78198568034708
96.36354289582493,96.3106514412799
96.54262589572473,96.50334574277662
96.55961551530831,96.5281545566375
97.29777257881283,97.26198877738922
95.99168946138192,95.94492804186334
96.88744020066696,96.85804808266796
96.54299464378288,96.49713733778293
96.02271964257051,95.9686415968398
96.43006898612727,96.39007690627007
96.30124172329931,96.2497241938371
95.94553682676958,95.88607614029739
96.11472027347959,96.064889474877
96.74657745666904,96.69911805129325
97.10582044390681,97.08162730798392
96.7125158716917,96.68600971195816
96.66961092877092,96.63602369016597
96.2837836101305,96.24522529467853
96.63889402231122,96.60354648883286
96.92521233336895,96.8960937503083
97.48719368756922,97.45978281778555
96.53703757897196,96.49579368366449
96.96029757836419,96.92614162133438
97.15879715823992,97.12922747646228
96.76746377999072,96.73059694045213
97.25965939685537,97.2253626913276
95.83865954243149,95.79011028189852
96.37180570849668,96.32266604860517
96.64089725434796,96.60342158502769
95.4095025461677,95.34207052718085
96.7044333464164,96.66985957089342
96.7119059668734,96.6802155937748
97.46183816332787,97.42954940507165
96.5772861264395,96.53822092781068
96.9773288515575,96.9457873985304
96.29525844034579,96.24523451582786
96.5115392097085,96.47262001455634
96.25178357755162,96.19951769741851
96.99782173417444,96.96422071151153
96.5705486027413,96.52571418299716
97.04191711004052,97.00396298648022
97.23417047859226,97.204031226825
96.97678029774487,96.94425006750767
96.95565986085727,96.92508303461553
97.62924440514423,97.61000875047833
97.59181741364756,97.56847337121306
95.57406763737626,95.52093229472649
97.51459261364677,97.48530260867557
96.50670663779776,96.46456600309781
97.48058868269273,97.46002842990323
96.31663979018089,96.26845179666348
95.51373743705348,95.45422750813898
96.46465544751248,96.42271588464412
96.88497725343028,96.8307521941453
96.7730037222633,96.73128270122044
97.00370483570664,96.9703070792483
96.04965726049218,95.99663179769175
96.77076688135423,96.73003084154631
96.37441720721952,96.3270245212312
97.23116931539151,97.2031119651882
97.08791222795358,97.0485948240565
96.92694922382718,96.9037908872799
96.05892130229742,96.00436780814682
97.21888413831283,97.18335473997072
96.62582591502996,96.5707261402093
95.95635332219774,95.90784585015092
96.73247598325814,96.70054076555287
96.68894917097745,96.63790119585578
97.13655538861163,97.10658935881554
95.7887647012077,95.71371315145515
96.71896401324686,96.67091767693455
97.0744879614149,97.04761525684572
96.46612356751017,96.42022073461868
96.86902125766026,96.83703113919842
96.92596191813395,96.88516033661105
96.17967593927212,96.13834177091965
96.99266763167643,96.96083445563254
97.06513567117378,97.03587151033324
96.1631614755176,96.10885221944325
96.87123198015706,96.83232160605978
96.64102038073071,96.60316541861854
96.3754627855636,96.32207716804272
96.24157729130613,96.19509168380304
95.808595879493,95.74535121816885
96.4282999669506,96.39028275785961
95.81569826340188,95.77281333278353
96.02291334457524,95.97164081696452
96.72667821640685,96.69032414874815
96.70084752217822,96.66498587463637
96.7427466795114,96.70563066051378
96.94400502948481,96.91413097130409
96.90824150664582,96.87608976701826
96.57388536458109,96.5379041620212
95.68100429110518,95.62423548586662
95.77023885703038,95.70937276435049
95.96521183667619,95.91722285542521
96.89700218486392,96.8548867044028
95.64616541325209,95.58840732692998
96.57700830076963,96.53631243646885
95.81330221816681,95.74850968064221
96.22448075025866,96.18028936656252
96.45934041722401,96.41404363966518
96.82528231283933,96.79124474319232
96.8227129394082,96.78717752029024
96.8248132217521,96.79176455867409
96.12191939420309,96.07971071333834
96.31019306278314,96.26457947672449
97.02468934170021,96.9929041826284
96.80409844270636,96.76861555116267
96.6132283025923,96.57792798382656
95.76854055768143,95.71888842763552
96.65703178370404,96.60877465700844
96.60293525361305,96.55369766946903
97.03287561689578,97.0047965414348
95.86152997859918,95.80283240959714
96.29165029377427,96.24335330647284
97.0390179844101,97.0119651468684
95.93148510868404,95.87790637668427
96.72255272569174,96.69134109627514
96.6685343130097,96.62967253420385
96.3770410046309,96.33244714468641
97.22501393731342,97.19153576492104
96.3133589334231,96.2592314244331
96.59357793323191,96.56035361663265
96.51394640944065,96.47994083637572
95.62704554770856,95.5750855047024
97.15131372475008,97.12134276814258
96.5579971630025,96.49866981846989
97.242348993168,97.21399788378136
97.06429639899963,97.04538993057191
96.65190865387044,96.61073328391637
96.49158543162352,96.45582782069246
96.45344592584922,96.40199285487569
97.20739047971931,97.17021839336006
96.70579395654357,96.67459520655
96.60153034465706,96.5742005719587
96.77011708774387,96.73769503440096
96.16797885093682,96.11294029224479
96.83320861998824,96.79880522486354
96.80187872992539,96.76690165221272
96.3018866165261,96.25515910465454
96.94889063505926,96.91432271548686
96.5007158980003,96.46126323494124
96.45570847509667,96.40829956719624
96.772844329622,96.7399152786997
96.42844076634688,96.38981172503354
96.19274706476432,96.13962656020026
96.64790248087091,96.60467830140344
97.09502411526788,97.05834447973002
95.96832709820019,95.91813593808236
95.79425848380166,95.74258896248449
96.68764568032951,96.6478000481599
96.72422838009217,96.68364922255255
96.4246526049909,96.37788866602781
96.56363340854219,96.50884803430084
95.9466723925629,95.90009920250846
96.7392916144624,96.70212974125494
96.20795368895409,96.16000789318555
97.96253182140596,97.94322275893474
96.27548060864048,96.23116566253066
96.35685248847093,96.31633392548355
97.05749451519019,97.0127414527428
95.67911061126891,95.62219883482557
96.435909998396,96.3875628996188
95.90625608710167,95.85107430821803
96.67420427124806,96.62077058659422
97.44520508261739,97.4070569788219
95.9635506533367,95.9061478749716
96.62844648509763,96.59351604817897
95.7580070407561,95.71186168495088
96.43024142324107,96.39123360773655
96.13611129487475,96.0882468377291
96.63900727222328,96.60765235105393
97.03769233529984,97.00096314525676
96.88796752608003,96.86040967723363
95.88829583775095,95.81179592410957
96.16253455339793,96.11833227337281
95.85844258983569,95.81805880829566
97.05629825170934,97.02240727265423
96.24822614230483,96.20579599989846
96.91361328050611,96.88611924346694
96.47725073708233,96.4293137082855
96.38027749935283,96.33985925229054
96.25571568751378,96.19662572154536
96.84654144226126,96.80143533172749
96.76936556777659,96.73638281349518
97.37417079646444,97.33993889632417
97.08996674416773,97.06121016197085
96.99334090985933,96.95428814410812
97.3682872079493,97.33258622115795
97.16515645752229,97.1440233792629
96.47878423207918,96.4323006644047
97.030051533738,97.00150447108018
96.39833387215664,96.36602536896099
96.26221091956415,96.21961384337874
96.79544899731368,96.75123940759761
96.64501846989151,96.59874849530229
96.27774838456918,96.2309033596774
96.33208646698455,96.27830305305886
96.92769608457925,96.89567770476668
96.4766002110992,96.430341288849
96.84318431644694,96.81289749957222
97.20005553622018,97.16577947518682
95.93612218763677,95.89318192752444
96.62982869321928,96.60145187882465
96.3472496678131,96.3028303124299
96.26180334587612,96.22428575450559
96.55246203471937,96.50677202931526
96.42438042690968,96.37988494267704
96.79326646504425,96.76064225223773
96.18751577581128,96.13951841709124
96.18085793624823,96.13847464904916
96.60889967986193,96.56894095449604
96.43428419814903,96.37999507867535
96.20950915508092,96.16541936768232
96.01780991345285,95.9637958301235
96.90909295241356,96.87788590244091
96.05145780620389,96.00491668070849
96.16237766869537,96.11703054508791
96.23938573691822,96.18834002439675
96.35024944660513,96.29866426919332
96.7086310154889,96.66058985936172
97.23158106023712,97.20183466510657
96.54050129374178,96.49968052288217
96.50006293108696,96.46028110531648
96.05087149320123,96.00536232365776
96.01221703598395,95.96196696828274
96.85187643210271,96.82667317790661
96.66113511347439,96.6206603598823
96.29707248722875,96.2475471850703
96.31873193016273,96.27510461062964
96.7183008343409,96.67937052183318
97.33735291072689,97.31729883570237
96.83502159423004,96.79147879602887
96.78843852182787,96.74863261783183
95.81267644455515,95.75064704950644
96.91208256996316,96.87600309150731
96.17537512387736,96.11905658911543
96.43237079244942,96.38735553819055
96.41529999107233,96.37386465317918
97.13712181374429,97.11089438741172
96.90067220868963,96.86941928185848
96.5354026408888,96.4869446587206
96.63665177564494,96.59762171538196
96.20369297216064,96.17301714187975
97.30630437748584,97.27163655985227
96.69178316241616,96.65143460913423
96.39548261544634,96.35590791845873
96.62310333861664,96.59165762415772
96.41317708039357,96.37501834988078
97.3208110696663,97.29253488511829
96.90216092037618,96.86670121725192
96.72604292683394,96.6884898794824
96.36927606308622,96.33493567311443
96.37962980842727,96.338256498626
96.4861201664473,96.44918692179056
96.36567381641562,96.32020403555107
97.30895895325273,97.2807550560596
95.91649981167576,95.85805258709563
96.41164782448675,96.37782371490073
96.5507053510052,96.51739589743545
96.53908022326033,96.49060886476461
94.97851053386677,94.91678825748428
96.98698390283073,96.96296742928816
96.29780194089217,96.24648579120365
96.05864688219634,96.00801785996504
96.38381026754101,96.35363965254359
96.93053049560207,96.89151791764067
96.11926397410474,96.07047404095793
96.37018204548312,96.32223027356285
96.92105398966422,96.88669706152945
95.54584729946063,95.48804015192654
96.31989515644948,96.27436760772932
96.51093658867916,96.4746240512483
97.01675466591475,96.97636710924164
96.4682276293405,96.41551375293456
96.56439367744164,96.51635168510678
96.20127989321611,96.1542205010999
96.40428711126627,96.35618629578632
96.34897223482544,96.30339182616301
97.39376556163161,97.3733702700757
96.53273123103695,96.50030410187236
96.89757186620223,96.86832624689688
96.67196700330427,96.62693969270097
96.69350604880732,96.65144058032725
96.72068934564827,96.67763935924884
96.60778163650932,96.56560771828072
96.50195975947769,96.47205354028259
95.81812919419683,95.76423848280311
97.29017683815944,97.26537150963702
97.37723984550041,97.35048474037409
96.38371136382298,96.33978499306757
96.22258450681073,96.17131017986259
96.81884487550741,96.7876490955879
96.56481307443931,96.51905432999192
96.60860379402624,96.56729199157617
96.53801379684626,96.49827023974139
96.96617698778033,96.92428681358471
95.74016019984688,95.67732856687954
96.63569525694336,96.59727889174987
96.19357135082322,96.14159310833816
96.4854946097478,96.4324416333269
96.94084683651306,96.9204534426883
96.08408922441373,96.03548654567167
97.03993377624022,97.01705051694141
96.9380341573828,96.9082540530148
96.14955916467633,96.09526369783563
96.96171482864294,96.94186978912468
96.31506955513031,96.27683090731838
96.45976454807773,96.42239210594713
96.49755560221907,96.43870766608404
96.44444612673405,96.4002727623635
96.62586752245326,96.59038417956204
95.56430000417986,95.5191897099883
96.45034024413094,96.40753769859984
96.95626907235665,96.91838202065412
95.76888070271248,95.71438970611142
95.95519944140533,95.90957034418058
96.82456372164808,96.7826875402188
96.21533475815482,96.17658806978942
96.23287655094212,96.189393613913
96.07252436436355,96.01544079007027
96.62624816457665,96.58635044080793
96.73630753971632,96.69587969998834
96.31407696162437,96.2686740201056
97.10406537949294,97.06511737526111
96.84573819808057,96.81324712723733
96.80552799242429,96.76127586077942
96.4149723230516,96.35740592597529
97.115863951343,97.08628721861378
96.96184277636415,96.92480161177313
96.19180723836399,96.1302759559743
96.74789871615269,96.70079185770435
96.63503114869755,96.6005577989612
96.76955095886639,96.72988567639878
96.71070573325295,96.66733153833708
96.64611198615965,96.61290236126223
95.96364093361588,95.91565027201062
96.81639413553512,96.77545691260492
97.25358586175749,97.21774299919034
96.27752877465142,96.24007898346278
96.59173078052495,96.55523698485291
96.3409747002584,96.29595181495064
96.54834253682547,96.5078709291936
96.47257170827731,96.42978302853527
96.69790158372525,96.65924789113099
96.42054551217768,96.3744702369372
96.10176678525211,96.04552552110125
96.00998548439021,95.96143049992025
95.9547817349686,95.89520260777313
96.58710554683772,96.54415442717578
96.24779745776685,96.20221771782022
95.74182320027624,95.68597939088126
96.68350920931215,96.64835207864172
96.04990793659019,96.00657680775947
95.9338801477707,95.88722802063803
96.20838110878005,96.15854953995132
96.33531597768908,96.29923304882293
96.28308039954813,96.23289357660666
96.45000895317602,96.41840657733266
95.75249789972246,95.67957823348911
95.87649848233292,95.82479101254512
96.85992364172898,96.83130721568213
96.3062877632657,96.26142977453611
96.41967126922832,96.37347505186597
96.664107734388,96.62753915516954
95.58215137331172,95.52070913946342
96.39923190560341,96.35940891425373
96.24794921818167,96.19820130361144
96.67502918968461,96.64169557792357
96.96058684627647,96.91341615661152
96.41552102931183,96.36317878986134
97.19787170836487,97.1631392873955
96.89582422621314,96.84463828490367
96.3570911827129,96.31508731552114
96.3914693723578,96.35291152601873
96.36664465327144,96.3230335847366
96.92882900221626,96.89720155196297
97.1150350441248,97.07909163653115
95.50300832269498,95.4538506763804
96.10609607426706,96.07248400228367
96.28309218896285,96.23855135355626
96.66848878818656,96.62649618531982
96.34712540104675,96.30882497619471
95.94968375706891,95.8934844460641
96.75828155680159,96.72310442641006
96.57991784641891,96.5379660100454
95.51310576972413,95.4380149524173
96.42805815343173,96.37918514534483
97.41557488080872,97.39256388388262
96.92967641295225,96.896925401624
96.00625888588053,95.96388590236451
96.25000717895405,96.2101735108545
97.12223686476459,97.08275118407636
96.85188348393955,96.81430864439945
95.52509863615474,95.45675268317085
96.32436470265337,96.27478311319709
96.58005759150112,96.5354401365019
96.92792300611926,96.89065250445469
97.19263343279468,97.162399701909
97.17006726056967,97.13211543268842
96.74289859048368,96.6962918416291
96.09822022439762,96.05045163529107
96.46957738532195,96.42669683396365
95.96874575237615,95.9189247482804
96.26191541301206,96.22128333572952
96.48185677576444,96.44501870997594
95.92675600950503,95.8809991847008
95.88773728904103,95.8452238210101
96.16087146096514,96.1334130111678
96.3291734875257,96.26966971055036
97.57892223239445,97.54521976843306
96.26468756139485,96.20530629228891
96.83573115465087,96.79926324787213
96.31563312949064,96.2730794613964
96.73042171876925,96.70079701342696
97.3299418180469,97.30347859172858
96.49674078904378,96.45804067303077
96.30219007034438,96.25395903809175
96.89314870221091,96.86260662292119
96.66095357039524,96.6175371454015
96.68036991653585,96.63482198046664
96.39911825720726,96.36381740166986
95.38114880107507,95.32743602786468
97.10527071233629,97.08152812324323
96.85457869932382,96.81981120041654
96.17214113363246,96.12646293116364
97.40398881028027,97.37434085100946
96.33656011521869,96.28050544319922
96.22624108369986,96.18268862695075
96.41936532783804,96.37936619153733
96.21369703632517,96.18315996636663
97.18038286187073,97.14611592461969
97.29985452959028,97.27365260000906
96.57356506293601,96.53758722931428
96.1218884590449,96.06956545771116
96.43536319929719,96.38669548737764
97.18764957104179,97.16166608429715
96.49610631956156,96.44982552541279
97.06452229103668,97.03393843619489
96.68183956697666,96.6401277784989
96.50924348548273,96.46442609267268
96.00618519756802,95.95470166701676
96.9175426291326,96.893081627479
96.21414352915593,96.17133267716382
96.81403400229794,96.78211018075221
96.35812969784496,96.30946735959766
96.49918134798078,96.4598197997856
95.77942664136967,95.72435332391741
96.84285629981682,96.80424305956979
96.48834129330208,96.45121248202607
96.38052917175382,96.33883640442691
95.61673363422231,95.55915239168684
95.75161379430217,95.68808831281298
95.91595874808887,95.8735820814546
96.31431526491036,96.26973822861152
97.1838011572964,97.15651374888306
96.75591124681814,96.7183807333368
95.99167736982913,95.94038580991285
96.3070089544773,96.25768880172843
96.95968306129188,96.93813882638104
97.36045483261145,97.33655823051518
96.74538973389475,96.71271416662911
96.6180834758533,96.57820974486796
97.19566944812517,97.1684368414872
96.04341646134944,95.98016433634795
96.50767461345482,96.46316175596155
96.18581799910044,96.14262801141896
95.88507549940888,95.83586481989296
96.7053914863147,96.65170266066671
95.96707473105255,95.90125237892767
96.73203849364893,96.69727921349836
95.76335136424744,95.68559621520536
96.7864084819997,96.7530712086132
96.69749964999806,96.65797450368588
97.64801088428406,97.62355522065158
97.2786872056891,97.24445554070958
96.73817185203475,96.70748004015459
96.7615750376056,96.72305037982379
96.16933518652358,96.1222128387138
97.12919828666242,97.09331045915654
96.7330942362426,96.69620392048722
95.93491090208926,95.88781375597775
96.06356085832776,96.01928986368554
97.08279592338293,97.05370876344875
96.3312640276672,96.28865019975453
96.803740190035,96.77506382703505
96.73661174054054,96.70102543180688
96.81335761796407,96.78079837742882
96.44150646095432,96.40351758990448
96.26265181259771,96.22174567148866
96.46360442231247,96.41038993236998
96.85188787294489,96.82310293312547
96.54569323907641,96.50159559285963
96.41575319035299,96.37614147231825
96.92711228070968,96.89869535613661
97.34984008157608,97.32120782688727
97.27321553720692,97.25395517083388
96.30431192048447,96.26099356750572
96.59516852387692,96.55178027730378
96.23125392717533,96.19470248288013
95.77088255374461,95.72605263016202
96.88233673218888,96.83432939805888
96.19857144701122,96.16603167833713
96.24681700771492,96.20556988688183
96.60659797463975,96.57167538970339
97.42681011531756,97.40035620276622
96.27693203428626,96.22717697799789
96.0866872918026,96.03529523238637
96.31757916041408,96.27750116503583
96.57683319880189,96.52275780611463
96.49242192956312,96.45176026609589
96.6786882880379,96.64950114173887
97.68465279184777,97.65155956246105
97.01100343541411,96.97820395550553
96.50764219835317,96.45655382013555
96.15322630169796,96.10066002196685
95.8183488700236,95.76364288022968
95.76701010672969,95.71171164131887
96.23904088216914,96.19218797068964
95.54099625102596,95.48244824596044
96.61394964511925,96.57800597802397
96.91407591900337,96.88366829147749
95.82257754221585,95.75300138819271
96.13560597771472,96.09229948483058
96.94956155475319,96.9097898579686
97.15038964196192,97.12223416888175
96.0529268142955,96.01153436786964
96.48604447675561,96.43294592880741
96.29407172822518,96.2629908360095
96.36017131535344,96.31527024655638
96.39235891055276,96.34935662038434
95.30388340880802,95.23284932775225
95.97403297317443,95.92659900315473
95.9865976277612,95.93297510265057
96.65376379857136,96.62489413243087
96.88435002596901,96.84146245037046
96.84774316226336,96.81855926604415
96.45717509230967,96.4072822959419
96.69979530110842,96.66754420643547
97.14945880465113,97.1160600030024
96.14725287541418,96.10518910648814
97.20923860852558,97.18226863093905
96.39411997538419,96.35505887676335
96.36162451293558,96.32502132485133
96.73332113073398,96.7087063313853
97.38544375928186,97.36141834753644
97.3660147071418,97.34282027274816
96.08365441829224,96.03241138514632
96.44352818884552,96.40854348199666
96.31571431213621,96.27250751557291
96.48933988966313,96.44565760665576
97.09434354972734,97.06019007306415
96.1687059512132,96.12837544286892
95.63337926002265,95.58260987993287
96.74601100878235,96.72172762798692
95.7125541268505,95.65286875788271
96.4866609902498,96.44784119992863
96.5475536024932,96.5101911398585
96.3627487183348,96.31571977225111
97.1570841871877,97.13365038273275
97.55874349065293,97.53379319057116
96.09999293352887,96.04856440902087
96.9676732196143,96.9366036930109
96.27526948333536,96.23064305200786
97.01913448303527,96.98451871422246
96.17219115908465,96.13251941636909
96.25675753730948,96.20890896523134
97.05408294268769,97.0239995937261
96.30979595537701,96.27623343547904
96.22682071324482,96.18621158017513
96.5124366451491,96.46585320832949
96.11258984834635,96.06617314504079
96.63848603047221,96.60775103806301
97.05278322494968,97.02777395474072
96.09452701904704,96.05571739676468
96.27872617101868,96.21859613240788
96.77489435786347,96.74022666093587
96.70671443774646,96.66220022504207
96.38403845073407,96.34420843049102
96.42389060677489,96.37477578428768
97.19325435277709,97.15987763786916
96.82718811576791,96.79459769222476
95.1800284244528,95.11221435171575
96.64206720987009,96.59499962345285
96.95107549817034,96.92085451200298
97.35025147859315,97.31607895683368
96.73610047564645,96.69626220092236
96.86142014307292,96.81723751126889
96.11948847493717,96.07809005919233
96.43075413677644,96.39900056462199
97.5162871249919,97.4960862159929
95.70770646241435,95.64931024290418
96.88801552833597,96.84853872365237
96.39327168729335,96.35598507322234
95.69863449169691,95.64448201647582
96.08182691453015,96.03036596036654
96.5906304266529,96.54378273587632
96.84248177800976,96.79674576515852
95.94087766262464,95.89352380155219
95.73340676952108,95.68097900734574
96.41789704266589,96.37413842063427
96.83427666134732,96.79691715447704
97.2608121380827,97.22546243478666
96.7678247186932,96.73506034769055
96.7502956107586,96.72051729143142
96.68246516151085,96.64296305563754
95.8331711991893,95.79071719259055
96.22353961820863,96.17537018058638
96.2075792971224,96.15776595972817
96.20085016092492,96.15852241538055
96.78468599822037,96.7500507490283
97.03880352644447,97.00058531658871
96.1857243843602,96.14019184153692
96.16995732253754,96.12703255284163
96.14935391306635,96.10206650215865
96.49259209842893,96.45487115158515
96.04278857391839,95.98389710785509
96.93302385516155,96.89105334055643
95.88937286240157,95.83881470526738
95.97664243781175,95.93735938352776
96.00904726106286,95.96866805468477
96.43368749158083,96.3921526563446
96.17042997076713,96.12347040152937
97.19005788353098,97.15398643553269
96.35408559496747,96.3109736296436
96.14265616798006,96.102785837701
96.53900757950508,96.49925561224744
96.01313460400016,95.96879718710716
97.29585532163063,97.27279212933637
96.85059950487192,96.8176539755413
96.41675411116543,96.37915691467533
96.68535221675934,96.64342792917667
97.24228886759515,97.2063691688174
96.83072806514078,96.80101508239765
96.30115169300629,96.25322603643106
96.65120196131039,96.5968330698411
96.36648705890742,96.31897736497983
96.3844549277142,96.34513832719504
97.71146627260038,97.68985020297175
96.844397984319,96.81055354617983
96.05530704985091,96.01156208678071
96.36152477842663,96.31905906510396
95.8620172757046,95.81864511357307
97.2701248125132,97.24701256238987
95.91141795682985,95.8671168482884
96.41852115797599,96.3730181489644
96.01467392087572,95.97580580737512
97.23055902708869,97.20987637239804
96.00407600457123,95.93962682688375
97.15424291648168,97.129761762623
96.74397412184133,96.70732389731268
96.5043461555159,96.45803320026859
96.69464130455245,96.65648795265294
97.36246296694942,97.33349740644941
96.03477258484331,95.99692010727091
96.6934135812229,96.66235347837505
96.66835973897025,96.62986870261874
96.19734195702833,96.14352098180468
96.27264583961676,96.22875274810224
97.1264771483585,97.09008180131207
96.40562736649521,96.36315355106206
96.47972258195243,96.43540082696916
96.36347108842693,96.32432799663714
97.16871795621034,97.1415023582604
96.67142468189012,96.63690540843622
96.84586367656628,96.81352096743042
97.45896491922181,97.43506318113786
96.74917682845617,96.69736640170133
96.56985739985274,96.54102704639892
96.71781913283708,96.67784469743869
97.06209207551085,97.03665515890145
96.83661652468018,96.80797240778007
95.95008438820192,95.90741158784583
96.599791437537,96.56199079930123
96.98946243372711,96.96286127349006
96.61857254782711,96.5768450517486
96.0329235445484,95.9930020437877
97.00220836992884,96.97615379280018
96.68450813333187,96.63899435492051
96.36286711401407,96.32958508340407
96.59268824752594,96.5431665729222
96.12744579509871,96.08216662041883
96.55370993597309,96.50591564995489
96.6234215029371,96.58685245923141
97.1906259184668,97.16559652960315
96.37039817512994,96.3277930055507
96.29785784566118,96.22868426416595
96.37382955844234,96.33185426090654
96.52197266257211,96.47843447508001
95.92968885631261,95.88112518995067
96.02521140633652,95.97502620828672
96.05548235548959,96.00188445744249
96.63471918414834,96.60057134403196
97.10209099255034,97.06765378838966
96.56569572742191,96.51412322060987
96.60843781637124,96.56197554388515
96.08574452581726,96.02524538094067
96.54959569446295,96.5179411810914
96.35801979922567,96.31501690938461
96.59219613434296,96.54514195544942
97.1557935763929,97.12259988960281
96.6186400572102,96.58009499053959
96.2714856514413,96.23067264929108
96.55183456110679,96.50989685974989
96.45227711426578,96.41614527403931
96.86363944103718,96.82154897997586
96.63838706756437,96.59959027468877
96.87013712447515,96.83501371818366
96.44856801467023,96.40584624836974
95.94333885980683,95.8773046342712
96.44214909091285,96.41177348742
96.58219604670407,96.53630442571978
96.5333496471431,96.47549392850746
97.29879668506751,97.25869254480169
95.82464489291343,95.77396683767829
95.37749076075497,95.31774345224763
96.27377547521387,96.23667546615339
95.82410329106402,95.76599450803684
96.11383696536735,96.06414712077952
95.70328013663794,95.64672100680052
96.2199002190432,96.16405867704508
96.01095922139415,95.97235758257881
96.46677870095826,96.4193814858764
95.90588079168195,95.8613802541923
95.7458174794226,95.67820834593799
96.86702904849801,96.82341847419791
96.84418384484928,96.80544580901184
97.2822758340684,97.2495587961552
96.53805714413902,96.4983011194189
96.10803372715543,96.06005111584334
97.16370057322416,97.13222924218726
96.67269579780228,96.62376980462179
96.1274506024161,96.07763790427703
96.22229380507387,96.18033384387594
96.80671606636014,96.76747288713453
96.6613178517384,96.61139407460054
97.47295657381274,97.4472800702268
96.34099748358382,96.2934635689972
96.31106856121306,96.27052614155153
97.68315922046845,97.65830290871689
97.79165014739654,97.77115752167013
95.76153908586328,95.69856333513772
95.8567175000274,95.81745041875294
96.34248513122819,96.29731695282204
96.03340537814515,95.98383428943997
96.67923072882895,96.63755913853495
96.06630899028058,96.01312644702293
95.76804580054171,95.71508550456221
95.6648692449914,95.60220957379813
96.67769836997651,96.63575797543066
97.14369122038971,97.10419924854331
96.96934702433164,96.93553436386112
96.32976177990068,96.2843647253451
96.29770927280578,96.25341062735077
96.65247254062666,96.61832794415783
96.68477836922169,96.64347361723608
96.34399003993818,96.30568464708534
96.33277964589665,96.29152094480091
96.89497895905534,96.86531803309802
95.76686845306148,95.71856249415919
96.07962545276229,96.03582793559909
96.66292165917145,96.62304449335241
96.58643769800969,96.54963683266686
96.59888579607022,96.55405967089514
97.12205845730887,97.08918294604787
95.82876141380291,95.77741236829608
97.50573806077037,97.48070589369684
95.97986811281055,95.93039690847499
96.78767422542006,96.74519887071405
97.40955539401524,97.38179362982247
96.23472441894896,96.19305049709884
97.14943374209567,97.12835520306508
96.96415064433457,96.93903600952129
96.68561929645699,96.64714837373279
96.64478831459766,96.60791787457087
96.68810716594363,96.64449962844994
96.79571443086805,96.76435112411379
96.31884957206053,96.26181031634643
96.39241662382358,96.35152897116716
96.30186553990936,96.26254502472754
96.65188101327314,96.6233985547282
96.15865348594971,96.11766509841023
96.88654676332828,96.8510221186949
96.64093905014587,96.6057649697093
96.33931886301234,96.30771016763956
96.37597054368842,96.33854300404357
96.47135163584932,96.4300223386776
96.78133212746988,96.74252831381159
96.47183598308837,96.4345227624193
97.27069848536334,97.23445040777139
96.05856498159264,96.01824560409555
96.73645416903454,96.69858494301724
96.5411068498451,96.49795546367959
96.2167573873661,96.14747704031362
96.43216006175817,96.38146817504882
97.1443398288039,97.11702758824131
96.23631208732456,96.19893055771337
97.26668957160531,97.24140015210052
96.22415315426095,96.18287035741339
96.27017857037902,96.2167092204274
96.72566622065122,96.67516166445365
96.33280649053016,96.2810235290065
95.73969609761465,95.68090174119223
96.85368406563072,96.81026045541944
96.91418595439085,96.88104734570405
96.96627350042343,96.93577320542714
96.72354881188977,96.68490905337858
97.37460609578184,97.33690564020552
96.62198375997576,96.59280747840388
97.07169667402154,97.0335796917774
96.8929776243575,96.8467636093649
96.37208642651625,96.32953902892456
96.81680486750514,96.78523566532364
96.32199593958991,96.28131448810427
96.14031291840216,96.0990926107263
96.88476033125743,96.84494569871224
97.37484604496618,97.35748430326738
96.49092246715159,96.46103735908865
96.05838602187752,96.00551452863667
96.89950773257706,96.86385749333463
96.05345730588571,95.99440831310791
96.90598712178246,96.86513982837182
97.5353520190458,97.5027506037152
96.2254082409227,96.17490808308838
96.82633434748516,96.78931486544447
96.3703371020676,96.33917872236258
96.20367216693245,96.1622012662072
96.81195139169073,96.76968254919689
97.44387037069897,97.42402999535848
96.71142819022178,96.67994041865246
96.61308327486282,96.57224526856807
95.43346444483532,95.38708955199523
95.95948963546414,95.9171919060375
96.04455539302299,95.99772631615186
96.55014338681481,96.50577238398807
96.40849506835866,96.3610395313786
96.02655591474631,95.96063537455422
95.89974353937316,95.85536315583217
96.15327504405415,96.11221323938948
95.73575285499608,95.66704040665802
95.7346122756133,95.68297856615888
95.85573030198233,95.79902529195387
96.02649620945235,95.98106691613037
96.75498253745404,96.72259203131465
96.49245480651557,96.45448072574955
95.9929242379686,95.93198226255254
96.31888338195877,96.2800778436999
96.22244511989943,96.17598424785093
97.2806092214561,97.25955464273864
95.75003576925697,95.70125427019224
96.13115512814056,96.0863580681913
96.88490176904496,96.8357884498334
96.54825467716103,96.50860707499469
96.23031681195434,96.1861565136157
96.87471796967438,96.84764956825921
96.45134968263537,96.40682380390444
97.35862088140502,97.33425910312164
96.64372099389479,96.59590829752587
96.48480032451685,96.45229970137622
96.30309362550516,96.25763325325117
97.46040126030388,97.43911522447671
95.8179217479424,95.76772532258173
95.68402877356225,95.62094141740953
96.56583338851702,96.53486455481276
95.22057010385672,95.14507629109532
96.18639663024935,96.1465911874003
96.79261038550123,96.76230893236468
95.90010919844971,95.85265891000724
96.04264655521092,95.9885606343765
96.20527204444222,96.15921301348418
95.82554719451238,95.77354371126876
96.20803563868459,96.15400499658054
97.59259446771202,97.56865695976111
97.81841058684854,97.79477276193823
96.53966542754128,96.51180598570414
97.00364643883422,96.97897869492607
96.53038453591601,96.48808754001807
96.79716066946258,96.7584935196804
96.5005725701337,96.4537675482687
95.77271284223642,95.72250824998062
95.93119202439146,95.87115462929656
96.86892861835076,96.8370052332005
95.71226150335158,95.65563974240803
96.3743540232065,96.3273325908263
96.59162196867035,96.54299712312124
96.11931827920611,96.0671449737245
96.35978654662937,96.31781304190737
96.6214305695234,96.58052100033484
96.77789301190558,96.73874634205939
96.25023866095043,96.20945468677597
96.39209380616084,96.34499098535491
96.65810891806528,96.60885627370075
96.88458476982301,96.83964064064679
96.25887796664512,96.21023978743251
96.84129188717539,96.7979756944774
96.87570516876647,96.84185296573276
95.95082585408049,95.9045023622488
96.25593434153619,96.2066490914954
96.22749964313391,96.17528261302151
96.26639896279852,96.20955319841006
96.3759283917083,96.32386595965706
97.01677154937904,96.96323912963229
96.13162303852828,96.08542363703297
95.88789627811832,95.83207328653319
96.4621594594449,96.42361208902145
96.3059018052608,96.27030048110306
97.08045072170562,97.05240255128598
97.48168638557354,97.44890013668213
96.6031883577283,96.56141718369143
96.82524974705484,96.78629682098477
96.74408151276111,96.70920564024546
96.30177744956005,96.26583850875959
95.43231980401328,95.37542926755981
96.18397043928876,96.1400261106743
97.46026200604489,97.42881268675747
97.0200585995553,96.9863234832244
96.77537008173799,96.74140478550659
97.10215729637656,97.07477891658229
96.41420719397854,96.3649601834341
96.98452718996359,96.94972545719106
95.95657910216055,95.90879516162528
96.28081640134634,96.22907275652126
95.53588663577044,95.48509373168886
95.78619442511801,95.73249366504959
96.98928515895382,96.95677721524784
96.8432174343545,96.80411302160807
96.90558535828946,96.87134653828667
96.43942187299368,96.40153023359781
95.73449966862003,95.671769366608
96.56414911182719,96.53346018602662
96.87847448531669,96.8496889363771
96.01529984751888,95.97025205763987
96.41939468305793,96.38023994778608
96.82805855520344,96.79633436755596
97.20896182990386,97.18053698345349
96.60466450882848,96.56505125962978
96.77784101401647,96.73977983111826
96.88043040928689,96.84495406055017
96.38956120545143,96.3425885661147
97.53501558827415,97.51561122699415
96.97903129404918,96.93871648077888
95.69152518328222,95.63364453092143
96.31710216008734,96.26945063462466
96.3461294264521,96.30511491671422
96.03935039233474,96.00025333378063
96.43407821119419,96.37852996032481
96.91542331717433,96.85895939125757
96.21085592771516,96.1630946933219
97.14730792535036,97.12547218431423
95.83056107069089,95.78305830430472
96.37372303590752,96.3419984454637
96.16915300518953,96.12613152245963
96.36476290271634,96.32268683954496
96.01333650842888,95.95696115275798
96.82910331837711,96.80250455196918
95.75579203431285,95.70396939333742
96.26727217919246,96.22803745356785
95.66517506110256,95.60750544272199
97.37041068488469,97.35216502672742
96.43078025930414,96.39564985637642
96.47043601837582,96.42563009499477
96.4044432008599,96.35372931940866
95.96191074471024,95.91140207578368
96.81980282590393,96.7804598571356
96.48657931307669,96.44435786477919
97.0572854186046,97.0305106213403
96.80153408215632,96.76162788677851
96.10057915587096,96.0554547993596
96.99857769507564,96.97708499428612
96.78532688876918,96.7566384735593
96.96732380296416,96.93410421635163
96.80884607483644,96.76717458792689
96.63967793229143,96.59835806530802
95.97314286687073,95.92545334574565
97.10273234357146,97.06911915662374
97.48800834163909,97.46454068219286
96.73086722774276,96.67924049288428
96.77180762882185,96.73311581877086
96.36739788954745,96.32046660089296
96.58373451532641,96.54569873702988
96.47097275498217,96.42322710029653
96.78966100113901,96.76001807003267
96.5140765643759,96.4679739766087
96.28140995014901,96.23285029609366
97.27688763042588,97.2506095019014
97.39142473179052,97.35848838476693
96.99381438599639,96.96001795629229
96.67236826736494,96.6418248478866
96.34516778117916,96.30443654751315
97.1605662256257,97.11307664706165
96.25102703784482,96.2112272496582
96.93637017410245,96.90401750847035
96.78525214782614,96.74362522353526
97.39122222303314,97.36168679268643
95.64706452153203,95.58382256542659
96.96905025520826,96.93617055868481
96.13714196444718,96.08273387729771
96.38226840935016,96.3358522737283
96.25947994382543,96.21745733165122
95.86300645841433,95.80018216801363
96.7331634497563,96.69137585041997
97.79018778002221,97.77292632925825
96.06917599770675,96.00624270537085
96.6915412902171,96.64235590986593
96.60695000371906,96.56904863800425
95.82163198836757,95.76903704812037
95.4775099363762,95.42133591449898
95.62337848740891,95.56585941261048
96.75559931413108,96.715511685995
96.23967671845611,96.18851216456368
96.4016002869878,96.35206162369433
96.78487396411153,96.75630628162727
95.83862837348754,95.77929560348643
96.22328831964413,96.17820482127375
96.35517254281676,96.31688609535578
96.37107200090244,96.3338183790853
96.60304411761821,96.5637616745327
96.80481625951215,96.77064907816532
96.52914740712454,96.50333260792235
95.56351664998951,95.49294346171438
96.836657606081,96.80141042816349
95.86785883329632,95.81873070996934
96.5405630153795,96.49811880221897
96.41567085517474,96.3804366829338
97.5467730064498,97.51675115600962
95.92089119874318,95.86974574906891
96.66938411003552,96.63331057162571
97.09117349324771,97.0615074891851
96.3255185754312,96.29532180699078
96.09763136069789,96.05653495819287
96.04297164644595,95.98958051998493
96.54080756114668,96.49466706391523
97.27518999653131,97.24076611937465
95.74222981067467,95.68429711642695
95.7752344163062,95.72129533877857
97.03779107583641,97.01245031534553
96.41657561260507,96.38722911882726
96.23826229652487,96.19174769235431
96.63547913064087,96.59022992732011
96.33172552261344,96.28793607276863
96.20253768028994,96.15879171180245
97.15247040937702,97.1151267655362
95.8627684509639,95.8130883594224
96.7065198357993,96.67131109890319
97.1817608435433,97.15069053934039
97.18113274687785,97.15279116675246
95.75770915792232,95.70030356764694
96.7777083083526,96.73985028803759
96.76413149717642,96.71878790051136
96.4277984477103,96.38931392576194
96.28876977541223,96.23943365443162
96.706991124453,96.66734847163782
96.8285570710615,96.79417410121499
95.66011183055167,95.60165263746876
95.69596371174661,95.63638926897923
96.4829347052245,96.4386206913191
96.93365320065064,96.89113991190663
96.33118642415182,96.29111654758151
97.25863301598447,97.22885087372885
97.17825889552161,97.15498005998337
97.29074474482145,97.2463353623676
97.0619126793326,97.02570225476475
97.34127987294194,97.309229613032
96.79948768948194,96.75408539092986
96.6738202960148,96.64083098518194
96.37736605788747,96.34346352562378
96.7653355057062,96.72562172034749
96.37971268762647,96.34391770304518
96.45275457628235,96.40933168009705
96.45309821015313,96.41281902266172
97.43796605195274,97.40040375573952
97.04705581725484,97.01109737562818
95.71639960242379,95.65842689138218
96.95796092234697,96.90895561837245
95.68224622881837,95.63417864800661
95.87795723918788,95.82989883206268
96.3307031627092,96.28145365208987
96.55229959021132,96.51385002425265
96.48186941655712,96.4455978018881
96.46794807228882,96.43441311688515
96.51661109864466,96.48032145593835
97.2409304238733,97.21534575865904
96.45055533296514,96.41480713445154
96.93729157012211,96.90614327354508
96.45333159279278,96.41623113182489
96.79149740529166,96.75665183365327
96.77410963355698,96.73641200455882
96.34802448593123,96.30107621339177
97.18059880791246,97.15204995800299
96.96213199285063,96.92586334324851
97.07361055170878,97.04259852247785
96.8084483306445,96.77525203955325
97.78875517244236,97.77231718149604
96.78218992743457,96.7496103018296
96.61232081789589,96.57655163416862
96.65323529211206,96.62358280618894
96.18434999374668,96.13095075207325
95.9883490925834,95.93914717066906
96.18410920228915,96.13163378596613
97.59847287311624,97.57398168109629
96.25555105212949,96.21541073533503
97.16415446331638,97.13950373031183
96.65688202424403,96.60772487316608
96.9075101502312,96.86924300945246
96.06153544098537,96.00628973680678
96.58763643153834,96.54726970535523
96.55695948876986,96.52437439976688
95.20567981162256,95.14654858659723
95.97827073703522,95.93661979768255
97.47225050392812,97.44074343336996
96.27646542331553,96.2249398146184
97.36936242599614,97.33703333754772
96.7357202785711,96.70336179805432
96.22977633949523,96.17804181899467
95.72157638433634,95.6707105394387
96.65847053500882,96.62855485208958
95.37529383248005,95.30597408452684
96.49172878735702,96.46600073754689
97.37328940513062,97.34903807843519
96.51563193830478,96.47272432174582
96.53070440819036,96.48549334652377
96.18020264334345,96.1314322114264
96.33927868358103,96.29093584108602
96.30797794425945,96.26624742007401
95.72696662828153,95.6645016741938
96.88762900476915,96.85361675530945
96.8514533524652,96.82075690090682
96.48085575168506,96.43266129093887
96.41142009942368,96.37544480167386
96.93359443574218,96.89835544058018
96.8918814468465,96.85932335197208
96.58464839810827,96.54412709143973
96.01571880433924,95.96802494515904
96.07744817998793,96.02669556895057
96.29379246678164,96.24652769903834
96.33755050719155,96.29130295346515
96.92867474075445,96.8912730381119
96.02547155259762,95.96966240389023
96.9005769974562,96.86803640535193
97.84369207685587,97.82336616244241
96.11913013559617,96.07647510526269
96.75462017782127,96.71663402197295
96.0681985252658,96.01825240859745
96.5090788479738,96.4507634110854
97.32644591042104,97.29588814179674
96.85864443716268,96.82740649944893
96.55165301246156,96.51700364550693
96.74529564333704,96.70597991036321
96.65401514643496,96.61127035772785
96.35030704199147,96.31239419392932
96.44276861917662,96.39429630592159
96.23793187525509,96.18398853097992
96.14822403165195,96.10970228859966
96.3253238747519,96.29496347726858
96.55714111451925,96.5154263164018
96.53841294416294,96.49681268962065
96.60822338362988,96.57452397023293
95.9883396684127,95.9341512126787
96.8415576723843,96.79402612547332
95.98243373478512,95.93139422009034
96.21076566951979,96.17799084054762
96.35436516113934,96.31483866745604
95.88132016001553,95.82927976024156
96.49218129580574,96.45700501065302
96.08018321843922,96.02517479996179
96.02220956742994,95.9743014902623
96.44361956424237,96.39775905516704
95.62267356810098,95.55911963903013
96.15502232840026,96.08972981246234
96.28286665384887,96.22900411679493
96.51482906043708,96.47809287537387
96.8385965402633,96.79913946112453
95.8614303165207,95.81529844916253
96.9263697541619,96.888279792971
96.62304141809186,96.59242817330473
97.30629688735203,97.28639002593874
96.46831535139319,96.42390994892922
96.50267930608489,96.45610208553207
95.8718732802971,95.7969286170665
95.9854213372359,95.91947877038932
96.2840080228579,96.23916306903487
96.81485271375706,96.77557449545125
96.90085200862772,96.86756672326969
96.24993147756295,96.17657962328228
96.0352801831508,95.98798383789662
95.83832591045862,95.7773714204988
96.9079362574258,96.8677509783189
96.47121279260072,96.44235670372419
96.34278235687648,96.29923034351935
96.17537576551278,96.13046706310485
96.4076886580696,96.36530277343964
96.29555018660814,96.2525335588943
97.38154444837751,97.35673646251162
95.90201523629317,95.84762711657238
96.35185448687332,96.302268376239
96.79007410229056,96.75517296114492
97.2314363787104,97.19876063740773
96.59399194464802,96.55128004703275
95.80490016472633,95.74677623065818
96.78109672084825,96.74621961936559
96.15102007231916,96.1146175883136
96.16683961606532,96.1107490708108
96.74765733576473,96.70550005332804
96.89043967777344,96.85130101844963
96.70479689416541,96.66297624246712
97.01986285084247,96.98940861409638
96.5819789499833,96.54397400352649
96.47832391511572,96.42969841644481
95.64589821808453,95.58567641783044
96.34420310489102,96.31278872186441
96.03478940049683,96.0030712867333
96.13481814863931,96.07699840771274
97.12781345208143,97.1034223982539
96.14106079328296,96.10019776951647
95.89417752608955,95.8370535238904
96.20868368119595,96.1694130370655
96.87986983117398,96.83934246218504
96.66491763983998,96.63216297415161
96.16883789369585,96.12863093785087
96.53212843803347,96.48751235557664
96.91855086315458,96.88268249597554
96.34954796514576,96.30138183463004
96.7256575807878,96.68337177905782
96.74415940390442,96.71480605037898
95.66729836101729,95.62213292667528
97.0807122347011,97.04246804531162
95.7580177837132,95.70130953574697
97.01088335669758,96.97846468909384
96.30175253756111,96.2582050829695
96.43404841862801,96.39094042772865
96.32348869615551,96.28640203896464
96.29121750060253,96.24677615265573
96.71974074167579,96.67668058818502
96.48220863494217,96.4337304181431
96.34939231034808,96.29983752268166
96.39532606422021,96.35762331349716
96.11681903416394,96.0612516138331
97.5926893550129,97.5666196114128
96.4146921646489,96.37422889315226
96.73415889240385,96.70378323953949
96.32252940067387,96.27870497104072
96.9929768129591,96.96019797941389
96.59698422387716,96.5626984619559
96.15879524125985,96.11037641027181
96.8238862507638,96.79020686423345
97.21131867927274,97.18289103837138
96.52844295005688,96.48602761888928
95.60471146604719,95.55134095669372
97.12819251733201,97.09662026387598
95.65443573005184,95.59717006916418
96.87154879905424,96.82709036101687
96.07308421167167,96.02776860976171
97.31642136415641,97.2812887326854
96.95358353437723,96.92344727315209
96.45153660258593,96.41599664278498
96.71307139851041,96.68208724002506
96.04357219621207,96.00594746209886
96.23885896108162,96.19529770418065
95.71745276393871,95.66600970162749
96.3019180683051,96.26793425841232
97.16045400794597,97.13561751808757
97.13092237371932,97.09191366785493
97.08041135622956,97.03538806082071
96.26693530340415,96.22204756307343
96.91291787083652,96.8799999178573
96.82663047787902,96.78906350860127
97.0513213551614,97.01374238053799
97.1757091662472,97.1506009780007
96.7386326098338,96.70068826584799
96.34536343111132,96.30338313410638
96.31404679371116,96.26661777280661
95.18979075671042,95.11499583478937
96.02261050644687,95.9690956646536
96.25931819126137,96.21491655270499
96.46196250080676,96.42365797624666
97.02973454646975,96.99635601268815
96.36385921820737,96.31999896961655
97.53587569956012,97.5116716418482
96.54531051339818,96.49546178717766
97.0340973077305,97.00509715966218
96.40430310837712,96.36575766413598
96.64073069747963,96.60016762829726
97.02006854428195,96.99389666959752
95.77722720524339,95.71609915360928
97.70082885474287,97.6773068543221
96.36155405992527,96.30892671057798
95.87016090182034,95.81649619240906
96.55346704889118,96.51756867811176
96.58912221018466,96.54564915376066
96.25583618129143,96.21256871363732
97.34157280924174,97.31923986386406
96.3627107273398,96.32162792723832
96.10229124476997,96.04172520613635
95.86959265289532,95.81042467814933
96.55192093910948,96.51680110142344
96.57707775184457,96.54192452991269
96.2636707871829,96.22295698904342
96.97197585282147,96.9320705480671
96.34212835731009,96.29385643489321
96.73951685359921,96.69399763878911
96.28189776164425,96.23023712249
97.15326872884205,97.12451382820606
97.16241801649443,97.13570768191546
96.7319023526432,96.68471024920909
96.86160844887725,96.83876877374395
96.19834109749209,96.1328085341486
95.46521363193855,95.39260022023602
96.79176767863582,96.75518538157912
96.6574672590653,96.62137574123865
96.64531524579553,96.61810302792728
97.71555194589263,97.69062831635715
97.0952878300863,97.06692764279913
96.73995577703326,96.68998160196792
96.60525536681963,96.56595231882962
96.52543257221531,96.48552791418267
97.09703168027745,97.07229256968039
96.29750425968163,96.25224889719975
96.86441586841985,96.83691774112648
96.56828730340393,96.51601416277542
96.96035676723014,96.91432275706929
96.32579860532735,96.27072608569058
96.21358621118081,96.1710594770561
96.80619478707455,96.7771704019665
96.68802901898255,96.65711357845272
96.22319971004097,96.17523822823193
97.03489562673568,96.99404318821202
96.10431804646927,96.04504324876417
96.2995895094367,96.26214428890495
95.96762929908606,95.91812942216427
96.32228975924798,96.27776594950929
95.74109988894635,95.68631641489408
96.55826294879803,96.50905295465564
96.65844960470513,96.62345350365021
96.34163896259322,96.28687388030015
96.88351865409044,96.83816836086483
96.3764586111734,96.3310955711069
96.53100303628125,96.49991672555612
96.67824706534066,96.64917980199914
97.06692344160268,97.04160347166464
96.48720112750888,96.45197211184927
96.7925981095198,96.75079901774797
96.14467664489699,96.07993110791243
96.69812783186796,96.65116871544419
96.71196086047253,96.67544302058441
96.3130547965608,96.27087337048603
96.83312159385923,96.78504176205408
96.31883189017833,96.269809445896
96.65190388943957,96.6167335484748
95.7572117309398,95.68796528545818
95.50540836614373,95.42980384634899
95.779255907042,95.70924969878143
96.10008366659525,96.05607833377142
96.15075123889204,96.10555987842342
96.55357660605108,96.51684459292116
97.01172647183631,96.98093880689102
96.95168151737028,96.91164480208973
96.41082323677361,96.36018959080769
95.53305708624289,95.48731920847057
96.38556994573695,96.34901832056305
96.75989127184278,96.73449601192131
96.18724740682687,96.14585042596296
96.57976042057578,96.54264379540231
96.04086997446313,95.99355017018561
96.32222070149503,96.28650295395968
96.03625891355601,95.98743979482727
96.71536775548104,96.67132362624507
95.76927652629566,95.71908662084822
97.16974789691119,97.13676254193776
96.83753977746588,96.79521021017923
95.89963930236719,95.8545123033567
96.57296561545967,96.53278847303442
96.86878406425637,96.83523662382403
95.70698820822614,95.65759868167667
95.98615559449388,95.93847796046511
96.35012616914538,96.30263095761192
96.43980998188597,96.39501585559067
96.10661918391018,96.0629244966922
96.95556466657109,96.92072949148582
96.35755312307107,96.32754613773633
97.21756613979063,97.18231246985245
96.85656938512213,96.81261042146063
96.98934214710314,96.94647706469465
96.23960244263208,96.17981322809118
96.60740882212514,96.56022123577227
96.13578826612078,96.09550350777997
97.0693662552481,97.0344371593269
96.83989784431274,96.80458396219784
96.77088038080207,96.73907095227979
96.12113958828435,96.06760431835761
95.79377729806248,95.74867293041585
96.37966303988597,96.3361844674649
96.035348882775,95.97997435987396
96.69041327072395,96.64487281532132
97.6395094770737,97.61324250475013
97.19812382008426,97.16823402555511
95.89776577025131,95.84753500480342
96.69861276654221,96.6681584757224
96.16252826620946,96.12529798219377
96.39421928075502,96.34337537058322
96.16026709411928,96.11240536643247
96.73863799320125,96.69984962278433
95.89869084370582,95.83081491704331
97.105486525896,97.08109321498557
96.04283612658077,95.99594834205884
96.50935560787478,96.47197806518749
96.48213708184912,96.44393057784067
96.46207508467029,96.42470439358908
95.79495470509315,95.74579838724586
96.45315196402322,96.41583628551744
97.28274306553665,97.25599828513748
96.54579147625253,96.50240149230534
97.14820322273758,97.12154969458767
95.77602045246277,95.72165377819816
96.49475325907716,96.4534846268525
95.82134794176358,95.76359440859403
96.67734982136099,96.64350486952449
96.12386417396607,96.07134931930682
95.59389637772773,95.54338664409718
96.14500247072456,96.08988270725764
97.25246759042507,97.22894153476729
96.8869065683693,96.86142116901213
95.83094497917878,95.7750636374996
97.63066667430948,97.60065116787513
95.98679487295286,95.93962067902886
96.73025328687373,96.70208639370567
96.63436644589444,96.59756819284972
96.00509262773843,95.9526042415045
96.58335115658345,96.54399843305639
96.8070762687198,96.76846850265514
96.18246787824123,96.14869799133821
96.99374061781273,96.95921088531284
95.86411945337628,95.8144803341124
96.49571426267735,96.4500398133316
96.73516764245609,96.6986444837763
96.74983009046115,96.71782576905234
96.62969255930491,96.59368083626596
97.05454634608876,97.02828933150694
97.65455352147391,97.62496995085144
96.72821223862086,96.68919368701272
96.91090685842515,96.88530893679388
96.22740809977671,96.16973550313219
97.19667469988715,97.16459303544909
96.74657929850581,96.70313959430577
96.8057986441287,96.76292283894756
96.57869167092545,96.54330417854077
95.62343011694824,95.5738374383503
96.76327383166665,96.72040083099458
96.1324330527052,96.07904715650434
96.65563228038238,96.6230711045043
96.17800899180935,96.12356514680533
96.67126639330854,96.62547552878816
96.54343419815264,96.50046702960884
96.09587982000092,96.05165496356457
97.56658303929669,97.54154979668243
96.78064133913769,96.74513213942168
97.03706545239967,96.99952577032937
96.87575557744483,96.83788395414348
96.58752629436259,96.54798700829812
96.81371361295395,96.78114973988896
96.37721208756088,96.3441164152057
96.29979215515402,96.26183057334757
97.69350702289266,97.67229508903667
95.78644033786273,95.72547933308854
96.41721242861469,96.3527694943266
96.6928657288005,96.65574613839928
96.53845459138282,96.48732894981002
96.90111202850896,96.86467613678688
97.10963487622915,97.06518654717925
96.68498829414744,96.64615388143237
96.45163136422148,96.41641770138521
96.92445149948857,96.89535628055799
96.29024072379458,96.24208695295644
96.20123408469784,96.14389527279913
96.37173881451085,96.33799165433159
97.37990123210986,97.34294599848451
96.65338860779939,96.62213272024701
95.92746234370645,95.88260453910164
96.40852186023058,96.3673489002583
97.39460969974236,97.36837520838313
96.33959311754755,96.29953352653152
96.25199277520538,96.2076660599863
97.60844788302069,97.58947674410554
96.15574820365919,96.10260075322822
96.17451201087941,96.12565440199137
97.17843694137214,97.16086845742937
95.87991869051187,95.82849054561828
96.96666601346422,96.9338551872593
96.6449698196857,96.60241998551092
95.67802111709878,95.61975897121188
96.18402812270556,96.12992903596052
96.319923601632,96.27679690571479
96.74572916183214,96.709740483607
97.22707235796547,97.20096471104627
96.61369103998575,96.57062346346733
95.63010458962194,95.56455065819607
96.1416148732347,96.0815476215971
96.05747311268327,96.01354623629173
96.50238751911358,96.4459325809297
96.93535687663942,96.90081688478543
96.29801591087627,96.26103268444072
96.88835758408015,96.84504505631175
96.13864496633141,96.09026383990685
95.86743011121236,95.81950552080536
95.82156583197678,95.77094595850534
96.6189083446717,96.58163016763939
96.96449065096847,96.93825508641277
96.15536110301407,96.10530996974478
97.32627804809127,97.29426099342604
96.16738780928353,96.11599916765171
95.75616762523255,95.70618241396969
96.07528761747037,96.0285058024053
95.83553171810729,95.78325012263925
96.6572094530299,96.63465628283012
96.41299556886005,96.37933750722426
96.32199233991267,96.28569929824346
97.78362472004598,97.76023689235393
96.41371050177568,96.36364234667452
97.3359031154436,97.31165185535001
97.15677851245397,97.13435838531433
96.3688586659404,96.32258587882491
95.64874639816414,95.58298368976847
97.36765502246614,97.339211936009
96.29459639905926,96.2528103784149
96.02837095914238,95.9758974534505
97.78501674198398,97.76208683183941
96.32291560237049,96.28362686740863
96.10442998981071,96.04444405877209
97.05934110259248,97.02933178791962
96.20929493649062,96.16509755575767
96.96205519759458,96.9291752294742
96.74846458030036,96.71136742075451
96.09386503941822,96.05252330109558
96.5023276621438,96.44888015910225
96.57686516712576,96.5366404273354
97.0309375585974,96.99866289277865
96.61599558972074,96.5781004672222
96.7496134011867,96.71450387791397
96.70881409484211,96.67303019591027
96.26060599912488,96.2280150601279
96.65027733937033,96.60521519032834
96.70580460889761,96.67233603687062
96.40653080426002,96.36312776197123
96.2836812944896,96.23755240047683
95.63721331596285,95.57156858099528
95.80538790462435,95.74214725672341
95.95593765281997,95.8992937236455
96.88965850751418,96.85484467244785
97.94720084811438,97.92136009752254
96.38529761523876,96.35228132451783
96.3626900646911,96.32275290066461
95.87184268219933,95.81932809045597
97.2362311980531,97.21850194857811
96.41941117754082,96.362513992491
96.54461485084299,96.50425802095467
96.40114977359458,96.36178974594661
96.27166842903647,96.22814172842023
96.55131920059553,96.50946440023536
96.82800915217999,96.77912136053362
96.75102887577788,96.71729332503827
96.24954146125636,96.20387846684882
96.18450722336301,96.13537662461947
97.16110235046276,97.13032976814426
97.37828020635379,97.35302847674019
96.64988031699605,96.60743811674308
96.73438699916059,96.69008036717777
95.82816871861482,95.77289958350175
96.65057399706491,96.61911788482483
96.1209105211431,96.06303693391934
96.76957443966131,96.7248390616919
96.3359661484253,96.29824772883711
97.46043826537156,97.43604841975291
96.19083806794241,96.13045931281495
96.62784356049099,96.58859602198022
96.7502170639715,96.71504229616819
97.28836346041928,97.26037462363614
96.0907365944164,96.04241934620316
96.94147623545318,96.90627315836743
96.14443316933637,96.09752023406314
96.04730570135617,96.0035053564523
96.67706010255043,96.63450649466826
96.64305277510839,96.60841873873301
96.34658524801436,96.31281250403484
96.37176241290739,96.33087631587412
96.4597500070424,96.41827207844307
96.11792867553648,96.0496304757968
96.55791976335863,96.52793023203874
96.7503084348929,96.71480891625131
96.25488108962666,96.20479141126317
96.52416484667971,96.4851634986868
96.52870723915696,96.49857466930457
96.55946440343268,96.5215659933133
96.42095788078562,96.38574836575116
95.66054109893646,95.60686202571942
96.51796142605177,96.47993287889716
96.38771897373005,96.33145126345225
95.97994945959175,95.94197012257162
96.5779116719382,96.53757884980591
96.70973786633283,96.67780823869924
96.2278616261905,96.17018553524895
96.27086141900364,96.21019879994923
96.94354543978741,96.9147695411812
96.50824568625298,96.46911978109095
96.38271077914807,96.34166133212027
97.56278777392623,97.54387763005647
97.02677190533979,96.98963288583076
96.18735051215373,96.14858043410122
96.15130287452376,96.10895242906717
97.1915472836628,97.16233230303148
96.65500421615208,96.61487529945732
97.13247124178893,97.09941234081577
95.22090236743284,95.1431372913423
96.47758892102276,96.44534340578355
97.19591685909914,97.1562628320198
96.58824299349024,96.55956137948498
96.36294915751263,96.32938831463062
95.87679967872276,95.83094002893112
96.06522710919587,96.01141932089484
96.91545410270867,96.87289783497219
96.45340325541511,96.40231795469755
96.97828460383477,96.95132063275084
96.53427802679751,96.48481259972323
95.45929516229495,95.40072614435688
95.71816269339044,95.66398733142144
96.67282851288381,96.63392263041425
96.48228684777865,96.44386874157497
96.39128442549249,96.34677664256861
96.4081454298148,96.3716310163785
96.08962440311852,96.0414631811014
96.31653797315366,96.27820279780657
96.21376528056221,96.16731776437446
97.14649362143535,97.11642129365117
96.50667294858134,96.4668116825978
96.09924411211138,96.04411340383868
97.62825981943723,97.6023278640758
95.97219110334176,95.90825900820359
95.97258920832986,95.92040476023868
96.52122582833036,96.47691436009373
96.96279536591486,96.93326818099891
96.31137095395826,96.26692006255355
95.80118365862026,95.74969302696402
96.71713026210092,96.68242462673281
96.08848047835487,96.04131444139315
96.80934332928979,96.77078536884973
96.35135882420744,96.30257252485026
97.05390222965185,97.03040016287974
97.31101122099315,97.27775607388644
96.60215965016842,96.56552427723169
96.3564087345409,96.31237307027594
97.22599132809317,97.18944751342381
97.53390974695986,97.50824482916016
96.84772708544848,96.79806174428124
96.93275201120863,96.90236938447019
95.89563941733115,95.84083444964642
96.26692935008235,96.22199724814801
96.58305643343084,96.53703650973148
95.98794496931019,95.9397481583755
96.1009045860348,96.03516771204265
96.60526148687069,96.56073997275342
97.10978000030265,97.07878616642165
96.50103858725957,96.45011275075285
96.68311097809573,96.65226073298469
96.32045313795756,96.28611019848935
96.29288770945354,96.25327352409067
95.90304036085814,95.84254691603059
96.35689066553407,96.30396707905015
96.78669271944403,96.75549021761893
97.03830632570009,97.01726869062385
96.6409983988372,96.59265925049559
96.92758583932917,96.88999518554884
95.66162497459227,95.60903978359616
96.50570438319238,96.47023696611771
96.14667124559884,96.103508383495
96.97546237955052,96.93872724449477
96.2824369314306,96.22479778550739
95.65192271674132,95.59736772132827
97.27707754725684,97.25542806809263
96.11476304317091,96.06902870217183
96.52799648422564,96.48507193777768
96.89965421046861,96.86470839664305
96.35956975833338,96.31703214011219
96.03573662537448,95.99128580642869
95.8210747298319,95.77692915302818
95.75863551403334,95.70566664582054
97.1318966564881,97.10275121763941
97.23335680756558,97.2138251583334
96.54607599010626,96.5051667117391
96.26608356084712,96.21815993696708
96.70229938359637,96.67144266547817
96.71743279397192,96.68099800935872
96.38529434779961,96.35551682759842
96.40675484592266,96.36315582103828
97.23178281498687,97.20703824832223
96.83612413264558,96.80288533898187
97.16565898616531,97.13623564427964
95.68778325362149,95.63483301848431
96.81862833275615,96.7876189134918
95.94864459240695,95.89046938353674
96.69470591300271,96.65448688895319
97.2672474572604,97.23875889552453
96.08139445274331,96.02996707424194
96.95029262573259,96.9262094747585
96.8329288948875,96.78907213219716
96.45704898054846,96.41188533337846
96.2483801081814,96.21668170385472
96.48669985016849,96.45195907421262
96.08240194103183,96.02524830491168
96.74009732037683,96.71533241653208
96.31531252620314,96.27138832058849
96.4855965038043,96.43644907310362
96.4858768294826,96.44715759349151
96.72481986421097,96.68104113465488
96.87977911833141,96.85278750839902
96.85272052497203,96.81192932536595
96.18151089450572,96.13234446027745
96.59449021699668,96.55520380349182
95.95714538525272,95.90512279692088
96.24291122659584,96.19282719816772
96.54065681679025,96.49103471594735
96.86789329764862,96.83604558653953
96.74991320218695,96.71511332186881
95.88715284168904,95.83204314730375
97.0246464226471,96.99553188239454
96.27655927210249,96.22923039166598
96.99079220085441,96.95672317562314
96.61535140725081,96.5904288225073
96.60256687694796,96.55939931148718
96.2823105475749,96.22964011916604
97.47277601680072,97.45130365085336
96.36032482959328,96.3179311762313
96.68814076190436,96.65429368877004
96.91400937129335,96.88508275031498
96.54361786669018,96.49351727873618
96.76082442080249,96.73287089534759
96.91047319025105,96.87785735411518
97.13666128359267,97.10326430698635
96.18738518710988,96.14638604342676
96.02327973760579,95.9780614376273
96.2267944344835,96.18031915117456
96.90817385104744,96.86949181604793
96.38028010594631,96.34172544142719
96.34662375729879,96.29618674819537
97.15184484436328,97.12309022538693
96.01008334374359,95.95115672056177
96.38633164278534,96.35161900114083
95.35838440953839,95.29007346140044
96.52747530732428,96.4722960810688
95.964855077642,95.90381659476519
96.14190911422665,96.1051307946207
97.52546471078067,97.49932745685715
96.92149132099692,96.89583220855621
96.51095566978329,96.4644953762388
96.79624468363625,96.75146901943366
97.03591564792382,97.0026140239323
97.22599083301448,97.19959440657695
96.95807470448082,96.931490410634
96.32939385893438,96.28444816783833
96.23862818773107,96.19984371435382
96.846478490311,96.8074768720728
96.21461892922936,96.17031444289967
96.69237396871026,96.65157461049387
96.316053069879,96.27046200347112
96.65932164983165,96.62625960678318
96.41572153305486,96.37219183839292
96.31664936873501,96.27784527750319
95.95748110189326,95.92050034452949
97.20837839915116,97.1836050973003
95.78032025425642,95.73437665026634
96.37556139577379,96.33645957343617
96.87568347828069,96.84772215369676
96.92831961621552,96.89242587657264
96.72987908055167,96.69182090669197
96.38019874581059,96.32742972673772
96.89400082444268,96.84237808249974
96.21644640499211,96.16701971276932
96.63629687157434,96.58989194453244
96.29537313045056,96.25172359143754
96.80671846321003,96.76478251983761
95.85565671930546,95.80241330340887
97.54904890316304,97.53169341775413
96.83283440871715,96.79596674927417
96.6757356984631,96.63686276384678
97.01406147493213,96.98466760834728
96.32770740463198,96.28674803834592
96.62556791193589,96.58978291749514
95.73440980528196,95.67935512192719
97.28789098716891,97.25083536518892
96.02602096484829,95.98897214192836
97.5428644348621,97.5201368916903
96.39278136548795,96.33917397452838
95.9062113852607,95.85583193481226
96.79448168126743,96.73948583739082
96.14106307248747,96.09278192086089
96.59025415583294,96.55945022314054
96.05762943717083,96.00477836972952
96.33120988424527,96.2797092370017
96.61055976182455,96.57228093103724
97.48578959738401,97.4629732161366
97.22217059113648,97.20079449407551
95.67845422645205,95.62124950856611
96.3409932209384,96.2919021690653
96.909304966787,96.87770095231733
96.3214036110038,96.2776523726108
96.83020052360925,96.80101852169913
96.32247584184759,96.28080402015443
96.23984435034558,96.19307153348666
96.84565968535142,96.81482576494561
96.50428015205998,96.47560615570336
96.58606184474849,96.54694269608794
96.61731756288872,96.57258506601167
96.61796976917775,96.59108304526214
96.3609260521767,96.30974918783731
97.05986327432974,97.02057105602542
96.78567653676205,96.74723356284403
96.16957506159895,96.11244480070802
96.95819366677858,96.91259270525052
96.53809630768596,96.49225863884668
96.38005043498433,96.33643507580435
96.25500312432219,96.20647182735026
96.43559693730431,96.39417160254676
96.67992547194436,96.63338883657316
95.42294851531386,95.36124839849712
95.98495012097966,95.92622140886228
96.35823167397368,96.31947474929697
96.81382016379932,96.7819413829889
96.25620611719627,96.20924652192829
97.66726933793709,97.63934187875138
96.76338480964316,96.73786987884363
95.64662063371496,95.57978443062922
97.10024530549397,97.07056242355304
96.83973881936986,96.81371191843576
96.22624573379106,96.18779012948217
96.72487526539635,96.68571753115165
96.67006920487978,96.63280098392256
95.7886539617488,95.73033504633615
95.83557182638599,95.78206794107066
96.1478129159335,96.10492048301619
97.559188143766,97.53549324808648
96.48145195728821,96.42460368622378
96.06726547777627,96.01301106736827
97.28711836059595,97.25219767198391
97.24017110264008,97.216569631553
95.82150477646796,95.77889661391913
96.64843681427345,96.61365583527915
96.60783157471873,96.56646107954059
97.17375861112318,97.1424061663362
96.45990922073555,96.41325232237037
96.34266115927385,96.30990366083111
95.94635939083935,95.8931322903104
97.020172727337,96.99256910471152
96.86400972450933,96.83114523277527
96.16869081460827,96.12305907180244
96.9885887936237,96.94858971223675
96.04275630743835,95.99050219065087
96.76969763132246,96.74247527240114
96.64168968148313,96.6020475956713
96.96389065204247,96.92566994158277
97.56108471302969,97.53848358477853
96.5593819125732,96.52665770069503
95.87475707725416,95.82292372070657
96.55174056677522,96.5106617868331
96.0859678273616,96.0382733331254
96.98938410766478,96.95852914019784
95.7679574849432,95.72679681201215
95.11968097448789,95.04813531615257
95.87978653510143,95.82816707300836
97.11920554307203,97.09347219348608
96.0489908630662,95.99035395765384
96.43384300722846,96.3979247342719
95.90826096652587,95.86162718836279
97.20888954641454,97.1854705124776
96.71510582745978,96.67864831210788
96.98084244269066,96.94897095686878
96.83642976719182,96.78908395568867
96.2741326577738,96.21990849720191
96.28180825357934,96.23043537948168
96.65477119323745,96.6284003155911
97.27800913152929,97.24718984024426
97.00357807817798,96.96950859516237
96.327075551862,96.27823667925786
96.08666389425365,96.03358285739901
97.32911181598969,97.30147717751537
97.03180444089132,97.00174290112464
96.07819036298017,96.0356294517769
96.87804235526445,96.83686554585904
96.65518360690844,96.62432642321009
96.61630310757195,96.58220645224085
96.36299970463,96.31441824460057
96.72178532866644,96.69090256500385
96.35873303360133,96.31686240930719
96.7210434946973,96.68502147640926
96.51662588545827,96.4816819520342
96.71144494879103,96.67247201383611
96.5108212001344,96.47546530855652
96.56894717769839,96.52591048668833
96.4992310262927,96.45294853064708
96.68618556243062,96.64822241918377
96.45439314109885,96.39453316756811
97.15129719411216,97.12192315963085
95.37388959692538,95.3249011641178
96.37020653010443,96.31360651268417
97.1454604252807,97.10281280167365
96.69661709319871,96.66426398394727
96.17218147500574,96.12105748034314
96.79284854628486,96.75395180254598
96.928578887351,96.88277308022926
96.91595282158134,96.8780561980638
96.84985615367569,96.82013176467946
96.4034449836886,96.35740665412506
97.49550495334343,97.46520303340878
96.22422158888166,96.18457371626602
97.0786481134852,97.03757031631496
96.77687139425394,96.74182803829201
96.62731664942572,96.5874656986443
96.76700510945848,96.73758961343641
96.96738312624488,96.93654029461526
96.01984500983582,95.97010514817278
96.27394326256217,96.22365946153948
96.36374969636643,96.32460089784547
96.80411435673527,96.77150163988985
97.24721668894621,97.22640262257214
95.93814419857726,95.88531140544481
97.46651547487694,97.44737391554283
95.85877275561407,95.81646051085302
96.28858568806288,96.2461448112745
96.67520513178124,96.63385030212959
96.7941302084625,96.75900784385784
96.94525825464183,96.91336874890172
96.67552430432558,96.63900480174773
96.45218141774508,96.40786016695112
96.43355860467827,96.39437455496619
96.5913830691565,96.5557438790741
96.08371776917055,96.03326249567594
97.1797541548205,97.15902149387169
96.35578820280092,96.30871767891553
96.7617622563218,96.72663591973912
96.5563055543317,96.51654206593142
96.57500870927024,96.54286274144236
96.60241560512283,96.56168444063663
95.63019926175677,95.57727253934301
96.87969270079938,96.84627295586522
96.52041745520793,96.48791876027957
96.63372959387306,96.59213877174636
96.19630713771629,96.14803505631583
95.76973556055806,95.71067486804796
95.90450625709602,95.83544141407269
96.35204453322504,96.31182698989466
95.67131818312404,95.59878433459262
96.34811201310454,96.30619012234496
96.72544769826632,96.69383867578155
96.55595800509465,96.51616033343866
96.47833656049364,96.45795988002168
95.81763115309597,95.7486626185585
96.03117185879346,95.98724128241254
96.31680366451499,96.26948078870154
96.2383607631547,96.18574813864186
96.70060317840118,96.67161533877636
96.4659748000391,96.43050867903348
96.80764867077076,96.77850322662479
96.16722988697511,96.11946949150652
96.29670586973026,96.25227851921325
96.44195639487347,96.40257994355126
96.00906562446424,95.96587654781796
96.45113265424907,96.41322599532991
95.93644191094143,95.88483484480754
95.39251246016207,95.32357531467201
96.62356725169329,96.58340924369091
96.34317924349526,96.28809285933104
96.47009537268377,96.4348943556455
96.53771547196466,96.49368775276027
96.19746285685784,96.14534970176759
96.650948247591,96.61374627400824
96.54351895307842,96.49244636661211
95.42902551403911,95.36147830178352
96.09046467466598,96.02916540474824
96.12827833153183,96.08265437257174
95.88186695706487,95.82772483512369
96.7986992917773,96.76588176705187
95.77864394438804,95.72163197461867
95.00589184502932,94.93554847163968
95.44600235827549,95.3666890756568
97.13466316448917,97.09306779460374
96.05159918296715,95.98852610800537
96.33595954693891,96.30284555380055
96.00684355480617,95.96120280808118
96.75156759097068,96.71470242348136
96.33704544550034,96.28912579636365
96.05885647835086,96.01031681464156
96.0623304728007,96.0232980846556
97.06468455402009,97.03857313023357
96.68179377967971,96.65847848498356
96.81059203714265,96.77375546903261
95.90720832612143,95.86038207346954
95.8983948208648,95.82931727176033
95.88314533941484,95.82200309249949
96.37701738097375,96.33280974951363
97.05863702884726,97.0336450970899
96.28388049462384,96.24301327155219
96.56119088658865,96.52187405833921
96.05559417807905,95.99098120328443
96.5386830140324,96.49246285651985
97.22238961462139,97.18937646182344
96.43346432549312,96.38314190435739
96.35494634765259,96.3208992776997
95.6723430038704,95.61034128394788
97.9790080703959,97.96718152192992
96.88014991605027,96.8438156110404
96.29560669601368,96.25615311679238
95.7505572040444,95.68911407701519
96.45133228411449,96.41080079248162
95.88304161908218,95.82451897054412
96.77223014942159,96.7263288698164
96.03583119323017,95.98939000809726
96.11767876116625,96.0751189232531
96.03194482987665,95.99617443349786
96.39504413762752,96.3610264225671
96.1626469578745,96.12274946266916
96.7326659261743,96.70157130359362
96.53714786091578,96.49892805919193
96.29657951244354,96.2345096823402
96.3242873685336,96.28825599442833
97.39830835024462,97.37884216568251
96.03662739761874,95.98980426784988
97.06795691151072,97.04004884360529
96.7331197789979,96.69663750457732
96.41711049376357,96.37836935069421
95.94301126598879,95.89067699642001
96.61462048702498,96.562429785261
96.33566685631067,96.28332068017674
96.48349410673393,96.43663040296428
96.51319154104067,96.4761735824183
96.06045483619782,96.01599768688835
96.125323028347,96.0721260652289
96.66679955399357,96.62806632657619
97.43245969254684,97.40965020991644
96.32000841567692,96.26328968612783
96.40133757105059,96.3632686280078
96.07805814798557,96.02583918111499
97.59644986981401,97.57742150000871
96.1220049578371,96.07725807888966
97.04766570623198,97.02102282498151
96.18663826211261,96.13036642420569
96.3844104457017,96.34481651164465
96.28098163019519,96.23007766099236
95.72593167276489,95.6598102946216
96.23637028463345,96.19670153975771
96.00895309923192,95.95820605367096
96.0843638223609,96.03688345186781
96.83819316593625,96.80345662058895
95.97269147898596,95.93167577885713
96.46527313083926,96.42672471300516
97.15644284170932,97.12607297614011
96.34769974104665,96.29906827790948
95.61033648844673,95.53851714563238
96.71075242497409,96.66878416055297
96.40807819810244,96.35902900429916
96.61403781395589,96.57757470652528
96.36502459158511,96.31869585999237
96.31756197050386,96.26365094618708
96.17134506985994,96.12260152738037
95.37783986839328,95.31811982432161
96.45932271693061,96.42591481616195
96.16415532348421,96.11523300750859
96.39023876358092,96.34441260854342
95.93651130918074,95.87788195148791
96.64022270188462,96.60384172301563
97.26844662631662,97.23950527886258
96.16058821540389,96.11384564147873
96.06594387696008,96.01458612885014
96.56241031830861,96.5199658956387
96.94586385128626,96.91852882493392
96.57659536118865,96.54650950364288
96.0146442356923,95.95799256421402
96.87686852577772,96.85230776900971
97.24322491140752,97.21538541414047
95.94037057180756,95.89201796177962
96.21837228376351,96.15953764365294
96.42712019890358,96.38370440014812
96.61886417821636,96.58239146166557
96.14941501081914,96.10668451919685
97.06609437372515,97.03178722863106
96.78642977625883,96.74438436756606
96.24370760647261,96.19265908987632
95.73725702422286,95.67889200698471
96.12309088011496,96.06642623999258
96.65940060031372,96.62781720818157
96.09025177947753,96.03997444669554
96.77990287406473,96.75116277224042
97.28461572394315,97.25730967973368
95.42511273677184,95.36077278549607
96.77295724890108,96.74534932875628
97.14493660542448,97.10897627262568
96.76417443466218,96.72555511991452
96.25045244913242,96.20252654141986
96.33552292125492,96.28820406607119
96.74068917621976,96.69786043468562
97.3045525206794,97.27664730312713
96.87302437539782,96.83766468623963
96.0359095525177,95.9819477452622
96.72630312907468,96.68810406876626
96.70119120309397,96.66820464425913
96.55927668639134,96.51478805535294
96.81672109678362,96.78848498012995
95.9609743613474,95.91805379726996
96.00768210538489,95.96282799845159
96.10336468876494,96.05523651625215
96.34513852000056,96.29684719803632
96.35339835018257,96.30974457123209
96.44572219116999,96.39850990920893
96.34780712054642,96.3035709645915
96.14595824486909,96.1007243311392
96.58393154391379,96.53211052477107
96.91581907822423,96.88175916687909
96.37069298547283,96.33448957976195
96.5564265053429,96.51909754864023
96.25943355541766,96.21708042214289
96.64618521341448,96.6084625937117
96.43474141812872,96.39116483184534
96.38159675698904,96.34022174989424
96.11453901955738,96.07077111560598
96.47318857166795,96.42953635841519
96.88971627677822,96.8556541542418
96.53411888096423,96.48412157371392
96.17055996281798,96.13220971227884
95.70891679073476,95.65830642639459
96.74960773945308,96.70745796194305
97.17648961194824,97.14511479739234
96.72574367662615,96.68977807291999
96.66443968735945,96.63059381269437
96.76190516889496,96.72486381122141
96.29395399046597,96.24879663455705
97.25978206842765,97.22482875262922
95.81886840901045,95.78672787028104
96.43484955152877,96.3931736786102
96.98932260384106,96.96538321661941
96.7294807470127,96.68126254206534
96.73212753766093,96.69572082484271
95.61086197062792,95.5533858627154
96.87239860889642,96.82870271282708
96.4092642436768,96.3725236720501
96.73879590547274,96.70335666618351
96.1386730357741,96.10123682301904
96.31085218577105,96.26044442756198
96.7088430548747,96.66669213754457
96.84938993306667,96.80746904769785
97.0960303209635,97.0595709015504
95.90301698485737,95.84176659684685
96.80804138242428,96.77074880139786
96.35718902334898,96.31018451262524
96.83782302666177,96.80927768948341
96.91676521514447,96.87408384843003
97.04761360535838,97.01800871211745
95.75847632160611,95.69888758770604
96.36869798045456,96.32915443900232
96.28959873271917,96.2569222291753
97.06346448324763,97.02560272397727
96.60763700447178,96.5752140842252
96.1123605132395,96.07043632799147
96.62350856357617,96.56937550507764
96.27253669449343,96.23804863736972
98.11526824635038,98.09908615039134
97.13698771920015,97.10359427760119
97.41857502051971,97.38624503515233
97.44019947771943,97.42079482577097
97.37853763009402,97.34513341581561
97.14513594876837,97.11346862267521
96.53213884342028,96.4949571487663
96.46178031326683,96.41474265688734
96.10418487782654,96.05990299051271
96.60835768411218,96.57908428789385
96.92869986935122,96.89476261216788
95.94209787566967,95.88154586645007
95.48761670541502,95.44333867493364
96.10943731850037,96.06284943971032
96.5406053752351,96.51035079036417
96.2263636953586,96.19276239332872
97.13553367526964,97.09314898413434
96.72426345292293,96.68358368925539
96.35744806558672,96.31496370273146
96.16161249135315,96.10676364456069
95.88173300129833,95.83661542355881
97.13419430424416,97.1002881342041
95.691483170687,95.62837215290682
96.2195063949869,96.17579267231369
96.53252296727112,96.49530044023373
96.70555016443241,96.66167648589554
96.45729560227333,96.426098610606
96.19534628702944,96.14797407561377
96.77962679685866,96.74997995521595
95.62645772636291,95.57270765105596
95.23037337149111,95.16420639939278
96.7647426120484,96.71793688111626
96.07853821265971,96.03365077714146
95.74599128109952,95.6939739911976
96.40213579388546,96.36572841902391
96.80907683575484,96.77570016990035
96.61216070842752,96.57069941983416
96.25065790299531,96.20963311329373
95.8879076509515,95.83268285595868
96.89565012997187,96.86689070078809
96.26752014277277,96.21068208324651
96.02579080231837,95.97657444910853
97.13219146306375,97.1053066525249
96.29837998336717,96.2633488364296
96.3786690409447,96.33574131086242
96.57083050998506,96.52251899439699
96.57556497897585,96.54065403568457
97.28060107567771,97.24300085626717
97.1625364397099,97.13968959543705
96.5836673445976,96.54404897485415
96.87387342977127,96.83872714762921
96.62709900001344,96.59041423676197
96.36925089853894,96.31676464569404
97.02913993857332,96.99399711053668
96.49489648316653,96.46114010070401
96.12060664425671,96.0756393355694
96.11129460183177,96.05951820610143
96.77749990907782,96.73987667370696
96.34525663563721,96.303798458128
96.4918345068953,96.44773541233472
96.84495399989535,96.78703632938077
95.85582064674232,95.80220745012033
97.1855394671492,97.15342585829946
96.93617152236462,96.91133254153135
97.1367877762418,97.10576313389195
96.19362731843869,96.14541902162604
96.24492943824603,96.19876846701541
96.6085522295535,96.57046219771973
96.78839391886864,96.7471596314177
96.40400957273428,96.36396476027527
97.34989467334664,97.32564255549886
95.82663113858351,95.76700327546509
95.77327151651984,95.71810484748113
97.2332715244214,97.21312082105187
96.53415483477413,96.49568047881326
96.86666862012329,96.82298717540361
96.15760659382472,96.11480639139508
96.430118260881,96.38129723818706
97.04892415895199,97.02223252040667
96.5081415420518,96.48245042583318
96.06220034791068,96.01974103950566
97.16499580715755,97.13392944295096
96.54129007484823,96.50671522001213
96.50303096703621,96.45685829925016
96.21889654525688,96.16657336990083
96.94751294663712,96.91705614821436
96.28609517575121,96.23153673017657
96.09585568573007,96.04721978602565
96.38972998767038,96.33563507354322
95.64799449357453,95.58857090546186
97.02795227356904,97.0037221453788
96.21757332118165,96.17908526181093
96.98229233636599,96.94493336950914
96.78054247949498,96.73985075706011
95.86423772039961,95.80454658863204
96.95083604160729,96.90482170095821
97.575834908616,97.55359436165045
97.17570284228319,97.14332541928704
96.24375299125364,96.20404928742217
96.98734484862516,96.94796615550747
97.1070981576599,97.08419610750668
96.47281783134076,96.43004210936651
96.30669718406116,96.25877643297098
96.75245824631827,96.70899017514168
96.32630534939199,96.28472416768292
97.28916975960652,97.26161363680971
97.0537688061474,97.00900957137243
97.07225331045521,97.0379651187326
96.52929127075355,96.49598135277274
97.69592674647485,97.67618681213881
95.76408813131019,95.7081816711502
96.29001612674277,96.24493497552277
96.64152755915977,96.60843691516482
95.30982105415899,95.24994379987791
96.78908767614323,96.74167669442433
97.1702587663126,97.14468735906469
97.4113241674151,97.39166160310468
96.13118859955523,96.07884293130358
96.1277260564994,96.0857871462951
96.71657173002,96.6746408036602
97.22328973204817,97.19970046146483
95.34340656078184,95.26048511073081
96.49460260023348,96.45107459135698
97.03960385645173,97.00024084247244
96.26582872309237,96.22416327105651
96.361142630731,96.33067779262866
96.98042674747907,96.94050685207911
96.36066696289643,96.32013551442917
96.43726084866994,96.39488711236254
97.22144439414848,97.1873061325981
95.52780581594848,95.47894804602349
96.69085503013736,96.65380666792747
96.76884164206726,96.73113969177345
96.34553292339301,96.29266469455003
96.98977835208606,96.95314744141697
96.7034279012264,96.6649477938229
97.06952788246032,97.03132086581799
96.17561367392001,96.1223943503494
96.89323151748162,96.84227400287939
95.93986408171544,95.87945678085669
96.61026641091206,96.57227525569802
96.8779859846779,96.85027333585766
96.62745595938571,96.58861285099943
95.57599866553193,95.50922574884945
96.9629511934779,96.92735679299439
96.33232558299731,96.27441544864797
97.40663194906581,97.37841748372531
96.62113914154122,96.59084275766679
96.69350655552927,96.65706220581903
96.81350473413042,96.7780377663949
96.44317567122133,96.4045074158506
95.80899590236763,95.74631236074029
96.11275581088192,96.05764895184475
96.2616774722951,96.2203735840757
96.89954592088127,96.86109641127581
96.67519639024175,96.64695466379978
96.60897454762829,96.56717329927464
96.29967794003238,96.2585706370684
96.62313579023372,96.57870318766851
96.80655731673409,96.77571768373811
96.2084815899117,96.16199998808571
96.08241345327997,96.03876381386279
96.8407237244678,96.8076712105521
95.90668234288471,95.86196687180056
96.92334960107274,96.88499646161281
96.67234234119795,96.64260812302575
96.46848703449095,96.43014478110442
96.4120711864329,96.36147765964868
96.66565195965926,96.62795093859384
96.08983120112582,96.04700327269165
96.74312582202484,96.70894034126665
96.75280654095207,96.72063807334882
96.18322362959518,96.14314987027949
97.5668506788506,97.54658437633537
96.89451614985983,96.85939850144362
96.35617950324804,96.30845453064964
96.3852569340003,96.34090076838842
96.4723799953401,96.42506169864177
96.64155777340407,96.6036282220434
96.9565017708254,96.9232596596478
95.99108861752205,95.93700683686559
97.18416253663995,97.15272176144376
97.15454071173184,97.12286851950681
97.14135603123981,97.11965652297582
96.42451346316336,96.3874120105888
96.27512849611803,96.23643762393466
97.2463925701858,97.21752472641406
96.98337376701974,96.9509401031157
96.29215045446831,96.25105229588341
96.89026955072926,96.85830260896168
96.12055931598452,96.05921850720064
96.02066924195844,95.96811262694654
96.27165415528613,96.21976305471112
95.97811009945198,95.93231483023105
96.38380708194491,96.34146553920644
96.83007966859508,96.79822957695424
96.23643758136133,96.1823693352818
96.30379743592866,96.26137666542397
96.92167640256062,96.87617098063112
96.79299382398895,96.76498124467241
96.35930383356806,96.30383545148561
96.07783578250374,96.03632657816851
96.45972242626034,96.42927857506155
96.491353917382,96.45868273857693
96.97947764548789,96.9426511315444
96.37905985919225,96.33981919370945
95.94352456164086,95.89092327592618
96.61505469966825,96.57447031914745
98.00211161340292,97.9780986036855
96.82252118480963,96.78250854529638
96.09540348438435,96.04211795070512
97.03496846917876,97.006827511515
95.93660915232495,95.8844814512375
96.51024657690596,96.46708152188224
96.46829785904592,96.42968131257525
97.03527846022311,97.00567147639546
96.47343393652456,96.42731775282358
95.91433784879702,95.86590249677386
96.71839979365627,96.67170989675238
96.82302693238584,96.78892931497232
96.53256012899257,96.4863178943466
96.21536628999918,96.1709076837525
95.85878008901538,95.8095652995893
97.1452304687179,97.08912768671847
97.33397677695991,97.30078376886124
96.19458739055945,96.13020532619352
96.51036182169257,96.45686106848133
97.43309341079343,97.41105773180004
96.12231556380962,96.06685994649574
96.3607914775035,96.31661862646959
97.40720847697752,97.38311359895602
96.48225467950135,96.4302745171185
96.97967762223183,96.94523634721166
96.136314448483,96.07809947271905
96.00512322736142,95.95430604994928
96.45274976881174,96.39811323840952
96.81452444110879,96.76431388991837
96.28217004991829,96.22049027968403
97.20966994784126,97.17805011840272
96.43170265472926,96.38914526255536
96.40844361392992,96.36483872517479
96.70775650578916,96.67436878058528
96.09525973059642,96.05171406058848
96.71438905705537,96.67297175097949
96.37125540746617,96.33250668089985
96.31201088713061,96.27018505778568
96.13446704544454,96.09360042435816
96.90059656970269,96.85868992868679
95.75989737415831,95.69901909224556
96.95164021979194,96.91540659172654
97.63465181702395,97.59898199192526
96.66507297227845,96.6268958037481
95.57156834319477,95.502353924496
97.000997819348,96.9614901081787
96.73650529480321,96.70667052415865
96.29949056726781,96.25186967385392
96.89569420078735,96.84782572581736
96.99185714246218,96.96414343742038
96.37915850101484,96.3394925991672
96.32971111301248,96.28145297893914
96.06098995502957,96.00823060786381
96.20682056761251,96.14978346861004
96.77728228194186,96.73845294879504
96.67717970130496,96.64611971245618
95.98761547331341,95.93987940726281
97.01126609167956,96.98026889153536
97.02853210791709,96.98097065173046
96.94755604501917,96.92191777747534
96.22505788656754,96.1834698281938
96.72311970894557,96.67856166474662
96.74007885855755,96.71447979555819
97.6110989842647,97.5868164478099
96.32810142741204,96.28324476374968
96.63762035397731,96.60240714900996
95.9352706781881,95.88778826226846
96.64917443388673,96.609739738822
95.94256587181263,95.89428365941554
96.04921193619425,96.00704656837783
96.67939351595453,96.63686207181141
95.29973068259595,95.23145942003086
96.31888613839874,96.27386403819077
96.68689548811996,96.64277542708857
96.48878898824817,96.4462477787807
95.15298585036622,95.08243859277901
95.75249173855727,95.6996016868995
96.02558045817756,95.98738631519652
96.31892707511736,96.27641683692407
96.8448335956417,96.81955991924477
96.93614050887052,96.88916542314074
96.40258034005124,96.36688793990103
96.88303714208197,96.84158667174015
96.63653465702488,96.59019997945839
95.86003367307976,95.80587992762962
96.13686437845388,96.10383483452568
96.92209159062907,96.88717200249387
96.70514769092085,96.6669266571833
95.9116653778906,95.85555025290476
96.14548604910532,96.0976019508519
96.27692503017475,96.22009687424499
97.15030222576652,97.12866359282245
96.42823145679468,96.38370652633778
96.34595724294306,96.30430815301497
95.90851793681618,95.85879777704064
96.5168741340944,96.46663409828177
96.25616850300034,96.21057772768911
96.09988235902505,96.05207886989162
96.68018364887561,96.63893088590308
96.80075553315172,96.76411196687135
96.972238759806,96.92626498384806
96.49101091465609,96.46305268318483
96.64501635049946,96.59782729536857
96.92723316881758,96.89788908999645
97.01360459913049,96.98605927322936
95.97106938669536,95.93040597840869
95.9419126310855,95.89094675847691
96.14477374554325,96.09470954434914
96.60883891653253,96.58042465292849
95.81216672479476,95.76253196250174
96.86178352491962,96.83432061197861
96.84743198205983,96.79847034453648
96.66133173450578,96.61547628511845
96.02704450989705,95.97639599924598
97.55949491932526,97.52940305147963
96.46579369600867,96.42650249104742
96.91229958627554,96.87197528290628
96.42772495447221,96.37380166950486
96.34110113833724,96.29555105012277
96.71613513102588,96.67660216422667
95.68128492702579,95.61897333007116
96.56583988758865,96.52830023399025
97.37834609045102,97.34495196455343
96.71124099056404,96.66220271293665
95.83695414083007,95.77516663196448
96.33718480466358,96.2988675712636
96.81143060815324,96.780343329314
96.0616525740498,96.01085179343785
96.90041029726476,96.86576525072132
95.93795240573453,95.89146756939776
96.23784037698027,96.20010256383462
96.98233087790796,96.94454254417944
96.5931950707861,96.54919354307772
95.978394551069,95.92424092163377
96.17874079569822,96.11408914617097
95.72662066016045,95.67158428145588
97.46214495016797,97.4395961836945
96.29090735720621,96.23383481637848
96.02940327964706,95.97850260763249
96.83635147194376,96.80172954642637
97.10621767037661,97.06928793901054
95.7709532047324,95.7172661887069
96.74578311288329,96.71343510978478
96.42715183263863,96.37870389840315
96.70318751326802,96.66796491447627
96.873111096283,96.83469420815
96.15328331569019,96.10599687128483
96.31109437797936,96.26138994872372
96.17503824579677,96.13384647291355
96.32760272376495,96.27715927377594
97.76915395473287,97.74429533720158
96.38638217336442,96.33780596897643
96.29561956519507,96.25506338141713
96.33233003480693,96.29217716089724
97.57596835989227,97.54981191243652
95.55917908482591,95.51233458083962
96.86743937871478,96.83636723386857
96.35795669357542,96.30644322520773
96.53131708062949,96.49278840705365
96.7965140756576,96.76148417464366
96.7951336032588,96.75397216197443
96.92127667428387,96.89578397595496
96.86430001982613,96.82561665789981
96.18072834510863,96.12971498025068
97.09262659532561,97.05774954943186
97.14977218966122,97.12203386322192
96.77858505698389,96.7416509532992
95.99505976996984,95.95143421902546
96.52025045591259,96.48532652629788
96.3105694398937,96.26056670007951
97.23174074718612,97.19537680648793
96.02622672224499,95.97141288817416
96.7054926691813,96.6607514346067
96.06446363929746,96.0136242242207
96.21305925296888,96.15883271422142
96.81154978096552,96.77362043392503
97.6144475786758,97.59152638498225
96.26387095651587,96.22185786478724
96.26545888295617,96.22103673386533
96.44271045509174,96.40248377715089
96.22537798567866,96.18518041568487
96.89937009152473,96.87198098037246
95.80396019980721,95.7475233357521
96.5072291417647,96.46283155654707
95.67920448845254,95.61660292278468
96.93063140053721,96.89525233342556
96.94917978266723,96.91661117301328
96.33516038130763,96.29752893836313
96.14711479478957,96.09582078228485
95.75302720842701,95.69990340447636
96.46503588498246,96.4290823886604
97.49306285735297,97.46711068508854
97.33915979441207,97.31206327701153
96.32691634638812,96.28319256405058
96.43052902453097,96.38818776272906
96.93549884405357,96.90975249848361
96.09116450186114,96.05371496384755
95.95216024128075,95.8995108522722
96.97065013837256,96.94475212089074
96.99022226657418,96.9631312588181
96.51242046751194,96.47653018772867
96.28023584854556,96.22257965576033
96.89065811018997,96.84518074372225
96.43107826389236,96.3829005062181
97.16400297356549,97.1359554949517
96.46923741088703,96.42747659982635
96.8535556693451,96.81503953101284
96.3671285029704,96.32113934214736
96.95810087452574,96.92763033245207
96.84842493449467,96.80839196914184
96.4466265145698,96.40763214928892
96.44951978278796,96.41523057913575
97.46982963866684,97.44777148682178
96.69991032408565,96.66520561651991
97.40067009865939,97.37555510085302
96.87378100243805,96.83495866128916
97.64299488545971,97.6139829459722
97.29359278611686,97.25015158576235
96.72980973844246,96.69490136247924
96.73987949322105,96.68622900992638
96.47102794748663,96.42762219549078
95.88495664162912,95.83042005760473
97.0701427791707,97.04482083530517
96.37436254514003,96.3342650604435
96.13998342017281,96.08345759347247
96.96655476175833,96.92394061338997
96.48379854939024,96.4388235225055
97.19688779009677,97.1712152085216
96.35612247649934,96.3086604412615
97.06779172016265,97.03710740368676
96.01661774408895,95.9633951569404
97.46661765561235,97.4399357966657
95.75204419550307,95.69666130445539
95.84611060247781,95.7962899201231
96.26243643905634,96.22392173857344
95.97307911477922,95.9184241872498
95.61443932315409,95.55089197795759
96.19889821007627,96.16527922368877
96.73782690047106,96.70321877201116
96.13642550617428,96.09113539404878
96.69276668740933,96.66617974782572
95.94571285201292,95.8983671796606
96.44356161602379,96.40114764197114
97.40226148302656,97.37275681321725
96.48684670879922,96.44235834360134
96.83709603246825,96.79604331811956
96.85285050296203,96.81113585706493
96.34667495771897,96.2920891777796
96.67931884323713,96.64078449751302
96.7963485530276,96.75974187477127
96.61744934702283,96.58339344183462
96.12943615012709,96.09282357035048
96.02205616666998,95.97979231182649
97.49014792461743,97.46221329858531
96.43901139963278,96.39724019547475
95.46625065836297,95.40296908042593
96.39980705523125,96.36091889624232
97.2864926674966,97.25473319999222
95.96397603796719,95.91491770304712
97.13729967150874,97.10635703670883
96.41908208766122,96.38558640604927
96.11025145208681,96.06862843812996
96.83147477914302,96.8009387196566
96.82689751068143,96.79121419504412
96.03219022136132,95.99889308190629
96.93298356064298,96.91308598388856
96.41446710677864,96.38012387114182
96.1003815046733,96.03431871931893
96.75516932529257,96.72283618461947
97.0411565981259,96.99791744952279
97.00374198416569,96.97941923919402
96.0330377225377,95.99444571129331
96.98010179643903,96.93506927823557
97.20554949560234,97.17477827845727
97.56628826175172,97.5420424763663
95.4617362014033,95.39352488592489
96.45181664425596,96.39918316179227
96.54485898469927,96.50513811312518
96.49496242359444,96.44946619647237
96.00925682164863,95.95985689039257
95.59885175136802,95.5294782650235
96.90273535717661,96.86102176452962
96.59262257115593,96.55447285242948
96.1590714697171,96.11804207346579
96.3025338585479,96.2609301557097
96.90260847517999,96.85406904385168
96.57265127438671,96.53166485181691
97.20931242832872,97.18254591795248
95.82122608848957,95.77304578871207
97.35528594054804,97.33620875676483
96.24738379639444,96.20921169430346
95.75291613703506,95.70220054102421
96.76927111382312,96.72956735506405
96.65318111501198,96.61457722951192
96.08355378717104,96.03637906581959
95.8602375725071,95.80560494695177
96.63654710697041,96.5968297879942
96.49578046662737,96.45404235674916
96.17291184236845,96.12940114786706
96.61224490915534,96.57849027619797
95.6062714475158,95.55146416421964
95.72514763352207,95.67945082802719
96.3168324660454,96.27811016512652
96.5844428695181,96.54215623416121
96.64169106090296,96.60706794182066
95.5529244281327,95.49246517881501
97.47723379998082,97.46047333528381
96.84780109530959,96.8097056578369
97.37971966235261,97.35601080156233
96.03789824591806,95.98755449635391
96.72431985447061,96.69291018797696
96.13741689098084,96.09121503812818
95.86573883210556,95.82107569227084
96.09344648252585,96.04399336616228
96.97185677737019,96.94454709551829
96.14153729001801,96.08470498636925
96.79714321023914,96.75780152730698
96.51037812449984,96.47089831536854
96.39630103153408,96.35233657248298
96.33324058271045,96.28166549001449
96.19086850564958,96.14056322218195
96.45985030032578,96.4188817014737
95.85687987717819,95.81058533826146
96.46892557308267,96.4317650192927
96.1822510697892,96.13743070977375
96.47976295295997,96.43739640373431
96.72397338236752,96.68699077428344
97.48372567883864,97.44830652767882
96.95941605565915,96.92578612872491
95.78153567367326,95.73177641675849
96.71760632668749,96.68619509353208
97.18717260282664,97.16381566867777
96.96552459756269,96.9279858959582
96.41673915538216,96.38333347486899
96.84658090001248,96.81542399467166
95.94495646153722,95.89569079279079
95.71652013347925,95.66260343388144
96.64891296067697,96.61144775254773
95.77538134025532,95.71664052771544
97.2729460698422,97.24248621948368
96.96165000150744,96.93363246630148
96.25861513424289,96.2234633948853
95.7538693660016,95.69114078507779
96.42096407715715,96.37886298584765
96.52279709201026,96.48198048149281
96.43447870057744,96.38867789532732
96.82366666655633,96.78755723176599
97.23091180902415,97.20197109801755
96.29076784340833,96.2504993833933
96.21572337096073,96.16443853336973
95.8972628540047,95.85317620263679
95.9134772989315,95.84677087927999
96.5362392730881,96.49448424654526
95.62515430627978,95.56232358249078
96.44810846131037,96.41596481851137
95.6477268852641,95.5800651949169
96.20766574802474,96.15330115709212
96.65897085432891,96.6218440581811
96.56145754674972,96.52554125353696
96.89078042327066,96.85876337792735
96.0305382416975,95.98813538735821
96.40797653970691,96.37092531703618
96.36204989613162,96.32268775807434
96.79050189310684,96.74967733799342
96.93763594230185,96.90380189708682
95.96557320970773,95.91277465314815
96.16525849250094,96.12478417343497
96.465455901025,96.42225025436115
96.02999179687846,95.98263958499379
96.73799788357697,96.70002710266289
96.32515105618924,96.27193860892606
96.62676194121447,96.5914330323942
96.55168036150661,96.5130109931881
96.34621444449411,96.30363277318187
96.85142134579526,96.817942945501
96.18422380799566,96.13028605751688
96.28188516438742,96.23461968508677
95.38667509880698,95.3150536078247
96.08485075535022,96.03248934660564
96.76885911079371,96.73340811320749
96.44208330743106,96.40229428587931
95.72127923068811,95.66431121394378
96.09529088372965,96.04231597036738
96.2242434639342,96.17708478820009
96.5523351128564,96.5139555672316
96.58837789344716,96.53905250147243
97.67714293099121,97.63722726759445
96.06812490291139,96.02040549502273
96.86392077894173,96.83129931252458
96.10456428571929,96.04804096295125
96.92537962541502,96.89142094029778
96.78710461272276,96.7579982716148
96.47427748604824,96.42795998616369
96.75434342375473,96.70943455459944
95.79796332453225,95.7343083831454
96.22445181470748,96.17420558328621
95.92122827389655,95.86998148039206
96.93406289412614,96.8973224323667
97.00630266715915,96.9758626718566
96.46277656422758,96.42024112700244
96.84617286573311,96.81094371547015
96.23505792786493,96.18802273932779
95.9401499036217,95.8936351771606
96.25742291592576,96.20756131904648
96.58750507097164,96.55238142155137
96.64126559926632,96.60457450208229
96.72242910735564,96.6889548080071
96.78542495374029,96.74788340667865
96.40940629195728,96.35871906286012
96.31943959710769,96.28060241001548
97.17703514823306,97.13200564081274
96.19937356307604,96.14269519913054
97.03876510105037,96.99858679461092
96.64359165752728,96.60023590535175
96.80987086406684,96.78387393569727
95.85600502124032,95.79717499316985
96.66979846634807,96.63408072755234
97.34065548356276,97.316891752007
96.69600153995822,96.65249008676494
96.56246761732689,96.52952017703072
96.9074111769557,96.86052311656108
96.53263961411538,96.50095356454172
97.35636355769299,97.32620234119277
96.26654999272583,96.2241850165218
96.16862310071637,96.11443316629948
96.40054205766837,96.36767554979406
96.43189824123199,96.39143394163429
96.99878147461727,96.96207293607186
96.45116545304374,96.41071876300059
96.15112921256409,96.10345454855677
95.994247675597,95.94159073678009
96.21655939514223,96.1741870931874
96.73425069432234,96.6939936342639
96.76451538212969,96.72751286738153
97.174599788831,97.15036645724395
97.06932236825841,97.03604647301397
95.58922804112483,95.53506164148378
95.93681160176628,95.87105157877207
97.06460960141672,97.03172119145157
96.85689700847038,96.82587804206541
95.71167404665285,95.65260450225273
96.33417455405899,96.28714626632637
96.67030128816788,96.63047540178674
96.36904288650783,96.3170922375632
96.35356968898331,96.31556671402117
96.42268961184683,96.38642026262522
96.3598504338168,96.31380219610652
97.07456052164981,97.046218301406
96.60175810098612,96.56242657920154
96.44003009356298,96.37969159192338
96.65631855216324,96.61641410171984
96.64080386072925,96.59901799114566
96.65584014004453,96.62136894872506
97.29504393486906,97.26497247047759
96.3565992493219,96.31841113003122
95.97109292506451,95.92350407331253
96.27972563419118,96.23876815861053
96.68009395032999,96.64016136943822
97.12417751557945,97.09078785940031
96.75842954099855,96.72274512187462
96.65485428378368,96.60893170203641
95.5034946556705,95.44636022463985
96.4696175407719,96.42040208254176
95.96660336724511,95.92188594456654
96.55275148392916,96.51143305923003
96.38212210373688,96.33053155544708
96.50882478220358,96.47581279415984
96.88466033756777,96.84957636024558
96.82227567645205,96.78896326480367
96.9954832630703,96.96175288021068
97.01787025618358,96.99573252321825
96.902548748579,96.86888973637114
95.82950770952976,95.76605200456484
96.15069748735603,96.10443811339391
96.75964429119506,96.70933904319168
96.64038124469684,96.59766224310634
95.96639611174655,95.91168802389423
96.96522414431222,96.93414962064404
96.47529081857509,96.44648306045089
95.55887341817439,95.50808108328621
95.95388537850849,95.90809002279111
96.29183647728313,96.25107765447605
96.55308823727164,96.51823752568154
95.48554856688946,95.42685375567744
96.99174853980568,96.96948029762012
95.87486920166157,95.82258367605354
96.59998771801611,96.56685738421427
95.88020705180456,95.82657689572085
96.53420102929114,96.47609942103436
96.52223120563977,96.47963252603104
96.28361994804798,96.23553357328016
96.94159396391146,96.9121841327626
95.91354665439037,95.86313093053734
97.34480113476283,97.32148735997964
96.85951419877846,96.82368181178143
96.54300691445904,96.49857538261655
97.3004422928386,97.27636926697346
96.59446679351255,96.56201590337815
96.95724240130397,96.9323062299355
96.64514479333087,96.60615662696573
97.26199144716105,97.23860659069224
96.2659895712664,96.22645913215416
96.47938723184112,96.43192011521636
95.94968264143674,95.8993108854102
97.04855620229795,97.0186704142549
96.80536966324013,96.76068973085678
96.76349547721135,96.72702882411653
96.30817239967914,96.26811630012787
96.59529958192056,96.55771751305508
96.3555279882347,96.309572859272
96.89681758172485,96.85055252794228
96.73838953619907,96.69960409125751
95.5078419001596,95.45821727529365
96.43737217390988,96.39621654217
96.85951768040592,96.82657976530258
96.82593930355051,96.78734129353961
96.4358971830309,96.38621872954734
96.08998406521906,96.03320159737073
96.17439304772752,96.12687341008413
97.01236803263953,96.98447347121805
96.6170216745293,96.56497359127229
96.13924307032215,96.08992414993412
97.02513222730943,96.99087439939704
96.04783823977317,95.99152714937046
96.40492706673069,96.36375585770712
96.74426801211928,96.7127766998632
95.7797002696618,95.72690110903625
95.95185548552095,95.89551217551899
96.75525422992305,96.71749438991617
95.93966230072573,95.89616144224884
95.97503189913408,95.9157658191221
97.22908258950773,97.19118339570548
96.84080366573555,96.80818406995603
97.02195532568605,96.99595270169134
96.2868785628113,96.24241699674342
96.38856846072491,96.34291628788088
96.71812574456564,96.68610007938268
95.67567625248789,95.61337483937666
95.85120430159162,95.80437362173465
96.32596139009236,96.28292094096105
97.0605508150341,97.03606525773755
95.6130148292383,95.56164352295394
96.35945156373238,96.31871908272903
95.72970445471654,95.66877806132656
96.48375742979293,96.44863044223753
96.57358774364936,96.53951048631052
96.800906642652,96.77188901951133
96.61506174571733,96.57878203910757
97.00324881964448,96.9690366735528
96.51244874638066,96.46721851649865
95.82550658234231,95.76333199101204
96.76823297858984,96.733954029683
95.63383139088383,95.57932425500239
96.30328570786126,96.25709590048953
97.04212105320195,97.00572999879006
96.51313160306994,96.48057183196494
96.7976998028182,96.76801887775788
96.72308476929312,96.69134631934165
97.43884843258027,97.41023610007178
96.3428579013055,96.2896907043767
97.24877340121152,97.23345454254567
96.66378745446649,96.61542291872931
95.77960981047634,95.71883307082433
97.12845931517057,97.10429237189608
96.14995728212998,96.09272712343147
96.89263483230539,96.86362365972437
97.01272320025569,96.98436280871688
96.74841146641478,96.71631177951686
96.3540370611763,96.30711855668669
96.46292865520962,96.4203431313188
95.90120027415988,95.8505043069313
95.24080669446836,95.18042881814057
96.34028017023114,96.29516966497454
96.24253333266371,96.18826840812417
96.4769185845459,96.43532219529114
96.11174024933936,96.06670481732391
96.31306589888085,96.26799878949369
96.10888891470071,96.06182440512124
95.49642026664449,95.42226785876305
96.09482943335719,96.04049781093664
96.72990224417703,96.69500552031586
96.8174577793125,96.7859073171126
96.12396489305807,96.07848454282393
96.49627454538195,96.4660800115996
96.67768711457455,96.62800683144758
96.64028665377957,96.60206660953236
97.17720453433004,97.14820180040435
96.49059533695873,96.45304848816298
95.79079100288607,95.73399425061437
96.68755804655855,96.64558567860435
96.36436691403189,96.30528564629911
96.15138356709208,96.1103750830681
95.741827323414,95.68444878602327
95.88693552654881,95.83693612549607
96.86961286200625,96.82731488374385
96.42139984850148,96.37045963230166
96.73250073128935,96.69937246964572
96.13512622371222,96.08912183149809
96.52516054675407,96.49490414438527
96.42854150453245,96.39513957734428
96.60127410317935,96.55050605725225
96.71647288726076,96.67835119089462
96.96515175772981,96.92587717853013
97.12542746132172,97.0978647912759
96.09067375250119,96.04475919155146
95.78386054323286,95.73697941382521
96.51003098794189,96.47033862092667
97.05873132831694,97.02178891475468
96.49773815470502,96.45023822188243
95.75641043083898,95.70121327963874
96.79480746819807,96.7640608967366
96.48319253582311,96.44132790655239
97.42795049669114,97.40048059797034
96.7735720783149,96.73340444226814
96.68051528893764,96.63365861390385
96.85383682130123,96.81700862839942
96.02520300621113,95.96559312524946
96.18291612430279,96.13346716898378
96.4395022673495,96.38643349694117
97.24740556806573,97.21491028451415
95.65624731147206,95.6000308825022
97.34449664075379,97.30559605920473
96.55228221695909,96.50823092751153
96.75350699285336,96.71847840951204
95.76016197184144,95.71357582145797
97.01308076703637,96.98348772372668
96.78440726763316,96.74878070533146
96.87099642170129,96.83641634685988
95.97622115648248,95.92887393815928
96.2126620620025,96.17213970336238
96.06195606806196,96.0222472639759
96.83874123555879,96.80567986259496
95.89624003772862,95.83597731328065
95.74934068032488,95.6885146834665
95.9617678556321,95.91818973041201
96.90874648787201,96.86897973528133
95.72816847015137,95.67497328851255
96.0953003091237,96.04777986517442
96.75813500004826,96.72136568783215
96.50040043425368,96.45399043772795
95.96040583862225,95.91990007053049
96.5138244034793,96.48236206700024
96.51774702434444,96.47668443339612
96.70745933387329,96.67953339939417
96.4986903289171,96.45541646248874
96.91372460782895,96.8805582878311
96.70895574843995,96.66925217018505
95.83631749342261,95.78167638275104
96.3793904169325,96.32826361974887
96.8827215852622,96.85549662337316
96.67861684896921,96.64556899906732
96.38160594740938,96.33234672837355
97.63741108517439,97.60784467658698
96.21332714856477,96.17052797525446
97.27401702508767,97.2432304237542
96.63679934970556,96.60319806925503
96.2135443244962,96.16383450244842
96.94858954596727,96.92555385311113
96.96777976717848,96.92262628849193
96.68177654766986,96.63497590153561
96.24355006637805,96.19492160481907
96.68745843091243,96.64759765344746
96.01223089783637,95.95077841445557
96.27757997115606,96.22043101424268
96.55532103018496,96.50637916473958
97.00333976376258,96.97991913076368
97.05360083772757,97.01383487930666
96.4517273477238,96.40283833202213
96.3845598096707,96.34190065161519
95.89598460526709,95.84690414040577
96.90912672371323,96.86991193435648
95.8201484406127,95.76193781742093
96.29627535073996,96.25495289802082
97.04315501876752,97.0179423412424
96.66162231726936,96.61888940651635
96.50390083230707,96.4663638218181
96.72465457832021,96.69014992448315
96.18024106100934,96.14443927300282
96.86560807671125,96.82270996519449
95.93806577534237,95.87950507966148
96.22939045533258,96.17754122158705
97.20418784131033,97.17415652561053
96.55030592970178,96.51975133232429
97.59660310028846,97.57442887586818
96.37136583992891,96.3232941990998
96.24696120008696,96.19491902840963
96.80452835255257,96.77209925065426
96.35374499307365,96.30949329502754
96.70487042290611,96.66985724932007
96.60209626795756,96.56551619298824
96.09274948333722,96.03760949081365
95.78446316312247,95.73182039601025
96.11624056862175,96.07749862664662
97.2529421178173,97.22717814634744
95.57747501877631,95.53490340691799
96.02008758369634,95.97082881842027
97.0064133884963,96.96730801773838
96.07882526101386,96.02338655722167
96.44686514001177,96.39840552823149
96.27521720382605,96.22907789608752
96.34474137306213,96.30930809345432
96.45498643517169,96.40270637511537
96.68863824550698,96.6491462649845
96.28937607240042,96.24497924937378
96.09366503336318,96.03897523121738
96.79307497035296,96.74900800293663
96.15625683897382,96.08998427027453
95.78259457456414,95.73740462689554
96.37075610680714,96.32099197760819
95.86058039430606,95.8169154887103
96.86726007371394,96.83077389157816
96.0367389209795,95.98710542513851
96.89586071089484,96.86084374982606
96.21187905703307,96.15799709225074
96.75884262581557,96.7200848371606
96.09151282485469,96.03372158162313
96.13224353745319,96.08601601462468
96.87294361143081,96.83142230328181
97.19186516106278,97.15501438895477
96.06189615310272,96.00998415678977
96.63487684114514,96.60146207845253
97.08194439451913,97.0378326134615
96.06803998920121,96.0136323161592
95.8006222442368,95.74191756576198
96.02823508239126,95.98418259227243
95.80367216210914,95.73750031385399
96.54301418729351,96.50259276541159
96.85677264933612,96.82176104798079
96.31198568796287,96.25701840176374
97.76056964461988,97.73458177109698
96.45563080803399,96.40702636950658
95.91651650745695,95.85833545275543
96.34029788928613,96.30595533168196
96.50850210215341,96.47111674545823
96.43407298240943,96.39447174801356
96.26003931659065,96.2065234188509
96.12112750501372,96.07126902954334
96.07571921431555,96.02459574996072
95.43045153171575,95.3624255894575
95.7130881671552,95.65788307035122
96.92063416485809,96.88757461919019
96.40253381383353,96.35049418599434
97.04861590032635,97.01461513828404
96.73235427890165,96.68612918993283
95.96734864759054,95.91314061044446
96.9145395974305,96.87869590303126
96.21269962345447,96.16996862945614
96.08987691263911,96.04037774547635
96.58808431492463,96.5485757328601
96.14137875740603,96.09515147259852
96.89154412365332,96.85770837008069
96.40995408841846,96.36282965945277
96.7268283963842,96.69472626677533
96.42818754072071,96.38891951397885
96.90163222534062,96.87357204872693
96.49514273356114,96.4491552705315
95.91262877117693,95.85916763702095
96.77888496386434,96.73792499245856
96.06822483135478,96.01102404816824
96.35147112301436,96.31216734461412
97.26740828563644,97.24943271998453
95.69774504314184,95.64251845683651
96.03477899153197,95.98730596144891
95.3044291998588,95.23261096111987
96.85426236709945,96.82064376087223
97.18816080048087,97.154668022835
95.93447397290352,95.88620045473934
96.29998932790812,96.25340469206886
97.06292573630168,97.02633758099904
95.82638542175422,95.77420880240129
97.29869395638393,97.27254089980387
96.40588977694887,96.37406137462149
96.24091891103294,96.19145520111374
96.06885673792385,96.03132069778198
96.4326007409254,96.37003744131817
97.06761160418836,97.03043911499472
96.18596118742718,96.12839567821918
96.84156201254955,96.80289394352747
96.14473575911883,96.10280417545637
96.70350051085825,96.65882869430872
97.25394870968107,97.2193904110094
96.35281412455286,96.30740436337291
96.57420334404642,96.53027084610225
97.2812199826645,97.25575919791247
96.08168122723718,96.0296606651337
95.93110894668884,95.87867080643326
95.77763827345034,95.72803725984383
96.31675649684213,96.27008089615708
96.2693771893705,96.22187925737076
95.50993340906354,95.44215078732428
95.92326927913763,95.87719541382432
96.4124330708967,96.37229726687337
97.62370587776613,97.59282053770781
96.24936988117946,96.19714256833049
95.99683232710075,95.94552947547633
96.19979645275617,96.16753913263345
96.53798130883419,96.49196640027309
97.200426919146,97.1594121763157
97.46834964065447,97.43091531675961
95.96810023033918,95.91476350868166
96.33561566476551,96.29622452437357
96.3716167570939,96.33545553809502
96.477895442204,96.43608908809945
95.87243159444363,95.82588823777341
96.5528417562854,96.5148314481087
97.17485100226499,97.14050507935289
96.59954376662877,96.56484266625537
96.50009842984562,96.44422685937599
96.48975014626696,96.44148619144975
96.52512866787494,96.484570596268
96.2159221836128,96.15606423950645
97.11974173919502,97.0940442505779
96.33401237215666,96.29094752258044
97.03808566800835,97.00949457022334
96.77270492536978,96.73192810870106
96.19929877270636,96.15460961711044
95.81726352098345,95.76303312701553
96.41498016626865,96.37811346027617
95.80226982667196,95.75007332367662
96.56394948469473,96.53382685821234
96.45571111686066,96.41325392041506
96.68406369990866,96.65235716957162
97.27504334930948,97.24254855439209
96.69716518062349,96.66615497851143
96.52563525006558,96.48522013312271
97.12284288514842,97.09610805614703
96.68512125521045,96.64278669385173
95.41795160775992,95.3582144679866
95.88256249010438,95.82000437553714
96.78045795602462,96.74801720406215
97.04022137792661,96.99989220087309
96.6333409787384,96.59138644851316
96.32948042115947,96.27771709766334
95.68392149612596,95.62766405043605
97.69996602512848,97.66742976905908
96.45658155720552,96.42010618377192
96.40287304111311,96.36443656944945
96.18022292958359,96.13301573425782
97.03328769009602,97.00390680983385
97.65807705140573,97.62713344374757
97.49271181377894,97.4655018210446
95.82872786082994,95.77796979059323
95.59799133527413,95.54012554972881
97.48997948871411,97.45550936536637
96.27158332478012,96.23153730500691
96.09554652545953,96.05689980476032
95.78093942724692,95.7259556764569
96.1752170882754,96.12611706066924
95.58636342986111,95.52393854392284
96.40190812490006,96.35769708353705
97.07606098712195,97.04544846128205
96.73597557970065,96.6930250372213
96.06292564498595,96.01563074437301
96.5945453777154,96.56427550099816
96.4154619814959,96.36903045794294
95.73041186190592,95.68479553561973
96.41568985652087,96.37255105573473
96.72029180987653,96.68231124275384
95.8664558063747,95.80505997467354
96.96421041506835,96.92544071408174
96.09336087989703,96.04728675025999
97.02988430577857,97.00446779749751
95.80129481185149,95.75817542258231
96.997489976137,96.96477730359163
96.77105703672767,96.73581491879217
96.14411732255854,96.10132854920226
95.92365553805953,95.86617057146128
95.80917368277517,95.74980945330128
96.57278012507834,96.52906628374188
96.4116002954247,96.37696229163491
96.71100279804733,96.66735547095523
97.12898407709416,97.10143010233676
96.05739729385805,96.00993200452463
97.1499543034282,97.11408882430673
96.76850524892636,96.7332421127731
97.12065301344882,97.08706829688033
96.06979923970101,96.01768932720239
96.07127602940149,96.01739878914091
96.74176939206114,96.71367854615919
96.09288453834552,96.05425974103223
96.6086022936345,96.56055986014692
96.22107090891826,96.18427080912092
96.81712116274065,96.76468299169764
97.04274414560827,97.01346273372305
96.63487608005313,96.5918025416436
95.96342196911299,95.90934691520168
96.80857359877167,96.77383975112903
96.10361877391941,96.0742287128766
97.26120350310599,97.2323733279783
97.76344092589308,97.73266980501754
95.81064853817287,95.7520595053648
97.15603297293109,97.13539917444433
97.48600272991627,97.4613304263463
95.44552398909667,95.38762801883102
96.3995726334529,96.35514673581943
96.98096614725226,96.95124061069149
96.56324521990929,96.51628210650968
96.09838568950758,96.03127854108622
96.36258985007312,96.33078643320339
96.34979039382868,96.31167271300978
96.49371966279924,96.44516259890544
96.38556726081217,96.33566410549658
95.69516782847982,95.64770937083013
95.91126508240644,95.86489774910798
96.43028642812706,96.37142080981667
96.48552027562205,96.45652887173192
96.65794833889497,96.62131349364252
96.09447033708285,96.05053848984493
97.22276849677863,97.19606667324572
96.57615449850533,96.53397469939794
96.37106128145237,96.33571996907686
96.54087284010873,96.4844042155099
97.13883447327152,97.10679937077894
96.2323467747787,96.17960731370727
97.00674844405584,96.97463859781328
97.00644973426375,96.9665555013267
96.07354907581954,96.01428931683293
96.35457136488797,96.31609587999992
96.22649341926693,96.18889371682907
96.8061890427685,96.7689159452822
96.76679537358444,96.7293178595746
96.40124435851112,96.36060398404948
96.36408082486403,96.32409424018009
96.53386895927298,96.49783580785228
96.98312106622213,96.95426462499648
96.23843239692229,96.20436029627926
96.43697472073738,96.39757881459174
96.23473143364917,96.188580479627
96.86268372852686,96.81674778270123
96.4171256804326,96.36772819315787
95.46631146649733,95.39110422410006
96.67195022458795,96.63820090127079
96.88118269714245,96.84341378176687
95.75247240834831,95.69962910544898
96.67195981634605,96.63363880911264
97.13046971611375,97.1021719445311
97.14783147572061,97.1186721451024
95.69993653329342,95.64633880544005
97.37307925256582,97.35054441655915
96.11378475377842,96.06036745288311
96.96348157801032,96.93608510699134
96.7396576642665,96.70237059856805
95.75506447620403,95.69859455521662
96.4345761563282,96.39053900682762
96.66024311074646,96.62563795242863
96.73499201453545,96.70008917650068
96.51231558006035,96.48037673960167
95.92936729395376,95.87831935786089
96.19102099534376,96.1423308693362
95.83599758260412,95.78320407326062
96.99054157898463,96.95632874315767
97.34333474975553,97.3127695849918
96.14396543888823,96.10172158873252
96.5607255234857,96.50959905069502
96.11337703441241,96.05969857270962
96.7729657591997,96.73991945554049
95.95708066313044,95.91473040788611
96.12447618242619,96.08270521421406
96.3233669717255,96.28055460859198
96.80377047678108,96.76564885283193
96.54082532458527,96.50318705880684
96.41207448698398,96.37299104129137
96.37525976258385,96.32696686848162
96.02054256033385,95.96907249986744
96.9743143116393,96.93279948149026
96.12227566124841,96.07024977600302
97.14517764691631,97.1204499827786
95.68370621591286,95.61952509823534
96.24991094181591,96.20995717866673
96.27882833853027,96.2355098108469
96.91060103121436,96.87661258061134
96.05412019350064,96.00727979067771
96.57539564930391,96.53100545687849
96.10550395559314,96.06267411126596
96.6742724582906,96.62672287338191
95.88922636706803,95.83385976894054
95.97575639166112,95.92245861255175
96.92370469857548,96.89623166213521
96.62792176931511,96.58532553680126
95.8854443112791,95.8321498500201
95.80760992889755,95.74116581298969
96.26778430098494,96.2282646210912
96.7476942839456,96.70081487056206
96.19044383617401,96.13655110535855
96.36376060773058,96.31378928686962
96.9274355326787,96.88530068806536
95.73749046093157,95.67957388459136
96.26819818592892,96.22212953905147
96.23873277772398,96.19646370330027
96.39443627158033,96.35485190504241
96.78809900124055,96.75841706776919
96.04193398298958,95.98054858491457
96.01834368688502,95.96245531139627
96.27303838341112,96.22232395892787
96.88147736525494,96.85214578098882
96.9218874908927,96.88574235096029
96.83219192546358,96.79201856467914
96.98433737656927,96.95214434311161
96.3148456683195,96.27066251324317
96.62718652267023,96.59404748543975
97.51341412946002,97.48668827849853
97.5995437872551,97.57800486185276
97.11833961470354,97.07853057790837
96.06162954460802,96.01894526098522
96.52849084536378,96.48243084857
96.84179955567777,96.80881864809952
96.55131006481827,96.52368962568801
95.82992867636196,95.76355150968796
96.13481445099337,96.08086450901476
96.0607034328339,96.01321004428893
96.17668997959188,96.12268649349083
96.25675752443087,96.20662261358154
96.63327224365024,96.59172370999394
96.26681869794598,96.21853650877466
96.98766385780074,96.95638471988585
96.38402394331816,96.34630657880446
96.07759530162559,96.04327234577423
97.83522306262776,97.81957562156255
96.1230610552706,96.07274379877826
96.59974991581353,96.55671164280687
96.76371144278885,96.72188703404076
97.32529950300018,97.29757112269549
96.74784505854481,96.71621731470985
96.96732220107565,96.93366631730066
97.08653598947105,97.06312601943144
97.20766972079291,97.17701988867061
96.49823891844807,96.43819711789786
96.6393138721932,96.59781808081581
97.13661099064043,97.10934113214415
96.49017508666466,96.45136772712459
96.37126747264261,96.32292865925317
96.36686982977491,96.32837575548695
96.65036653344251,96.60603585967255
96.03080968967923,95.98074459033302
95.71100630850691,95.66059601016808
96.14168737121364,96.08502881496278
96.7890075013551,96.7633402260068
96.38372052551412,96.34377835962358
96.49742235666957,96.46196901729397
96.80299615110562,96.75191680099621
96.95359453640653,96.91476840501471
97.60194950138717,97.57378097903691
96.38016888650924,96.3266211809847
96.65787695782836,96.6238286169519
96.21715747548402,96.17955684076763
96.89281656896624,96.86083312972663
96.29803605861305,96.25331000862515
96.45134216586104,96.41278776080439
96.54817620611956,96.5028694818267
96.98944591987416,96.95330539110054
95.7785995917553,95.71465111031547
96.50217061124192,96.46523842035116
96.02547853016274,95.97593940665482
95.87466440147719,95.81337137197342
96.71677656049235,96.68786506134789
96.0356399125289,95.99631235068765
96.38026661577408,96.33756645788861
96.67082249387096,96.62862704988208
95.85329806994469,95.80107471868479
96.66450918200532,96.60667036702534
96.91893335952619,96.8771369584255
96.84665164059244,96.8207239702783
95.73252244987681,95.67670334291253
96.93820901247064,96.90179057461359
96.27443009471398,96.23934100713483
96.09609340820661,96.04695077414515
95.99810410851018,95.94217450611356
96.5969363916684,96.5555898995842
95.62997233236501,95.58192228008497
96.16563170962625,96.11983862092926
95.64586494895231,95.57551931718051
95.78141360292565,95.72150676705442
96.62022704106002,96.57841194629702
96.31711888059695,96.27242771439028
96.52457848262668,96.48058574011979
97.2231195342548,97.19153643844537
96.12422898278912,96.0815299678488
96.53515853015136,96.49024615264356
96.89718260822553,96.85760015321523
96.86150138815869,96.81156906948775
96.69390016849721,96.65786705638651
96.7702185149236,96.73402087960226
96.85592035617317,96.81630187718312
97.36143353303792,97.33119034987908
96.4311086544617,96.3912263635981
96.62001137656243,96.58510308330976
96.66628117995577,96.62195705876867
96.44678888095727,96.40267414370192
96.98403364878645,96.93749856212722
97.15668698015757,97.12624241296552
96.47036285323034,96.43086880263172
96.62468005450431,96.57885388558888
96.28716538139898,96.2461814119968
96.8494875376296,96.80043076021828
96.20996718521604,96.1597017913198
97.06511894846751,97.02870851927081
95.59766937852385,95.53770365618648
96.8910091645591,96.85666547644207
96.67066724352497,96.62672295763701
96.88656437310175,96.84728878579918
96.52531982162104,96.47792688836678
96.11337704549034,96.07239466926062
96.22859187047446,96.18760237648245
96.18997053324323,96.13959692258496
96.06857258412516,96.02864017263039
96.15471932573365,96.10758182779011
96.69466664653784,96.66218268428571
97.05961230634946,97.02721233724542
96.37910559941844,96.3284122408698
96.32398839250237,96.27859424296909
96.21256818960795,96.16258785218751
96.79956736386566,96.76213550250601
97.15782291890282,97.12915008632689
97.07626599246369,97.04326438675764
97.04540599288202,97.01326095490775
96.63753235612543,96.60661737214812
96.97013659649181,96.93591442731474
96.80588072202389,96.77417317086017
96.23439586137563,96.18696976355659
96.35474464190379,96.31114172376218
96.55670675847387,96.5263751805487
95.61756520738885,95.56076809471735
96.25691978407691,96.21293142048025
96.80896405058915,96.76766243799602
96.03073968285591,95.98215905199574
96.65874766679285,96.6208926856194
95.50688379977198,95.44504061829791
97.1462688081757,97.12363813243255
96.82553557434989,96.79369374946768
96.09353483310692,96.04689443861453
97.30517954516097,97.27645515493232
97.35865675041046,97.33729366124086
96.50445128785825,96.46105571801597
96.07557444072278,96.02417371301746
96.3896424579914,96.35143062251672
97.06123318470743,97.03641694329225
96.5971781594046,96.56559136014752
95.87019179641744,95.81767296622955
96.80623588561943,96.77463733506579
96.63902454593132,96.60404437443708
95.45328144850538,95.39273016482446
96.4624971427297,96.41373485965735
96.20327772098136,96.15273012284133
96.33496777867771,96.29606401241008
96.33587310296005,96.29437544270174
96.85504465104518,96.81334555861515
96.07507308021071,96.02600252170741
96.37693150920494,96.33326070796144
96.8332830875699,96.7859795358856
95.61793557461502,95.55938280492222
97.67214535722245,97.6510217299441
96.67886996148016,96.64212489960515
96.24341546145934,96.16781798846259
96.58762952055002,96.53875991736597
96.34815422945783,96.29694635073595
97.17777256513175,97.15030960388316
95.4928427780428,95.41447999074522
96.68195209081193,96.63115856471971
96.62975688884258,96.5741436256047
96.82782874376697,96.79656622979168
96.43084608784635,96.38122145546184
96.42142064077187,96.38277476656934
96.91915442250274,96.88074410661247
95.43254451666955,95.36308639403963
96.58695583452085,96.54167490543487
96.41419228787707,96.37193339591414
96.79012697174414,96.75727751641678
96.49194551463701,96.45109773068819
96.72635897132193,96.68500588911367
96.97619030181865,96.94629009288124
96.46174746401965,96.4318337946819
96.89939197820213,96.87004771415108
95.90431524758787,95.84937246290241
96.18396756225503,96.13309350283215
97.14168266002027,97.11589323327158
96.84265120120236,96.80642908130599
96.60320729574659,96.57131450503184
95.4329211570963,95.37417527908858
96.70095534750146,96.65741029596899
96.86781743279907,96.82323776252501
96.15246343286792,96.11131768497438
97.20275914101965,97.18224914955366
97.00837919317672,96.96350387663394
96.4293449685329,96.38758136564721
96.63660649094884,96.60220422212271
97.37956586978387,97.35500117216618
96.09405878154261,96.04072190426903
96.87009715486853,96.83421207013112
96.48079272929813,96.43578374780317
96.40404948302732,96.35388493757348
96.3369611461425,96.29648500608407
96.22848635587965,96.18649869512907
96.748825242973,96.70955297435363
96.32938542312282,96.28347832022476
96.60459657325663,96.56566157263292
95.49257164892266,95.43709540592792
96.90624271668838,96.87517173369386
96.08015406621438,96.01879412253678
96.10596477351324,96.059712869517
96.72637726432907,96.6908147915462
96.52147280465462,96.47778380118191
96.28114844545152,96.23639372779779
96.72678931924264,96.69331926834663
96.83944821949164,96.79690851595466
97.34911359511779,97.31506377245054
97.26522524060846,97.2404005911818
96.06213024320199,96.00448142348645
96.5540688295601,96.51018151553208
96.18475740890739,96.13049500299522
96.84448598271051,96.81298280832749
96.86171386652885,96.82627324717993
96.5246246667055,96.48389944873398
95.92343443181284,95.86464439990428
95.74191915357487,95.68505196925571
96.39198939711356,96.35579575625766
96.28091779451677,96.23184306119921
96.42008966203299,96.37605247580976
95.95081853831957,95.8995298243034
96.59223434599451,96.54739588479848
96.89687812435794,96.86524570000259
95.6584369452933,95.59242343618307
96.53618402316837,96.50489339355474
97.06016663300346,97.02094048023851
97.1611672569708,97.13180311220317
95.84606747635625,95.7787460043877
97.43477675800138,97.41268825385151
97.21056495048767,97.1697275677106
96.71543386947842,96.67505977242456
96.32827797829408,96.28574088272633
96.39403797136738,96.34808397260367
96.56910030994914,96.52928140259542
96.17377194702641,96.12928953905501
96.85843634316532,96.81908351885879
96.43513198134956,96.39600991502049
96.56605699906166,96.51480737433728
96.89639000530158,96.8561147610495
96.98452869373018,96.95595963389064
95.78276102549528,95.72618394931364
96.47273332441871,96.4330004089542
95.72572061919402,95.66568086444512
96.44699860206421,96.41015121987242
95.54157304249708,95.47130730750597
97.08298867124454,97.06185313395774
95.95206532228934,95.9044973758106
97.25520104570288,97.22417526881127
96.71439475605554,96.68722003993082
96.1748638234266,96.12601223045884
96.98969347858814,96.95840542054223
97.22363615999839,97.19387584894254
95.97846431684897,95.93123884651165
96.79318690277061,96.76746414720152
96.89599626623892,96.8636080825479
95.67893675950046,95.61211192954744
96.55386557868205,96.50114660699988
96.9261486596605,96.89342540017435
97.17336675304765,97.14225406034515
96.27160208123826,96.23458699160375
96.33924952077996,96.29446311049426
97.02264501753476,96.98287678396323
96.94129633942747,96.8962501991839
97.05392172392308,97.02142378805074
96.29544919388135,96.2547575185121
96.69801854491313,96.66233228814873
96.80332694184199,96.76206986698806
97.12088661531426,97.09536401706407
96.38325767392284,96.3336414149942
95.94065486430634,95.89003506823978
96.66101060487277,96.6117690070204
96.78513941870557,96.75184866110789
95.4939769945864,95.43475989639592
96.17450390825675,96.13643734670943
97.20051876302882,97.16620312320624
96.61758986127599,96.5727048004704
96.35239323803923,96.31985638684645
96.32531079942791,96.27649991088408
96.35796791903995,96.30683671642657
96.78382017648178,96.75763370825725
96.61410639288819,96.57026081330402
96.6540003019849,96.61792724137713
95.81622897194393,95.76408722693922
96.2463561091405,96.20281743609196
96.39435458747113,96.35388699099066
96.34415013170609,96.29692306171268
96.60041145723194,96.56923390391472
96.96656992269632,96.9336399028854
96.90091067770983,96.86676276003757
98.16838733202472,98.14491104061432
95.84573676195592,95.79424653885117
96.2306624341914,96.18267653497072
96.47122606501358,96.43856122333877
96.25769005483869,96.21102314635357
96.50740586629992,96.45951915185199
96.61402615594344,96.5765049810238
97.38314992251402,97.3515924424484
96.36319441304491,96.3039483826885
97.03843282107397,97.00716874830955
95.67775277474578,95.62159880840973
96.16127574829098,96.11106431126419
96.14113526700456,96.0950640909833
96.89435375401837,96.86444921807946
96.14769367482741,96.09235635346441
96.10017535069657,96.05751468099865
96.90991300362623,96.87453909117039
96.30128205237726,96.25229141871385
96.49779202546823,96.45623691329013
96.71132253057957,96.67959202864527
95.60987570962752,95.54958034104244
97.20827533456267,97.1776211787998
96.73108548641098,96.69388364210457
96.3858646900976,96.34916747718796
96.17437980480497,96.11331292722213
96.66580538819076,96.62884844771867
96.48530898388915,96.44910035489093
95.90070220722737,95.84679318901583
96.61421812880833,96.57111281016938
95.81718462800737,95.77594285932378
96.06403660067586,96.01747995837981
95.49485932392865,95.43284410409376
95.77197942535581,95.7156819549579
96.33969099863914,96.30176713901679
96.71296564520361,96.6734129361239
96.62429350366818,96.58323031929483
97.32038346503303,97.28782966504835
96.45507493442874,96.41911702240316
96.82563141791091,96.77896854265106
96.59270459573989,96.55695165324119
96.19530298622813,96.15197893068444
95.46246106802892,95.4151934707758
96.44671367387022,96.4152900002144
97.03810404477501,97.00484346127027
96.19123549500708,96.1515483365207
96.40637351588815,96.37358046970115
95.92528142910628,95.86896441272538
96.54624293152763,96.49864135918476
96.27174010330332,96.21760283906012
97.2547933017969,97.22839929827401
96.6366397508198,96.60828106496089
97.14202308812789,97.11146772053274
96.6671229116946,96.62558753365609
96.61069519242471,96.58071523346075
96.5127280556511,96.47042646327075
96.07022176116442,96.01310332365522
96.38488462940387,96.3425694993515
96.82844347409133,96.79508518276985
96.7907715578339,96.75591147852349
95.78966948372461,95.74223717316222
96.29179569430913,96.24754369571941
96.09971858369885,96.04556881124851
96.11869269020852,96.0786856214574
96.10988408046892,96.06563664680613
95.6194438100094,95.55790072125644
96.54079271831404,96.4924290244991
95.99874489793918,95.95524643313489
96.11241582522528,96.0643368990647
96.1095239761638,96.06471770389236
96.19611771530762,96.14760401515771
96.76828911291885,96.72569209089728
96.66080855506947,96.62044293960176
96.99389985165116,96.97002833174624
96.22532154061088,96.17844163374734
95.7381025785512,95.68308662335836
96.13111772108819,96.0724445540675
96.67942438549211,96.64670972190866
96.52565618292155,96.475740238399
96.44575045900854,96.39649517968674
96.26818495080448,96.21978406426956
96.23465803090079,96.19239686122391
96.6326243705635,96.58459458574814
96.45301343424087,96.40924464193634
96.43725352867499,96.39841932091413
96.52540045724912,96.48411955421277
96.25043487118535,96.20251841190264
96.97164616156853,96.93764093277227
96.2526537237966,96.21451482123432
96.2282021165474,96.18322556468833
96.78175959220933,96.73169847395626
96.8863037469338,96.84762215143432
96.90884287687942,96.87388457468515
96.16930477115666,96.12609355732876
96.88598918781939,96.86562736225568
96.83254673621057,96.80118711530578
97.12778580554392,97.10219516632823
96.46717554661923,96.43187688641262
97.13363092840004,97.09190927052165
96.26181706617426,96.21537842116352
96.3292341159075,96.28944450449752
96.8640202171505,96.82091289759886
96.72282089983428,96.6906807350221
95.84602697451919,95.79395129393622
97.60142489279009,97.58093273244248
96.58830570402235,96.53771709468397
96.04808552620703,95.99952194785416
96.51345144114578,96.47751259041506
96.74484278281905,96.71397316678183
96.33502538760109,96.29674399958456
96.88668585507703,96.8561793037883
95.88211919640173,95.84044818693552
97.27144942264744,97.23781521281258
96.77464955857879,96.73699846466268
97.14234090124565,97.11254021740781
97.23328540277973,97.2051033666713
95.95250072802311,95.88392799787025
96.16440819160788,96.12032318457425
96.39074728103179,96.35066525330798
97.08710680513526,97.05142106294133
96.11452384705451,96.07327796559834
97.08862722001003,97.06946444191065
96.32998140182363,96.285574861551
96.0648366285945,96.01363304134246
96.2014373545694,96.15035415393841
96.3656913439539,96.31620187334016
96.81500913478429,96.77665067608767
96.0335259330023,95.9831574674376
96.22909323449382,96.1889838684938
96.99168196113219,96.96266366550009
96.36329154789411,96.31843250678915
96.58562584633546,96.55513790280402
96.23835146800997,96.18789498588639
96.93601094702264,96.91097311052204
97.39905319195267,97.37203758422771
96.4140409292665,96.36345839630725
95.77465265280439,95.70546293416902
96.6502249693274,96.60857065555352
96.24262622195349,96.1995337074992
96.27701844785932,96.22970279763705
96.33076679518726,96.2651104291237
95.85765681630873,95.80342680119182
95.93578650772946,95.86527941020574
97.11737960940206,97.09012499463692
96.18281133753244,96.14186422087765
96.08530643155738,96.02680230690977
96.7092507239026,96.67031340838938
97.06970871590929,97.03518993107608
96.98650855808151,96.92427808330783
96.2923526249247,96.25753758765666
97.19808995289623,97.16980501129042
96.49788288488206,96.4543446562674
96.58038317356998,96.53960891107144
97.13738027179701,97.10578162648044
96.43913202775725,96.3995403276222
96.65105669031001,96.61202227748615
96.58152469494999,96.54734226981108
96.90223313921689,96.86498242688953
97.05800342452073,97.02287616450266
95.66650704569658,95.61308846656513
96.32628712510208,96.28217021052873
97.31625127326461,97.298720319916
96.09532943209594,96.03625810473764
96.39482360803393,96.35563493958558
96.22543805379928,96.17308821324951
95.690258716443,95.64124012384778
96.77650528999112,96.73892897362842
96.5936082996579,96.55303457703002
96.97104873606149,96.94581106177606
97.46180166057155,97.43503214425316
96.94666591202497,96.91513927228861
96.66237740478779,96.63063102618236
95.84221888504344,95.78831189006628
97.07603250137308,97.04410111862356
97.0999444214122,97.06306872143362
96.43531898251284,96.39585443051654
96.48002762309461,96.43516208064334
96.49350926484199,96.45581966047048
96.96959837671233,96.93694286163742
96.564580138042,96.51492953078446
96.37345926164413,96.3196837911574
95.93032852340465,95.88483128618577
95.97567283210607,95.91831792857941
96.87256770466813,96.83260908572018
96.20356756470481,96.16800292028601
96.5452608504345,96.51653258649468
95.96223782455938,95.89637814028183
96.1084578895885,96.0711838392151
96.97691983965447,96.94948671798923
96.76169336195376,96.73140254200402
95.87930654379748,95.82205597520047
95.93424648940184,95.88177615280232
97.1744150554471,97.1307315552457
96.45879743213354,96.4233671876713
96.49339512987284,96.44513065837234
96.90116696820267,96.86116342471492
96.09698917823985,96.04275691584105
96.31088374413581,96.27695684305316
96.3814900878811,96.33718998228944
97.01466093938647,96.98043012272763
96.66951510858382,96.63090016472584
96.37450796764637,96.33946235480086
95.43093724249981,95.37208939501915
96.86679293660899,96.83464514917691
95.5557329780354,95.50069003208523
96.1845520464014,96.13553370317813
96.44919481380741,96.40732489533205
96.08954768578322,96.03653870483365
97.26108050878109,97.22055385654389
96.66958118383135,96.63859369721904
97.3139837129025,97.28260592115576
97.25822622188286,97.2221884697763
96.34182478905721,96.29158097806028
96.68475464602179,96.64689497564711
96.2277402513901,96.17501572556475
96.40234809288053,96.35552268141089
96.80549097795497,96.77412452488036
96.47067795686716,96.44002898601194
96.5282521852368,96.48434380680622
96.19714946390431,96.15266522275257
96.2706407279328,96.22439902343326
96.45150599598558,96.41018392596901
96.20015145892218,96.15947920331047
96.01993582074418,95.9662746792369
96.66146782676496,96.62163238325797
96.57637846546555,96.53584976204294
96.79252049915203,96.75486991767542
96.68261533671863,96.63735034359325
96.80740256375377,96.77448537035602
97.01874697410227,96.99504837598383
94.95858249794848,94.89132201207758
96.52664998201553,96.48734416613712
96.622477330862,96.58065924508779
96.78824652111106,96.74802703619301
96.66316304474122,96.6245019355757
97.24459375389624,97.21714707411904
96.36699467301428,96.3261891173372
96.9116396562453,96.87907824216745
95.93515173827109,95.88473951077039
96.00899671639833,95.97049989123634
97.1777147326185,97.1500650862154
96.91432749669279,96.87511318502662
97.03608570417911,96.99320459657693
96.43647380028837,96.39933355148362
95.72045073077683,95.67426986429584
96.57248833513528,96.53370312444285
96.35816483320869,96.32337635888709
96.70626668206437,96.67883406688898
95.56435434979167,95.50904986807876
95.8624348295268,95.81792484765467
96.45005040512129,96.4043193402046
96.93445491291817,96.89574179786918
96.69485876720967,96.65405216755619
96.93096802397704,96.90005911493215
96.89208149172372,96.85832452413275
96.19228714483079,96.14041881010935
96.67439887745337,96.63483916053275
96.50495169095939,96.46964236567396
96.41881119860915,96.37088199455066
95.96458004205857,95.92060385436683
96.59974637744902,96.56626979435941
96.53343828444702,96.49357812369878
96.14345161888268,96.08528013144591
96.7062104779268,96.67196162135664
96.30136372682934,96.26978061958975
97.00214708158715,96.9622714280079
96.722765700816,96.67389808976993
96.09449681498987,96.04179300994899
95.58498136253294,95.5275974057008
96.81602922457301,96.77799710709321
96.4205313629012,96.38034211954762
96.622463569635,96.5771288504597
96.6456599293392,96.5976836922915
96.62601691030655,96.59126181392101
96.86169884358092,96.81592992088045
96.35746402674476,96.31296059034972
96.76312852365481,96.72706870088216
97.84725368491343,97.82989081771346
96.9287656489725,96.8989463608866
96.57377892191869,96.53620058518213
96.16718664540667,96.13442159064977
95.84422875451614,95.79003193143419
96.79248780243596,96.74967906300142
96.85258822063885,96.82848699497653
96.33341705820814,96.30112158861465
97.3001311855294,97.2789121719681
96.41587254509872,96.37494973357009
97.1225733137706,97.09264304285348
96.31088527286045,96.2577480507004
95.33947237147166,95.27819475279188
96.66732476507076,96.63562203519633
96.2816912449386,96.23026481718094
96.57607630818895,96.53859135491903
96.6330324711494,96.59783906981502
96.11138439052155,96.0686999781555
97.03193949562488,96.98602163565461
96.7763848969975,96.74081130699956
96.13624366095148,96.08565331630021
96.27772469795282,96.23751139429959
97.26069553108702,97.23735722709696
96.72620841603539,96.6809663397212
96.54269896206459,96.5026287729044
95.85273076203964,95.79664424697461
96.71185770401297,96.67058777246477
97.34111027890532,97.31343744673953
96.97316097456319,96.93908009998891
96.22068323160518,96.17606337268637
96.68158887167867,96.63423991629253
95.92392551040125,95.88865894092461
96.85860318623112,96.82727516569966
95.55757771600769,95.50271823953217
96.47705668208867,96.42890416527268
96.41776298849571,96.38006676943328
96.46081098088968,96.42129396322814
96.42890375639315,96.38416437692482
96.34997731023785,96.30366136931104
96.70437027843491,96.65427487308008
96.06849119778822,96.00713382084989
96.4560930718107,96.41475585433004
96.20215804886452,96.15193814049292
96.12885821410639,96.07936463687012
97.18489970340462,97.14690448810538
95.9499384187224,95.91221243015998
96.51166560919921,96.46422314057818
96.14126728205706,96.1000811238447
97.19587512277363,97.15606113451607
97.12227775740705,97.09824190572208
96.10955381173761,96.06957033500865
96.46485098324916,96.41880392807448
96.76285507161637,96.73845671810892
96.64771252577593,96.62743438011907
96.91713620518549,96.88295409593889
96.86120453291052,96.80458626368906
97.15263803646438,97.12588708753806
96.4939022401415,96.46291764442344
95.52801225434358,95.47169248134811
96.36480300248446,96.329117436
96.53289715494488,96.50120411425644
96.60570349980956,96.55133707951173
97.03821360999453,97.00460406991617
96.79650094547455,96.75372533708021
95.17105426221028,95.10749780051405
96.44324327539587,96.39206632270923
96.60415467693103,96.56474079046625
96.68072017073149,96.64954549313556
95.90191785791984,95.8559097308086
95.98647287960874,95.91221117813052
96.6725948973894,96.63330445753742
96.25389583364529,96.20481731827486
95.74308238557636,95.68403153129204
96.62147017807948,96.58420518187975
96.88670504667516,96.85484377932322
96.01963367903433,95.96666953749529
96.64517856677314,96.60767431204117
96.79916544953046,96.76421013387034
96.34486688177509,96.30735382898861
96.4677209876093,96.43194096970022
96.52210552119773,96.49499254209336
96.89624516565294,96.87076736545241
96.57983848108125,96.54192714492603
97.24491778767742,97.21348789542695
97.23641359739979,97.20748627356528
96.63350505303768,96.59520887568836
97.11836860345596,97.08048200096682
96.0344550705737,95.98390064579547
97.66079625065343,97.63064513989826
96.48032393618719,96.43601952918574
95.9482981132064,95.90015020161724
96.8002641737186,96.7669387597112
96.22579734013989,96.17958608383042
97.15896560705711,97.1347712741986
97.61419096183621,97.58479235443313
96.89009348297404,96.84698544094171
96.74729971169286,96.7082648501109
95.9390224870019,95.89033218153006
95.89588728327085,95.84625783290372
97.39834412312051,97.3710170173665
96.34493526466413,96.31321934958822
96.58698116143277,96.5459507572181
96.62128522074836,96.57773136723607
97.05410371676206,97.02263831278462
97.14010209094069,97.11095049686337
96.20939965427077,96.15885618770531
96.34127485497858,96.29614894006761
95.86419865995123,95.8099465018182
96.59638931694948,96.55708568537739
96.4663981889566,96.43553652926215
96.34843200481464,96.30285496476259
97.01716402867243,96.9816985184245
96.38432477650647,96.35183325111242
96.51977563793838,96.47184614589742
97.3750071743605,97.3462484395222
96.53990747912295,96.49682764248875
95.76168940347796,95.7044052088699
96.86670736020507,96.83529125243918
96.81680801935683,96.78513310098715
96.24282944316082,96.20620045925422
95.56620771378894,95.51392836815481
96.77766828631313,96.73690538373398
96.82284379328809,96.79085966111474
96.51252551816974,96.47277838531224
96.0840719510874,96.0343140231075
96.57317784798971,96.52424960671573
94.9533795022249,94.88562180319262
95.73275363255048,95.69453777978379
96.53301855978843,96.49380113355505
96.6803894029812,96.63486075090343
96.662071212805,96.61886676584899
95.21905420219554,95.14046603345997
96.81715602594541,96.77676491056512
96.96598330708234,96.9323518217717
95.9608031706027,95.91859046289773
96.47512715276882,96.43564793174926
96.58204712139629,96.53001699566984
96.30801597474174,96.25800952073047
96.98670292748892,96.9546379186596
97.07192046763988,97.0441795787043
96.0976079871284,96.05126713461394
96.12211419085283,96.07237703394537
97.19253282502264,97.16591346569335
96.30898020167608,96.26104051913376
96.28112367770792,96.23956671919503
96.44762278072878,96.40804546637821
96.75873593186803,96.72306841282793
96.26785481894075,96.23394439177326
97.44304586486486,97.40796358573617
96.66468007754888,96.63177772938519
96.96402385287402,96.92476602538156
96.85441298431535,96.81631600533373
96.75164326026916,96.71772915962872
96.24071667606867,96.20090586795533
96.07354246118177,96.0204252631592
96.31364270219396,96.26568103711811
96.42787617521186,96.37813123138942
96.16752313312212,96.12940012379639
96.30543495133651,96.2623727251771
96.39218987740182,96.35102354431962
96.23598290932252,96.1850445742042
96.97125999562319,96.94111597775672
96.84201969425368,96.80072310804465
97.00420813935298,96.96886474487306
96.8832156259119,96.84623479452142
96.85068970367497,96.8062295676925
97.11242097828986,97.07565196078997
96.91108465391363,96.87845485088249
96.12209192537459,96.07133879397844
97.29389851058633,97.2590743103505
97.19491706482668,97.1575847984356
96.08469033658241,96.0356741886472
96.94423191223656,96.91044854786651
97.43252546204022,97.39734286768747
96.12372705610443,96.09126458239955
97.18636468607208,97.146680076869
97.35511357870351,97.326567753987
96.10749039870167,96.04699823047146
96.56622199331105,96.5350371060413
96.49698652689051,96.45254218645175
97.17988192404458,97.15034789497781
96.5588288711587,96.52694259046046
96.8486675304988,96.81375901779062
96.47278338093122,96.42009821264429
96.60980466427608,96.56347023676659
96.08480302424923,96.0306778436047
96.45602578048279,96.40989735702033
96.00748357039691,95.95710180344108
96.5533968973646,96.51189006800132
96.50200103662351,96.44832935382132
96.07587279829744,96.03529904646159
95.85566643262817,95.79874813090403
97.03155880156355,97.0056550231765
97.23155783480942,97.19548838935687
97.31520754074674,97.2830636482835
96.73276792721798,96.6918253682917
96.23067656251115,96.19361073907058
96.33081192909411,96.29554573507788
95.68789986110741,95.6375519365647
96.43855274895085,96.41296782013019
97.10086616287194,97.07136555648685
97.61214293017119,97.59143824285047
96.44284638230674,96.405586945485
96.60245683569916,96.56456466237654
96.84371127407103,96.80902322744502
96.458831811805,96.41611972352449
97.0207230924586,96.99353261436299
96.63457537946005,96.59441595360248
96.80289154659596,96.7600396056583
96.19037900848569,96.14660488404871
96.26229330339038,96.20782104245276
97.03311669598685,97.00432636340571
97.77906695326557,97.7508321802122
96.58567119225192,96.55234671716276
96.20059324698697,96.15962243867887
97.09114087460595,97.0629236409364
96.10997864317929,96.06548168560138
96.95562786675508,96.92802227624753
96.78841423257025,96.75608425999484
96.6736159996488,96.6390880465145
96.53102807543169,96.48926597717247
96.89905755833632,96.8528370518245
96.15309702601645,96.09313719224066
96.79439346284454,96.76428177626141
96.45557479384028,96.41637256655147
96.78240505582612,96.74214280723788
96.27710227141637,96.22792760804617
95.97451136392188,95.93328201069451
96.00835736276308,95.96795992637351
96.11072416385672,96.07044387916766
96.78300653394211,96.73637566995788
96.21993903805334,96.15485260872258
96.07132078445753,96.01080441141276
96.34621221828003,96.30588807385463
96.90507889841852,96.87001850673987
96.83458140269005,96.80399087980403
