P_twap,P_usd
98.29377332362725,98.27484039065052
97.64304359380696,97.57844798247088
96.25862621640707,96.21067477051182
96.81127513096837,96.77849863265612
95.55533580354333,95.50588977421087
99.37894171249822,99.36321199295978
99.45388057571756,99.45024759735838
98.50016358245682,98.4939573639557
98.13205874940104,98.11819397031203
95.63623677981269,95.590611228552
95.24828185632276,95.20193956216511
97.68415677898544,97.66584327335967
95.90919146352792,95.85020300006646
96.57100567320045,96.55634937619266
97.96499058731455,97.94306195410414
98.04863110238253,98.01062536928248
96.42823697056363,96.40001474130939
96.7706565983687,96.7558905948234
96.65306417007584,96.63239492951365
98.93680761906867,98.93273617680217
98.07639447603893,98.05985979071713
100.58550662608123,100.57796854278958
98.6792577774663,98.66068104345807
102.33341552713455,102.32877865072354
97.3398372071049,97.31814408023645
97.15904204888847,97.13059590319246
99.96567209699965,99.96093602226327
95.12558044119487,95.08749949998416
96.84495992950046,96.83186853776179
99.3150828932625,99.30627813715535
100.09255962928853,100.08397690426919
98.9079582135957,98.90403876941349
98.72401103569806,98.68819632832543
96.4709937613967,96.41194380154137
96.79609747769462,96.7835997087546
99.90501115089255,99.89963135408038
98.63235460034704,98.62087622257098
99.41930589033147,99.3912655251213
96.42283242966538,96.3982647799042
94.8753929920362,94.82382913801104
98.61962791464333,98.60473555867011
98.6216857937462,98.60506025732101
97.80213067924389,97.78745997457611
96.02945634331556,95.92653171815327
99.13297848106954,99.12717345346184
95.24107675659874,95.1191510946282
97.88894723350346,97.87651292568958
99.03506922703458,99.0262148858183
101.10885028177479,101.10143711223802
97.24082800957817,97.22772463527282
98.36123863897882,98.34914917610205
98.66102995974767,98.6519350221699
98.48651155803579,98.47951809258478
98.21332127587563,98.20249439539212
97.73380476039212,97.72513099825647
98.79769137523284,98.79429111564804
96.74320247915932,96.71540462301562
98.96095813062611,98.94624878888003
98.93861563163473,98.91584650364489
95.97455164630743,95.93987445618322
97.09187556656455,97.05372155329232
97.33127480883323,97.29597204537092
102.23964579847,102.22351118987318
95.45051602198667,95.40417184312659
98.92903139939561,98.89828792695158
99.5159191989734,99.51270981769059
97.65000595336484,97.62518530910607
98.30329417024413,98.29553545652023
99.77644144379299,99.76447948920696
98.22490399155609,98.21542428941406
97.89024806211535,97.8738113343691
99.08229970128778,99.07271469234341
97.69534018961357,97.68938755766524
96.58890518337374,96.5605453142779
97.90685234641525,97.8932888018793
97.05627171796297,97.00988715820289
96.71733407930917,96.68176847985545
99.6423813000874,99.6274098274095
99.29281724078432,99.28414090417847
99.39286804688874,99.38079964444535
98.71638817554404,98.70696133546303
96.8191513451938,96.80427849214705
101.54463473825504,101.5323051461913
96.57916046450053,96.51348964300112
98.8757923034348,98.8696775359173
100.15774058474989,100.1334380545155
100.08448522055052,100.07087376805973
96.87091610969549,96.84198317984863
97.22203812310836,97.21382441972753
98.49488752877734,98.46679399978076
96.75937365282641,96.6963128410954
100.16593478286467,100.1563055335967
94.74650803073085,94.6779991633137
99.26872377006356,99.21972849483673
97.29302620477131,97.26621066932296
99.84183650474631,99.80210116600601
97.3066192115928,97.27880543373448
97.96278923450646,97.94852105679176
96.71490650490821,96.64315242150313
97.97516662685084,97.96820580835639
94.3266642932295,94.28301554381731
93.494855461872,93.35397355978975
99.41588130690278,99.40564713377283
99.07207229731283,99.0534925762481
99.0614442321226,99.0578832822019
97.40316708144363,97.37532306174545
98.34459354198736,98.31555172720374
97.65407822809793,97.64377142197144
95.37561913367658,95.34034630186046
99.34546694455177,99.3228647689362
94.77780131807081,94.67152689912683
94.18727277621585,94.08816130176298
97.8853436486805,97.86913666996075
98.45374229492936,98.44410227673066
96.73785915601829,96.7052562337582
99.70009273718975,99.67161004287952
98.96298689879322,98.92630671631233
97.52314407504329,97.47747302132319
97.3090854860344,97.30274027400557
97.25612494009664,97.24070694813591
94.7426092358992,94.6893710660904
95.73280184736795,95.6898436287126
97.88677538880287,97.85956280633603
98.70673015246753,98.68676699396525
96.4960897045382,96.45698758729367
97.46020166713355,97.45209348550462
97.76012577659665,97.73756514125573
97.42066410225198,97.36586663939232
96.95707511395078,96.9070693797002
99.38363761358436,99.37829908279215
95.94481090516123,95.89111633863601
97.6666148174189,97.63920520645607
98.6536445839366,98.6392080540275
96.68766522972726,96.6774902823253
99.04929883126418,99.04462658041258
98.87602317535931,98.87085246298722
95.62463404580278,95.55258040398508
97.14639600595493,97.13369417887739
98.40112637254127,98.38407069963402
101.47656121757038,101.46987724861322
97.24158496833599,97.23040730710895
97.30515285985003,97.27325019335022
95.40555471246684,95.37075509093576
101.29082466921983,101.28538557744328
101.01821610529265,101.0090353991071
98.69516126948814,98.68653108145631
98.31555164372654,98.30988365921866
100.63721224669817,100.61534276868309
100.06655830980827,100.05904000681156
100.13388778680093,100.13143821032008
97.15116611216666,97.13879368011214
97.03440257122834,96.99228852199492
95.97197935001337,95.94578886821857
96.51010870755945,96.47557086275042
96.6496002298874,96.60803879764673
98.14382751735893,98.13611133643184
96.3726836454466,96.33877765062421
95.67164924277029,95.63376648380863
96.3938886517036,96.3533847613396
95.0330323476788,94.97506872786488
98.99693686619082,98.98390110473068
97.61383628894144,97.60101903895281
100.61268258721151,100.60478526290039
96.45061300173265,96.36082379646945
97.72942504471516,97.70655445620343
96.53058289491523,96.48640587567627
95.66721393165625,95.65365843310569
97.59492407521711,97.57455247782036
98.41691222080856,98.39074065348866
98.80393608817104,98.79244333485394
97.72539798205693,97.71864050369982
97.83397998503045,97.79988082353792
95.30167918936517,95.26132831743806
94.14330639864022,94.07287229760858
98.46645593668195,98.43240840845694
99.6898786648196,99.68685836260406
97.60653374836853,97.58886325767318
100.60007699975793,100.59196361433251
96.02967135074314,96.01343404631234
96.85391223866527,96.83191794474321
98.81783462586056,98.80956629302496
95.44987824327436,95.40954009427097
98.6020335139372,98.59866258311685
98.95738626277351,98.9400592294885
100.79512671427086,100.78577760402761
97.07527322143278,97.0425320763506
98.90971080780564,98.89695018238754
96.09316886357048,96.04334846204117
98.88837771795345,98.86932929710537
98.89665385479782,98.88422231950085
98.76344165860513,98.74070754934831
101.45117610797986,101.43894714045163
96.75492651056888,96.7265313561396
95.06531332913954,95.00390296329559
99.08448166170382,99.05715685482502
97.31552579584303,97.30329967375019
96.8897569014659,96.86989146757824
96.68845470327722,96.67537941698998
94.89535439076221,94.83776692130536
96.14098426646439,96.08481088671165
98.9586417490072,98.95370244429367
97.80546074626085,97.76634211683105
97.06692101463605,97.04937618353327
98.29828093158483,98.23848150680493
99.59259084338541,99.58971795978535
95.90061662707421,95.83930111065037
95.60797060868963,95.53810969568745
98.86346633588319,98.85446755822933
97.60394303834067,97.56171070966468
99.10907783906598,99.1043346225689
95.93961196439577,95.86736620323656
100.84050508728497,100.8371792236312
99.56733403948891,99.54718138824192
95.59755774440586,95.55961535662863
99.88556443404593,99.87965936130783
96.96799933405377,96.92685389612538
97.71785220157732,97.64883460453386
98.06995467940028,98.01744518427857
99.58867767339417,99.57981992093038
95.13484950286399,95.09521243444938
97.3660630402436,97.33994945893967
98.6835377425515,98.67236459931753
98.81901991862742,98.80377233119218
96.45848201548681,96.3941070639707
98.98642858352008,98.98098395821403
94.23061159156784,94.14898554601108
97.0364432862853,97.01330545253742
98.6194922578809,98.61002046548381
97.76695350767653,97.75092985578391
99.33634018176625,99.32194900915995
97.13850533050197,97.12808967457588
100.12485558018449,100.12078787377664
96.75678011169474,96.63692802110317
95.94316610476723,95.87889796212694
100.09352262368324,100.08383530763078
99.12396499598788,99.11712000441858
95.94818890422019,95.90460335158947
96.3299093047686,96.31600667633425
99.79872890219316,99.78082050966796
97.36081995591607,97.34812689104152
100.83944854159428,100.82555973601407
101.91078376420208,101.90108592645753
98.23147326794862,98.1720603201846
98.74525219884299,98.73722730071613
99.57667461384194,99.57436512003656
100.21333125597369,100.19206740166211
98.85820354647215,98.85268204448886
99.06484380662557,99.05609588535742
98.8958120058988,98.87073254181502
95.69236741335162,95.62938541562059
97.76904866595733,97.71509564116953
98.95283868532975,98.94710129364594
98.64985143512823,98.62872534782902
95.68004136846098,95.61824641090226
100.44487764869739,100.43752848227952
96.54836126373422,96.53474203744769
97.63765428204567,97.60552618558454
98.60594540216736,98.60180963895912
95.80768497665791,95.71653128694585
99.62542635141376,99.61797887253371
96.54523012876274,96.52733333243899
96.85948887703425,96.83475376106855
95.24886456136748,95.21723428805875
97.06821978308363,97.05222326565692
98.42761868644352,98.41958002619887
94.77985691541316,94.69490467298587
98.40470185859111,98.39197918855264
95.87282352271133,95.8341690539438
96.77835724039225,96.7468024164309
102.04938651440983,102.0376859873818
96.2775084729721,96.24839659755852
99.05723342070547,99.0191731013975
100.56991493534979,100.5659625222873
98.44155603487734,98.43654093256771
96.8889812744718,96.86600625841943
98.24624927368293,98.16188324437591
98.9409077930998,98.92609713833295
98.21207051404116,98.17733778224776
99.09772231105724,99.07655959788234
97.05701451905153,97.00658617066564
96.68860266604021,96.63037677312474
100.41161410651412,100.40867975054994
98.31029500940981,98.26400575281055
100.05063312874861,100.046220539339
101.48916675989092,101.48368411627203
98.40645113432169,98.39147936681233
98.1683177255269,98.15614487502846
97.97221148765563,97.94824208510705
94.65354015981698,94.6044320990086
98.11769123127964,98.11030056537881
103.32607140385457,103.299541430319
99.06659469317141,99.05455952219582
99.18447731801503,99.15935083172276
99.72424355016665,99.7095275495939
96.9815591269358,96.9357489336953
101.31616804409809,101.29367173582578
98.54565651519455,98.51166256226213
99.3031271465066,99.28943246076695
98.30074857870764,98.27245454377432
98.6580540606776,98.5629960387957
99.17522393243522,99.16529373822266
98.05142286074869,97.99492669565629
99.43339649262823,99.4224995117096
95.9826924730967,95.89554992752288
99.23794302489254,99.22539535404759
96.28194970104805,96.20252604011536
98.80131929541993,98.77729812448742
99.52568991966909,99.51933334430794
100.39180312412121,100.37813236004884
97.4191152253812,97.40923949913265
99.37087599834487,99.35817167669207
96.94913039313164,96.93596159883693
98.14987463119465,98.1363654770276
96.16418779402908,96.1253063704473
99.24214046276619,99.23461356466828
99.9779012236168,99.95992050447973
99.94235670263171,99.9284400874518
96.86842142427147,96.8590111294883
97.6625249744398,97.63801719444965
97.85570053407854,97.82391164944637
99.4276110889618,99.36962994116386
98.49701809422068,98.49118469393635
97.74138807143915,97.72653353832155
98.63514369673877,98.63157574331835
98.58236671660144,98.56896343005117
97.09816674513613,97.0884648592144
96.94448487602449,96.89948465879893
98.12484590246069,98.10647262469948
99.02357898297586,99.01421650210538
97.75754434964958,97.74535804208068
94.47991696817209,94.34210300050353
97.15319029372324,97.1293250551137
94.60780240532722,94.57208301708094
96.77469265645519,96.6849788423597
97.56207633223366,97.50460774539856
96.3934144514434,96.33758478981431
97.06132062018025,97.02512382844354
97.48602010681344,97.43057903043314
97.45682034052403,97.40547661148075
98.14935438470984,98.13585539082591
100.11205556575045,100.10848834548283
99.69186146297302,99.68777899060086
97.47563133988635,97.45340234435994
100.34780543337624,100.34039075014861
97.08102771351787,97.04578930779734
95.29678764119973,95.26133471668247
97.25228553412249,97.2317380843364
94.89114040730254,94.7942033472764
97.82165311129842,97.78798869472303
96.78070612666814,96.76608787878759
96.06682872256206,95.98019511461668
97.44905514489052,97.37923497149322
101.48841520984925,101.47670592936622
95.47498185342795,95.4285980707048
100.71871754951691,100.71547522347218
99.35388909406907,99.33886092602505
98.58081972303472,98.54836704755961
98.42261628202377,98.40731406528406
97.29329080532106,97.26351149590893
98.97377477586888,98.94688290642506
96.56576759306989,96.52770227302386
96.53651533036314,96.4624437028713
98.56648919569372,98.54565458981527
98.73603478622447,98.72962801281133
98.38297439392842,98.37163069956537
96.27529247591943,96.24914364986844
98.04139550051012,98.01820586483812
97.43685739582054,97.41159880306516
101.55492884588361,101.54224498415883
97.60655026110243,97.574549682561
98.78386857883287,98.77954890720285
100.42121777966639,100.41974246959073
97.03753982401035,97.0086401112452
96.61846991225757,96.55407382535677
100.0503889741829,100.02873254149902
100.2580543208028,100.23444859072484
97.171128923877,97.13109974186554
96.370697624503,96.3474247598527
98.2910090886558,98.26431629171445
99.68067813621221,99.65010551172908
100.2292258361883,100.21977863986504
98.03925763809292,98.02952964481942
96.81515508742157,96.77876000549496
102.94852174322787,102.93970068818746
97.07814490555334,97.05114831877027
95.37946810662069,95.33980635254215
100.25723420590388,100.25399142893723
97.33056768281989,97.28734393261347
100.97728421512808,100.96226410111116
98.24413314695735,98.22274545955706
98.2874019623276,98.27810061988652
94.63706852365982,94.59470470279486
97.193078633034,97.17199434844656
96.24921073522954,96.22165673390846
99.13842428952792,99.11167609016066
93.64122666015119,93.56226696968125
96.70156628874837,96.670339342474
98.41706596252865,98.39820946627624
96.52961124184787,96.47747204585977
97.67102476958367,97.63205047868274
98.40596170636341,98.36648117769136
98.72496977718178,98.71227585933575
96.8139866367,96.77865311458744
97.82756116824048,97.80754621656146
100.8768761487478,100.86787654878736
98.01866695521429,98.00024684313205
93.94744122122769,93.83691605992927
97.08119757012886,97.04068821989503
96.63314606685113,96.60182344994091
98.50986914622223,98.50434342060655
95.14887677182804,95.100771374213
99.87787225544228,99.87502707269196
97.28166006882013,97.27349833497641
98.54299505443885,98.500372249165
99.73417775654238,99.72754872330951
97.45829221449945,97.4311827327418
95.10419864599143,95.06434192886546
97.8527892428348,97.81304097542842
95.39688599962743,95.36866440965983
96.75113139608558,96.70619801442689
96.34824768129155,96.32969155668212
98.80904538619089,98.80114839353938
96.72562140490771,96.70402016230442
96.79846755565903,96.73935359110548
99.57972813249324,99.56882659350919
99.76516992506458,99.76257005658412
97.64083790164348,97.62027874427135
97.55298694506597,97.51729958529113
98.59376995457758,98.57031140414783
97.1573256106374,97.1164376430226
100.21853198253766,100.21008818165706
100.43674891054587,100.43321575810634
98.26052716445768,98.18915845472215
99.04412103610557,99.0338989622484
95.3890314272279,95.33891991219564
98.54800766222854,98.54495520216827
97.35204859691042,97.32122466882473
98.01500691139319,97.99247787896273
96.8350515079326,96.76597707000265
99.02778388442734,99.01497983010928
94.8057886565066,94.72108191736217
100.1487956507234,100.13150626035478
98.2681874187223,98.20522195104063
99.09833352613374,99.07763375320906
99.42068566341554,99.40319254559287
95.15016982113949,95.09141124576936
100.16026030971376,100.15274969877548
98.23891282058845,98.23240034845986
101.06342889611012,101.05856208585435
96.84710207106576,96.79150855549489
96.74845184260248,96.6667797102508
99.31064630606383,99.30265257527694
96.8906110748535,96.87140603814466
97.92683029291888,97.92244064301195
98.8871355624883,98.88247982559255
101.24440805187604,101.23863966965553
97.87394241966817,97.86016805072758
98.485813714457,98.47056212354165
96.71480903439837,96.68738908166208
96.5872394267758,96.56515087760758
98.12561374313235,98.11434333754778
99.21223851028697,99.20913120616815
99.82663428849324,99.82211326102757
97.78138711423472,97.75946056354542
99.73166961290781,99.71830711870504
97.65285290770701,97.60804180442965
95.70472269902632,95.64140221516344
98.1974030728594,98.18763371708988
97.13237730094228,97.11111616505451
98.80024066796729,98.79323816058739
96.3423111755143,96.31583318642004
96.87403787010629,96.84123942939114
96.88289993539294,96.83338322633284
98.7282631966764,98.71767118750374
98.61257909518866,98.60020118741328
94.82266347022488,94.7775837020144
100.47164183407534,100.45246159892066
98.24810757642395,98.2152614403773
99.47414638747641,99.4664791756051
101.37704961605921,101.37003948072538
94.83963394455287,94.80769371774029
97.75936213315948,97.7305919662774
98.9184562132335,98.89660625304474
100.83675534783814,100.8329644922679
96.78203480652068,96.75271046355228
99.21442119860599,99.20438101258023
99.38633257942237,99.37536457353407
95.7182994970477,95.64757994877846
100.12121876004005,100.10711187757276
98.26204250877149,98.24759990450755
96.86796158361967,96.84835794076695
96.8832856658769,96.87022258522114
95.7544354758286,95.71174273738832
99.07392995368305,99.06636007207138
96.58865353404975,96.52466903797784
97.86601481411819,97.8352869283498
97.93948068040005,97.90333860352541
97.67246411089198,97.65542926249763
100.26620212199781,100.26079838757424
97.34651746843106,97.31315103041601
98.36937530648818,98.33975985224191
99.16405670033775,99.1554242190824
99.5554964220407,99.53519003702482
98.37575162716236,98.36441852064354
97.25715067167916,97.19457843723123
102.5991956771009,102.58135988724482
96.39722803919112,96.34938101511537
98.08253121552596,98.0659231492661
98.4456088654691,98.42009036598438
96.12953858691976,96.11143592409773
96.99249597753507,96.97292891141271
98.47596370296873,98.45535533859547
100.00965361802659,100.00286795618784
101.42855458600263,101.4239630291526
98.52968656996887,98.49554585237878
97.85795978712986,97.8467986480467
96.15785583240928,96.10670570430452
96.33258451025591,96.26687271787547
95.8364196572757,95.80884737562332
96.86081415800301,96.83185218194323
97.32174824722955,97.30821970741361
100.29849517149336,100.29342702615233
98.55383733575745,98.51155419269844
96.70778951312215,96.68456216693455
97.5329312064926,97.48252585893722
96.48600730470507,96.47224152220525
99.79688940543556,99.78796555023749
100.42132930378135,100.41339519869295
101.89182355812596,101.88327051769313
98.76651635252603,98.74771131598042
98.89509111691673,98.89020988112779
99.49705199189208,99.49447924086668
102.01472577190921,102.00190572736429
97.27625839004949,97.25083827718599
98.21748134229496,98.16653194578903
95.94574601569643,95.83069638336283
99.35695360668892,99.34013052590234
99.28307358946837,99.27700047091388
99.5301229294932,99.52472805608076
100.30479246541545,100.3013034129337
97.36826580284463,97.36023246956164
98.70075918962829,98.67487538748308
96.99844135931075,96.95579334686255
97.331864942835,97.30372419341425
97.35946470086894,97.32740569115475
99.26947688183287,99.2419622725827
97.33981087742424,97.28953219661321
99.22547430847291,99.16589671307047
97.61017101130959,97.58414884774255
98.6549008087812,98.64253942035164
99.4065432088261,99.39969811325841
98.06047434449721,98.02588654308494
96.57551337477969,96.5518603055904
97.8534236622999,97.82998982716204
98.57270344893406,98.56470045656253
93.48893340981478,93.36739877504337
99.76993548200132,99.76457573511081
99.2028031642724,99.17477843263642
96.71818102158291,96.69435155657345
94.42602601684926,94.33950847780106
97.71410755090736,97.70748851234963
96.58842432170846,96.5620676350917
99.11364617818073,99.09161975847601
97.6810095610461,97.6611573025662
97.42970213889363,97.38997689160873
97.17697007029943,97.15931801110328
97.27529478556555,97.26265997580875
96.20810943719161,96.13784113438673
100.95838766203133,100.93502623397002
99.89477402557185,99.88947134906779
96.55049068479771,96.52150381640651
98.53367634214476,98.52871880269863
99.38289981357013,99.37041060108074
99.98162780888262,99.97942617593063
94.87217018480221,94.79342926618763
99.4619229002853,99.45302255388185
101.50912690288706,101.49775027372975
97.84961693337736,97.83567220061654
97.30464029314484,97.28469010465543
98.35670542313898,98.34907364447214
96.77732589786928,96.68683773853725
99.8590290428947,99.83445505081855
98.46968355669506,98.45337653767866
96.1095167076439,96.08253070106683
99.37404371440635,99.3462650823864
100.85046040684102,100.84600197973397
96.1625288754921,96.13121385469084
97.07444767289284,97.00867315628729
98.36775460813342,98.35300305368857
95.60600682557806,95.5405996944448
97.80229028238202,97.7864697774566
100.46555919786029,100.46155589857987
98.18757408806646,98.16266305643339
99.47702946262106,99.42879641094783
98.79206105378935,98.78199221498937
97.90524204523146,97.89087843873087
97.97975171012797,97.96161444989679
99.50982368898785,99.50188030755935
100.05379199623503,100.03091965139903
96.68984526718172,96.63843745191734
99.25158505785573,99.21999286463382
97.28691981560105,97.250826126966
98.44203539954543,98.43396946848235
97.87619431051763,97.86608345883259
98.73876851433943,98.72369932068455
99.99534356824583,99.98475184610523
102.0857283140113,102.07080882980048
97.82149612733794,97.80334543005517
99.28276790478135,99.27004318988216
99.9164204156146,99.90290772333726
98.25371057126762,98.24225653789638
95.0125881024119,94.95009673842702
94.91298231400123,94.87086372411721
98.493694443761,98.4633023879301
99.39700014972837,99.3874866856004
96.98559942311542,96.9479745647039
96.02889601519057,95.98274002351238
98.71129267344192,98.70257196518709
100.54237473370769,100.49822224613173
101.16945403024127,101.16642119529008
96.36946762528655,96.33912015872205
99.01586229555332,99.00407455156108
98.23301863266097,98.22287000733891
94.98753350140643,94.90582679906463
96.67529382844712,96.61580062570589
98.43935033835658,98.42682524508356
97.39358355655655,97.3874702712388
98.49380323017452,98.48282204801994
96.02540280768582,95.98091663026126
99.95383223628446,99.94811848279147
94.77491547816207,94.70923763211621
96.54760253127121,96.48933966026114
95.68533902660198,95.6295315621831
97.65282227758969,97.61626474122593
98.93204896206491,98.92541844300338
96.91934065008913,96.89943231405168
100.1545685724423,100.14459340095878
100.81494944129938,100.805610462488
97.66376682215437,97.61391444786226
95.51896152449665,95.48338592002139
99.2188814154663,99.20995763840874
96.1251062283301,96.10449205376268
97.699126576153,97.68676103108749
96.97347167527818,96.88620597363918
96.82421104627747,96.79461528104592
96.73026641826605,96.71036407855661
95.98173425986279,95.94435513164397
96.70438234729752,96.6907227979486
96.42441491458212,96.3594320349965
97.59801907958366,97.58402353033794
99.04371554423,99.03701914924807
97.19084232333579,97.18399782029564
97.96202188479994,97.92517452044738
96.43225114756704,96.39848973826396
98.95992328092233,98.94757941404912
96.9323609652463,96.89991456414803
95.6132434838913,95.54667756741203
101.33066411477239,101.32257440923777
98.95075605603125,98.9413782215553
99.67282544049347,99.6550030727327
96.8034048780592,96.75533326702664
99.76786706835925,99.76377217047431
98.8541653034991,98.83913609649312
94.80448418446692,94.69630647779952
97.99225407963654,97.98157351934945
95.59905143394859,95.5563256512629
98.73770040368771,98.71386657401871
99.40188291112528,99.39641879813746
96.67500223141349,96.6539865235835
97.04425480757597,97.00788761125544
98.25482975636751,98.2323515382448
98.75259791638588,98.74870949959026
96.79714338644813,96.77670704475818
99.29341811386304,99.28645947873713
98.3054038081441,98.29417923445567
101.23137891235679,101.22297995396742
103.43717066558533,103.40491103380128
99.4243078030356,99.4164615424559
99.561581209335,99.55508050034047
99.02947914683291,98.99984233804594
97.26828724241693,97.26406457315561
98.72222922274547,98.71009222209331
96.92982282331116,96.87648865903161
96.290007593888,96.2635879626071
99.3447090377649,99.33609803502385
96.31929095594154,96.28786088952968
98.43942965031114,98.42486465206014
99.24812516297936,99.2345844946586
100.02033775313149,100.01502130879079
96.85010587635571,96.80737782502604
94.73311674081572,94.6740579225243
98.83901254372438,98.81861970520892
96.06057970290976,95.99313488248892
96.65472661102271,96.64203519143656
99.4403886811248,99.43393232462728
97.78152101708852,97.73573325341646
96.96068668981921,96.94228429363811
99.02608308419354,99.0233447573367
99.35498668928982,99.3479082955044
96.32471210623527,96.29304253841094
97.5324432677121,97.5022160969199
101.84800744721758,101.82575536756588
95.14866926820844,95.06515165340583
97.71877657389587,97.69494196947578
97.9977259069945,97.9794221855908
96.99905724641272,96.95273971226281
96.70873972195949,96.65916595761617
99.02588581760894,99.0203167447989
97.70169533560934,97.68137137000804
96.93725814344245,96.90806613785468
99.08881526056685,99.06189569481965
98.11495104090696,98.08929067758402
99.03558139688819,99.02877929430369
98.3976160507682,98.39460487144883
98.91055181038084,98.90564337408479
97.90367651743871,97.89369320629551
95.82187280314533,95.77870147108351
96.19077902344979,96.13926049077033
99.42406425520792,99.40976381703747
97.78044472700999,97.76179801155669
100.45677971077416,100.44779031757068
97.45663603096521,97.44388871752942
97.40495694128745,97.3838969227374
96.79387876253669,96.71269722927313
95.8425825681081,95.77986824745616
97.01816992139575,96.969311852315
99.63037660111087,99.62486491030592
99.68274396703328,99.67180348084496
99.49789371829182,99.48805681540395
100.3606427486122,100.35511542410777
96.5962478830452,96.55210512861726
99.46612766922784,99.45771745187201
99.73895833158653,99.72426757260492
100.9290645231693,100.92442109778938
97.94283495671314,97.88734732194511
95.77336593111153,95.7316804996109
98.9429752393554,98.92999398334712
99.34058700021193,99.3210633512967
97.77037127200649,97.75936108275721
99.26450024260176,99.2589039875907
98.88942476602473,98.88615093870344
100.28492199474294,100.27768757487512
96.8027005057796,96.77032776301212
95.27756632237971,95.23697698673436
97.60441726201232,97.57577274230009
100.14313273373227,100.12755704981342
98.55003331457016,98.52388463329825
99.59577088507349,99.59199806616415
98.78846028911553,98.76354604353597
95.47670765192106,95.43409653898084
98.49033427238196,98.46124697194485
98.00956659884964,98.00309996982864
98.62922577001218,98.61531164168785
100.16405072727224,100.15389212991012
97.42361301156723,97.37869107694986
97.64065637827973,97.61956197725316
97.09904275642769,97.06892836187124
98.4349855131864,98.41838323232547
99.9352755191946,99.92263450362401
96.52644820159503,96.46576604211998
100.23261829787245,100.21146515056842
96.01910177888212,95.96680316294254
96.49587626489736,96.46223731282318
98.87985391606693,98.84180538177942
99.63195040142571,99.61599025998761
98.10486281397354,98.09841992171006
98.09922684862002,98.07402781864852
98.71939309147629,98.70164689966869
98.22579672856642,98.21045072099233
97.00928252687518,96.99719335370244
98.20439682916634,98.1828688831928
99.14906458117737,99.12424691864486
97.49003162205173,97.44825958315246
99.33853957362899,99.33250425615175
99.69450671726426,99.67741341708138
98.50808758479843,98.49752066751944
94.8118666566031,94.76714941744672
99.17820362414619,99.15822187410774
96.07463543298502,96.03501798291408
99.8284898341845,99.80845999142842
98.97701326002544,98.96422718963215
98.04252442824047,98.00214634749075
102.69494893838346,102.67761454418059
98.21757317525817,98.21104293618247
100.97201119842157,100.96467189775078
100.57979926691034,100.57079961074395
96.5758908473214,96.49115106266173
95.85182440634058,95.7985309394489
96.21423979699439,96.17374156532567
95.59005570482402,95.499724434105
96.40929549964369,96.37092448971634
98.74197416592025,98.69216509161825
100.15948872861526,100.14785979264245
94.64435298840851,94.54096995304035
97.93409204169856,97.91550925502713
98.31361721355842,98.27935732683737
97.77673012419031,97.76497572609317
96.82846658341424,96.78340933509085
94.77314945971634,94.72055841428318
99.50084096235139,99.47934044017171
96.9380381903192,96.90686698369625
96.33859072622441,96.25764015366383
93.65953949535132,93.5890299301791
99.20103079886522,99.17804189696575
98.83296017274189,98.8250984804155
100.0711698902387,100.04761967217556
96.52709704729911,96.47558597780144
99.71609833456536,99.71101507365391
100.02755114894062,100.01973755691766
97.9558356662579,97.94019621715927
94.86886224428326,94.81263333209749
97.11827594836883,97.08839569092329
94.64677279329685,94.5534971108233
101.72018128892724,101.70652006779905
97.12763728989786,97.10496448426096
97.5907977303506,97.58000413023906
98.85046694217637,98.84145365012508
101.53560915946693,101.52469752028898
95.59141723662933,95.51589397196635
96.73155341523325,96.66452485731084
96.79149511677966,96.75778189967917
97.51330388246166,97.47331280176643
96.81361542438675,96.78998029303779
99.46949476532559,99.46025419029299
99.6857110586163,99.66307207831798
99.6352618773547,99.62953429697917
96.66558239655829,96.62004174098912
95.79160497567706,95.75948208687784
94.13157793133192,94.04920095456056
98.04943147482909,98.04165777600399
95.80268304425148,95.74052480071708
98.97280291775616,98.93544023881573
97.64124892881424,97.63196344369781
95.62781917258837,95.5605005038541
101.37067039641046,101.36322783639999
98.80784387641937,98.79082941736851
99.11498555133318,99.10760629762379
96.78729137930955,96.76229688970386
99.83287869705104,99.82693768662722
98.45148293705044,98.41756218516136
98.7509275583313,98.74571008356271
100.02509189522641,100.0076879829868
97.9171300313306,97.90574704478597
100.43442357802464,100.41319976141065
96.83898154298639,96.7918243839484
96.96838175162698,96.92241922274879
99.18236409076327,99.17494599878759
99.30630434153665,99.30432315006026
97.06133115628344,97.02264682287527
97.73821262454682,97.71803476573716
97.0946546112495,97.04243322969937
97.79876810009753,97.76617134831632
96.87040646603481,96.82968630264968
97.79978448958651,97.7795686364885
99.17980388871091,99.16210799741906
98.29485866855525,98.25535126699026
99.49651572099013,99.48649392068232
96.04826750814314,96.01365079125583
102.82827266389425,102.81844741690472
98.41553544239558,98.38226269419879
98.02234976238717,98.00751840013828
100.47728951385936,100.47042438731864
97.31730265939868,97.29176533402352
97.82603288519911,97.80168761355608
95.59185853337542,95.4614855351562
94.45004771270736,94.39430676378545
100.01912803306337,100.01498053953851
97.17555956190299,97.1329129652644
97.43197875355503,97.3735495722747
97.89711071582248,97.89031474983733
97.71856808165666,97.67385732851736
94.26212666925738,94.20477076855595
98.68493330541344,98.66475664289096
95.6417105534209,95.573824714672
99.72828723014035,99.71868766781677
98.72441538974293,98.69232704319249
98.25055873403086,98.24475013927979
99.9470971000263,99.93135348051683
98.24942495388497,98.24197417052872
99.80205104757914,99.79854914391021
97.97580984198703,97.94900528857865
101.46642740622895,101.45842623881133
99.9287244662754,99.92625914018826
98.2127197413568,98.18388227282172
97.41435647551849,97.40349923118198
97.64134199672202,97.62084922122229
97.00785725732656,96.9070853014947
98.16911172813708,98.14101294907398
97.51301528359554,97.49415755953683
96.14746244408043,96.0583905982182
96.52005031588195,96.4917712060761
96.97835711204209,96.94200464204857
97.91686550924781,97.90787915322238
95.70358259441002,95.65673620803604
98.84941178748267,98.84127850298448
94.63937420627899,94.57880898491368
95.07716420049366,95.03858763128518
96.17945158336285,96.14325825319841
99.74289721880274,99.72874311409485
97.71752872668229,97.69793686490642
96.01245186194285,95.94105658548467
96.63929374128256,96.5239134287135
98.72168283464335,98.71465952290713
98.01677693473162,97.99979600860802
97.9499233810654,97.94271903309935
98.16966630977517,98.14854970928754
99.11020342175603,99.0656419334428
96.80201002384464,96.79167628794559
97.05291152908221,97.00778245939824
97.45123241286058,97.43256380958279
99.5887617770764,99.58603432143128
98.51006270771,98.48881226924048
97.74627032939192,97.73678574873928
98.72975979253596,98.7143457445039
95.71568618495695,95.66544847229679
99.29340888644415,99.28724228748322
101.31880575298801,101.31138654028439
94.74798261001084,94.68851274568364
98.32216957214163,98.30329469508928
99.6257963320871,99.62163558395417
98.58190851963123,98.57128533210252
101.72759297124529,101.71523269242188
99.77398098890762,99.76836652679965
99.79308313653475,99.77087554418061
97.02706615250975,97.0026316080961
98.01085362337446,97.98629230934945
97.7821769487602,97.7426998687169
96.50374895352452,96.45124159434516
96.57125893879893,96.49815917548426
97.54983136153449,97.51643424441359
98.64050735935314,98.61125536220051
93.28098595920099,93.1960766200652
97.97902914063725,97.95051185604268
96.47763114276883,96.45138135599228
101.11476993285665,101.0951933259402
96.57313337538918,96.53600167811484
95.5565682485759,95.5060761641289
100.4144011165561,100.38852420652846
98.272675334188,98.26651729631911
96.55820022814034,96.53758906839707
98.68049787705368,98.66630389824033
95.53762284229951,95.45577583237919
99.1084922635876,99.07987449577327
98.42515186256352,98.4203932308028
100.26827865152542,100.25050225825036
96.8806679261394,96.85194753199713
95.9119618954758,95.86635606639449
95.73740347730158,95.63387221598916
96.589661815669,96.55072206716868
98.57020046093734,98.5669434238369
99.48766951602965,99.4692712089048
98.13349425829158,98.10595694224081
98.51328624618411,98.48083820773513
99.55809369587463,99.54667295825334
97.2795708600792,97.2647521313629
100.2760121713799,100.2626325760085
97.7584486375171,97.72543454618848
95.98925873580465,95.97033168460449
96.23217075052102,96.1846297924623
99.78370484648691,99.7535245720263
97.73065847023754,97.71818574147966
96.28087339956727,96.26165141089827
97.26038008987983,97.24733300793866
96.22947162001972,96.21284896887785
97.55157135838273,97.52463562557847
99.58481360915408,99.57918319934346
96.37475046929092,96.31443220652255
95.89475481241105,95.85768816517634
98.53971873538254,98.5336165750459
94.4070154545625,94.32383679719919
97.56525690558321,97.5436380556271
96.89960997596249,96.84329527127089
98.77882612923679,98.72469327922819
99.12695011644051,99.1161940368953
99.0811269698012,99.07808780407612
98.17075175695325,98.15968396183382
100.01965861829972,100.01686140841844
97.69282772481164,97.67980550805241
98.2577489761207,98.20328976592107
101.35097922220407,101.34311888315773
100.38869767204628,100.38357344675967
95.881615919071,95.85471412369449
96.31582860335409,96.27848942219485
101.20342526560052,101.17043549924796
96.5338574993399,96.49445133420623
101.04032689132218,101.01758094745013
98.9751337313871,98.96855564976377
94.79080782203717,94.70814420685187
100.64930626086583,100.64373453588767
96.7810881798797,96.702435624055
97.26564964959294,97.23594692729576
94.884271596433,94.8474677148355
97.93005830010335,97.9187680381579
96.39786874280662,96.37336692984321
99.9265446236802,99.91628752487944
97.28124075996537,97.26954694436597
96.3864445664962,96.29464473015692
98.47099330903515,98.46844266957928
98.03062423815607,98.01003971069039
97.94089292485528,97.93203214702453
98.56794330485813,98.49222019348198
97.85725240423278,97.81148950637504
100.89574423795017,100.88763753860837
94.89571001633325,94.83777852994076
99.3784380937209,99.36804921998643
94.4993362906324,94.426016930204
96.32487728539574,96.29597619242452
100.37165010885586,100.36211286753962
98.15450039637852,98.07567132369128
97.67311933180454,97.65868318402454
99.60660812409023,99.60297448560875
98.79255200431902,98.76326527223674
96.11151211142959,96.08886455162065
96.74563329328547,96.69917035616439
98.4475195763811,98.43959347490049
97.55077788891272,97.53651388898598
99.81773338134627,99.81311677822183
96.30397598083457,96.25092436027097
99.33959360621694,99.32501117237034
101.98107203032897,101.96391096887972
96.81296617413157,96.78926152617551
97.83140692232824,97.8206272472989
98.37367259854739,98.36928198499731
97.68622608002826,97.67564893806654
98.44934409245157,98.41123405086
98.70717482581253,98.62901031675273
100.03057636676702,100.01103152398504
96.90412237887688,96.82354275897005
98.34218024049878,98.31163802441775
99.18609924642429,99.16111826722488
97.95660234696254,97.95218454582754
97.69714822713696,97.67713955409869
99.46368673719579,99.44677899998517
97.23263353673123,97.19411458980262
97.75828492150998,97.73054400458021
97.46840115705702,97.44450633452237
97.04772442658857,97.03135495264526
97.29987302263615,97.2855298230776
96.59294115424169,96.51242178806058
98.21132819252006,98.20483041412727
97.54196529173991,97.53495695190777
98.84395549605622,98.83986684435926
97.40040846373435,97.39538331358288
96.31558223776469,96.25502634185013
98.79403546415695,98.74188451111168
99.03154258130398,99.02032166187402
98.2145563462296,98.20286233007396
98.11064305259887,98.04932605704448
99.3967662292327,99.37447599759957
96.23263589888204,96.14088491073512
96.67388149145874,96.6533874792571
97.9800412986179,97.91831298448885
101.21156328957693,101.1985125386024
95.23494583645508,95.19712034418099
96.88271727626125,96.81372259164871
99.36258596062648,99.35265480187998
96.97973379701563,96.96012007870326
95.56763556766404,95.52009943034038
100.73528649703009,100.72849625653281
96.71798201790936,96.69858822179685
95.84896097692271,95.81891168836441
98.22319583351218,98.21188100380272
97.10526708206709,97.0872155382045
96.877092540992,96.8352380970553
96.29697858229827,96.2580247615103
100.05660507642415,100.03798527095843
99.3177506006658,99.3079204563346
98.35264651921918,98.3447905238137
98.37040364910668,98.35559511522771
98.72919648690126,98.70790456742394
96.80986160041961,96.77518527489413
96.73702431302846,96.68168233749884
97.5664726806903,97.54898460412979
98.24727007504147,98.2314339153904
94.98267095103076,94.90282186162028
99.02150993301868,98.99517596105595
100.10113478691714,100.09584470533571
99.50572203988031,99.49748751971157
98.28740248105709,98.2454015544296
98.63543616169372,98.62474173163731
95.9913601028233,95.94784525043266
96.63045974099101,96.61261918650611
97.01839183526461,96.99753771216058
99.78151194362778,99.76826257648128
97.42306761740694,97.40863953833889
96.60976819920779,96.53010456720355
98.83456839439884,98.81764919429968
97.4225920387145,97.41173808010497
97.17738152796511,97.16248291845929
98.04217875861009,98.02480063339769
100.18083437948516,100.17108016936876
94.67329310302533,94.63998805554914
96.42333835375665,96.36638062861411
98.84132616319745,98.83133792155236
97.70536965373172,97.65684948451911
97.65363432268394,97.6280137413693
97.70455769536585,97.65451627887214
100.88427647978708,100.87331431727254
99.6131860811022,99.60264001059345
99.68160786271191,99.67200340511485
100.64235612766014,100.63879595350174
99.58872794884157,99.55486169724674
96.54964988297117,96.49109115157661
101.35739003625169,101.35017070595482
100.30861961204373,100.30355739378406
99.35659999075726,99.33106805666922
97.6129067949603,97.59010731268027
97.94009848966706,97.91547311973135
92.8318692462498,92.60358549822121
98.44495161519812,98.4359320925382
98.87376588370124,98.86332725146814
98.71179407566444,98.69329177535195
95.77874409580761,95.67534241385296
97.44872524805838,97.43159794191698
97.46500699462587,97.44803188733252
97.22317292376499,97.20266213125244
100.17045422001104,100.16513326017012
100.22959923169286,100.20302545267037
98.73315762602878,98.71473007533368
101.05380506978501,101.04225434506031
98.54719354060542,98.48047647513751
97.3402831701789,97.28037267862588
99.98924163272073,99.98575866322547
99.93529506058738,99.92951612160802
97.57160498573698,97.51079636206289
99.02548140788785,99.00019592240608
98.91366256649937,98.90864809404691
99.00489525922748,98.99757581816012
96.62407542947217,96.5952788235948
98.27862317585033,98.25384702209463
99.00335805216788,98.99093921429704
99.1550295636468,99.14661222174465
96.52051480490393,96.51515485743641
98.60574572391441,98.59031306831712
97.51940438212173,97.51022527825089
96.48643260494786,96.39468072221865
100.58867702846563,100.58361142141436
95.83381847330966,95.78283634929525
101.63199963591504,101.6017112362017
97.10969192726483,97.04816279896004
98.45416093299784,98.44000937418552
95.13840106335661,95.08548450003731
98.25668029700252,98.24214041458612
99.78784538652957,99.7833629157772
95.31473918192184,95.28275904126842
96.70701544875686,96.6883849683734
100.88949897885782,100.86961867639725
96.37625111215351,96.31169819426303
96.55872111918892,96.50770324757438
95.61740476784533,95.58144681435517
100.69033165192916,100.67524335933041
98.40217211084727,98.35833043675527
93.16111554428835,93.0239444251714
99.6767911379128,99.67219024985627
99.11346234205324,99.10948784811848
93.49450169928859,93.36292669894627
97.49834004485916,97.48091545307159
96.23936726644057,96.18523000715382
97.80942473657257,97.79268833709193
99.24996974699552,99.23822872489502
99.01537005099603,98.9958432525998
98.15862944886834,98.15256519398903
98.18453339682351,98.16457762460475
96.55231176470177,96.51337146904605
97.23774836813068,97.19544508169218
98.83766606061839,98.8223091687076
97.81645205862591,97.7681396264546
101.94223773314374,101.93076446195157
99.1835500756059,99.17168913922289
96.83737744549698,96.81217204689901
94.79406710498573,94.70387669980117
99.73129261315816,99.71591642113762
99.75003390859112,99.73806946886258
98.56907148207146,98.56162768126377
100.52094592695985,100.49900406531232
98.04275592990064,98.0336240825161
98.3198785603858,98.31022412604155
100.6969027340404,100.6890527121376
98.1038216704653,98.09692924492913
98.00407601723849,97.98304812699587
96.08162056613314,96.03466283576749
99.34913859280582,99.3440111491044
99.79595601161718,99.78552749282086
97.55798056207155,97.49747294078146
101.04609378209885,101.03637597970767
96.91333323448077,96.89725325548741
98.71287749735001,98.67838223257505
95.90341015376265,95.8457176092671
96.15397423797121,96.13910803634911
97.32520058464877,97.30466267685843
99.39811035304626,99.35527039813131
97.79295057294023,97.76433850373397
98.48524986508866,98.47649946430097
98.80283036327883,98.79853452852988
97.33342842399973,97.32420300264063
97.4883162734066,97.48276530635836
99.64131804281573,99.62908107327627
96.61703378930872,96.56699110969896
99.24704283774302,99.22993184300636
98.15027117981808,98.12253606753873
98.04915163020426,98.0068660779959
95.3883220386774,95.27868715590745
93.07846741637015,92.93537668695791
100.0170632301211,100.01091800096509
99.61033500598775,99.60422260498295
98.86710039062733,98.85538973902872
98.94282201733597,98.93049558300443
98.28349892378083,98.27706550769973
97.40220031767787,97.39795320812776
97.96858745483439,97.93158384068639
102.08268527370025,102.07079564233908
95.29154624731336,95.23645042294758
98.99295901599744,98.93305251760344
97.4057854412261,97.39733514107859
95.50135735952236,95.42901597809836
98.11072964117908,98.08467007534075
96.6313511379906,96.61227625834586
98.2207306910246,98.17163751657552
96.41824086374646,96.36513498993216
98.32620998445299,98.31096205433418
97.08848682679525,97.07600115394061
103.68906465445302,103.64580182129168
99.95847433796064,99.93775977871675
95.47871720700381,95.41130681547905
96.86703000172663,96.81192956943399
99.11167627138838,99.09205361883711
98.4826914665009,98.47688288110841
99.68716688809127,99.67776748241624
99.4375642180886,99.42920776200489
96.76150032347385,96.71038167093008
97.83109575928285,97.82416006586523
97.71351827212577,97.66552533681674
96.4684294188327,96.38474446568918
98.91965214385577,98.91277482636791
102.40601633902159,102.39566777448995
99.22426755804578,99.2124522767166
102.03381441419822,102.02731030363182
99.68055051523845,99.66430637387496
99.86570319790599,99.85860900445829
97.36903138300534,97.34993174254318
97.50681844029108,97.4797222277572
100.65987870584519,100.65650612598095
97.1323201292044,97.040997964135
96.55736132053204,96.53729143785147
98.66738692116972,98.65780273770783
98.0290611463614,98.01912970570461
100.64474539690517,100.63001805205721
93.56951814756769,93.48261197297504
96.17758816276266,96.14360558217342
93.49071125180882,93.37677942729866
99.58009711779721,99.5468149538653
99.35838978186746,99.35403416388301
98.81127200238662,98.79397558030573
97.16981858750538,97.1441577349241
98.4379369648972,98.42122931289856
99.73287622332471,99.72962710443932
99.35021606388858,99.34757110391223
95.41257447250344,95.34955515399544
97.86392760919932,97.81436504657322
101.09141896607777,101.0875668606814
96.81441220314738,96.75134001010916
98.15047536938292,98.07748455448917
99.25697108567681,99.2331747662632
99.81968712232751,99.81356682691433
94.98674850056582,94.92541557777338
98.0147862145053,98.00136612859602
97.10616613710472,97.05312297880091
101.81067823535594,101.8047356791054
99.7708930354301,99.76130723219578
99.73541811809771,99.70878366396138
97.75181149242657,97.7395495619699
99.22093565635387,99.2033494531609
98.19278524345718,98.18887721828052
100.10856657756607,100.09090494729166
99.77126735760714,99.76282395086018
100.05449514996695,100.05001441981962
97.62137490236566,97.60490953521929
96.49560992930505,96.45930812526151
98.10810169032646,98.08139712479523
101.86085173788548,101.85234821889036
96.74012859080051,96.70674938168332
98.8041194618781,98.78543608821127
95.66178765993016,95.62212194980518
96.79297010083344,96.77747264324901
96.57919018740044,96.55225851628379
99.96618723178523,99.95897943350877
99.05318656113664,99.0461331980813
97.90840508118448,97.86121370162908
94.64099367311975,94.56949718704932
101.0841340465231,101.0720712708524
98.80188230170816,98.79308624651468
95.17753740414389,95.06904705272764
98.79443189790513,98.78624908029089
97.17064127319235,97.14736111684395
95.58365751273264,95.53929508697485
98.58869031766567,98.5224254745223
98.34650396468683,98.3359310733277
95.10930831284719,95.03225198715086
92.17679493017705,91.97477253169156
96.74353396445,96.72408602113327
98.2631139507205,98.23698330617954
99.09546491931947,99.08212387145507
96.34116117592934,96.29269628798218
100.19389783685878,100.18173305496063
97.17163685875038,97.10801076087505
100.18096614198828,100.17704902480685
98.14469667062265,98.07557515285772
97.61520917374627,97.59121971236775
98.34323567570806,98.33388962128548
97.8877723440049,97.8684338852324
96.09042221411114,96.00048717958353
97.04609944907662,97.02402345490165
98.87564214144922,98.86550035204867
98.67701900124672,98.66741272432972
99.35515578685319,99.3497499099745
97.10042988984243,97.0356681757026
97.12503994775159,97.06973761097402
96.73551681825076,96.68611093341212
96.4866004709338,96.46096750341152
100.49667846620663,100.49289926294341
98.03462958714186,98.02550947226997
94.9280006519772,94.85446332590091
100.19608543040749,100.18623518397114
98.26256022946914,98.25662195993264
94.0230909772828,93.96080573564655
97.71639174022486,97.66151116831068
96.75682983496279,96.72515663475177
97.86821885296155,97.86148503717136
98.47297956059104,98.46189711408286
97.37492048291095,97.27101732168333
95.4219045733155,95.35165989816905
100.15301559992986,100.14051159336258
99.82547726319615,99.82251873501015
96.96918120821549,96.96004949774314
102.76064372575358,102.73619648678834
97.57274418279428,97.54549154954218
99.60951140239598,99.59096342646347
100.26428458057093,100.25652994667226
98.5887571473187,98.58316795333353
96.4184930161321,96.38912152971942
97.42680877687218,97.42239333892752
97.77735487759291,97.75712716820276
96.3777637781197,96.31945682331033
100.39875467525266,100.38047329702283
97.92953333261741,97.91860999022596
98.68786576888753,98.68377479402078
97.07125812662382,97.04423644789641
93.69017822738532,93.6018779178424
98.77759384334931,98.75150668911755
98.62106769658695,98.60799455059924
101.902229481229,101.898277370175
97.72795223429299,97.70900487100421
95.63489608934117,95.55146078154294
98.89897408218161,98.89444325870618
96.35878389490263,96.28637575113348
96.99938742068832,96.93075966105195
98.98322582510123,98.95363839650297
95.51564315229376,95.48203766614554
98.60519691687959,98.59868603507374
97.05388534894313,97.0336967108229
100.9251591585469,100.91650122007984
95.84846723583587,95.82873609658921
98.47573628803481,98.4702116744341
100.1958083919208,100.1788576274944
99.11734355935023,99.10458853179243
100.01866220664085,99.99306617286685
98.18816601265607,98.18127797391918
98.70728213871655,98.69548170418577
96.44108491538134,96.39479123913561
96.46023104796699,96.43643540128113
100.40330290852735,100.39767219417217
100.76347037573403,100.75733886454873
97.56764562366847,97.53941811281322
99.18643853249995,99.1654663938448
98.33566736648116,98.32305531070753
101.24765531007944,101.23643603976805
99.43125472630454,99.42784185404885
98.91380463709042,98.90165742871187
98.423935118658,98.4047847537632
99.70622550356744,99.68540915142671
94.38553948932538,94.31366041405862
97.24919948372097,97.22311312155372
96.97075596719723,96.93183323916091
101.78741629010284,101.77799484546102
100.24136472902683,100.22159284153301
96.7061440469712,96.65442518707424
97.0884981762399,97.01860535380494
96.88397334920928,96.84978201369867
95.22963505210134,95.16303864253062
95.99518794890064,95.96206951527907
98.38024178926302,98.36204143900358
93.54169886047393,93.41250949078201
99.36521986075034,99.3322279989671
97.87436002488553,97.83807911883687
96.67598701045446,96.65482973239176
98.4047080340587,98.3459101612297
96.91000512230106,96.89614412205364
99.07538604536147,99.0370851057615
96.54542759710141,96.50072766505593
98.14270225227125,98.11534832087047
97.77561562839259,97.75027855240643
97.66537690679694,97.650768075595
101.28025027443846,101.27784510135604
97.44378707230234,97.41352809613622
97.3737123665488,97.35177998469337
99.36981985978258,99.34991001823562
96.55176259664839,96.50105995922438
98.75679708377038,98.74039354529427
99.03580411473956,99.02528880432678
98.37814440313892,98.37061230039268
97.1738029634122,97.16038291320248
100.48398344881959,100.46178635221372
97.709812525237,97.66056742013842
96.21690141238174,96.20392163319346
95.47420765831686,95.39077507624968
97.91994387222219,97.85470135527665
96.67265049881102,96.64045231527892
98.81913307528065,98.80539438254533
96.61209423852465,96.59710220111931
102.09363518818004,102.06645771234922
98.16904922142737,98.1565782669149
98.65622185853077,98.61459152887686
101.58555265268366,101.56922259561374
98.3772766737504,98.34134507230738
95.84039285857143,95.7923548603557
97.24902914713786,97.2385585620823
97.25262126126282,97.23936801652847
94.52724418947922,94.49820882918463
98.70179371380065,98.69463862231586
96.05267733035126,96.00602877068567
98.04113522423286,98.03590173544758
97.89160432106006,97.85600000859752
99.39451449516606,99.38911018041179
98.81601986888155,98.80917945682934
99.09900880519173,99.07598919359957
96.32718101390562,96.27375157766335
97.6096503063439,97.58737762137423
97.44278395117473,97.40528726435082
99.05708935195638,99.04813857295255
99.34663005301391,99.34081547014469
98.01627593009809,97.98958501795894
97.17858392041937,97.1157927777572
96.19932562439939,96.15062854382292
98.86656215098745,98.86214881263368
97.51281866061237,97.50201150142951
98.26879302016596,98.26365404841425
99.17050311029512,99.1654917250824
100.3563419685598,100.34387210382071
97.34386268307563,97.30807301405727
100.77820972288988,100.7751938579887
99.3698221257221,99.35071474634918
97.12090107567617,97.09123210643652
98.00130018046643,97.98693626821989
100.69456129589317,100.67804167874223
99.16732525087227,99.15062465278113
99.29861793631271,99.28689506399449
97.49558028198604,97.4886359918019
101.10300217359,101.09639662254295
100.03491813145384,100.0283659417446
97.21648534848187,97.21057229439836
98.70563345853918,98.69509690608757
96.18012857360009,96.14637950406096
100.42871200018232,100.41702677453941
98.28889737717618,98.28210225558001
95.88823123071093,95.86018362937794
98.7750404535648,98.75725041878357
100.0696914460811,100.06426851055848
100.42544145089401,100.3979727425695
97.40546682715214,97.37986878126777
96.60350208303184,96.54255712444633
102.07461620290599,102.06555418464548
99.91013086655563,99.90682172662169
103.1079904364685,103.09060981340339
99.78921380633521,99.76521675292979
99.63109160606571,99.62734887293932
96.29634311215366,96.28414071093138
96.66485272146271,96.62294361672679
95.00011538216305,94.94826297462416
97.95847782080901,97.92992338492502
98.13706922404423,98.12215183871692
96.58963322333136,96.57145654172706
99.83026545585275,99.82199493030545
98.12083001353814,98.11428921891422
99.54906765370569,99.53849613398741
97.97186437343912,97.9568230936252
97.99654697112393,97.98401789697395
97.01877807586274,96.99057032070628
100.11991036506697,100.08969704805297
100.61407900609282,100.60984477704379
100.09073784214772,100.07238807980619
98.2821074890806,98.27635438036259
99.58090015309041,99.57615706734947
97.81802624627048,97.79500609855249
102.41385720992326,102.3973635526949
100.22795219976712,100.22572324925676
97.06477795470529,97.0338033400485
101.77826150151417,101.77311120913767
97.43827173403726,97.42864511132132
98.29755470722384,98.29406043707465
95.72017628923317,95.65817871722166
98.32362767166387,98.3159514217694
99.30176412585793,99.28218897550224
99.5771885954756,99.574484049982
100.16840995185831,100.15568724671208
97.11473179764269,97.05813390842597
97.00410993250111,96.98983828641028
97.46931955714966,97.44051771736395
99.08734154844363,99.07527215913613
100.97423525801449,100.95867505402089
97.91133539779022,97.88466532922662
97.72314667831915,97.62866962666592
97.54917028910772,97.53680747191547
95.62780499446997,95.55494776054219
98.63179687916372,98.62457088530708
99.47597522043708,99.46034018012111
98.81659302164586,98.76836128030305
100.2720113448329,100.26813337133737
101.32023876841714,101.3154910362649
101.04952732078534,101.03130562977428
97.345833906621,97.32743415510994
94.88807211420998,94.81471867016752
97.1172036252848,97.08281292456113
98.60691712954751,98.60078684593273
97.77141256148339,97.7160963339429
97.62679790043505,97.61581828227327
99.08225121520152,99.05107179464603
100.76306309621324,100.75523947913436
94.65665455452974,94.57613081005609
99.61644827897598,99.5989469284004
99.57376001778786,99.56175803208339
98.81190932321645,98.8090395397273
100.96448244740715,100.95234360610198
100.39160275328612,100.38781576204917
97.43659044737322,97.42374714935816
99.56501690432337,99.55912500845982
98.24401400811418,98.2386031759733
97.4693917499882,97.43843228022774
99.11727593116584,99.09950993135105
99.23496330571224,99.22384835185424
97.22217043520385,97.20809884255851
97.33802916872123,97.32550997945184
97.8844511553254,97.86717844586401
99.51740558155052,99.5135707550878
95.52656949554321,95.48010726492102
100.9484065899927,100.94291771278769
97.97922062969583,97.96822948189798
92.33449286984302,92.10262016371742
99.54133761564624,99.52689224021495
97.88525902450061,97.87150864179503
98.04306537491556,98.01000238179704
98.73888867590294,98.71479708904333
100.8514732479057,100.84203562408894
96.3960474875631,96.37856529506097
96.45329627742153,96.42699239997727
99.80643844335248,99.77900138425542
98.20336006174007,98.19450917603649
101.46397338556699,101.45459141802404
96.6024346048788,96.57610479997271
96.41952609729978,96.38148443265885
97.45870846787005,97.4325667764723
97.43742452401649,97.4251123915595
98.44519952853575,98.44256510562683
98.18425778571367,98.14547951179875
97.04932769235003,96.98826533902196
97.70188577226807,97.63940303653433
98.65804525712863,98.65463361740152
93.36358091557906,93.2502219745246
97.49009730335003,97.48151310269495
98.55022642793789,98.53035433042677
96.99694916148957,96.98937315518556
98.22918612535508,98.21888343686574
100.09148183118725,100.08566498451576
96.94073042104678,96.92111082931977
98.48141933911724,98.47382711292916
98.94844896903838,98.93917760639948
94.77920960737299,94.65217160722229
96.40223135084922,96.36777429933878
101.10697525302527,101.10144646273632
99.69072627672028,99.67217770472148
98.63336678653415,98.62565500452388
96.81690775447936,96.79175879228771
96.80931838622234,96.7856362005509
99.1985228092847,99.18324181249687
97.83922604853123,97.82905886564316
100.17403005083067,100.16907586534656
96.03970885144078,95.9992387407209
99.35004844219016,99.34221109691161
98.88458253477346,98.87901743621346
98.18606747248987,98.17597375513478
95.983590839712,95.94479603434631
94.97937829013519,94.89463838262567
104.08405860828184,104.06090309845314
97.7681819837273,97.71898565434327
96.77558190226151,96.74628472477113
96.44675902135027,96.4216229581911
99.98247722065364,99.97824959177612
98.27427717262162,98.26261067118637
97.15304544076774,97.1266792083152
95.99674442925556,95.91805975229131
99.06462391399187,99.0474696270332
94.98100448208469,94.92773483867025
95.48036029430352,95.41057080053181
98.30185730779868,98.2940963310235
97.09087205042202,97.03175538628129
100.71526543747353,100.69652462983778
96.88218595484562,96.8656371113078
102.7889864398518,102.77004953986663
101.14040705959874,101.13340623748361
98.97218441298375,98.96348762013899
95.55102505661324,95.49030334071517
96.7684164157884,96.73557450846113
99.1920768353724,99.18057278361655
96.14974822602443,96.12186726682378
100.74208747112634,100.72982162216186
97.65992079607432,97.64752453818056
100.25953462396228,100.25199147679618
98.7093442539677,98.7022613442338
100.5565270499254,100.55155900593992
95.50868709101273,95.44517745745947
97.95380448713551,97.94346409046247
96.96140937462756,96.92530390549706
97.30001565479206,97.26833081529827
97.98705304981199,97.97877576167542
97.505195962773,97.44515428741718
97.86278588809117,97.78169788749751
99.52503441593605,99.50629387184823
96.4615429800524,96.41886991574177
95.9537817678942,95.89777183586614
96.96424031072152,96.94375599152252
99.48888758755865,99.48270883617116
99.74572021387036,99.70287995443329
98.85276053775944,98.84180902150742
97.90268507466578,97.89129709405924
99.10804891340943,99.07417305454328
96.16780556177396,96.10928278947318
98.63190616939939,98.62293778615417
96.60105955805325,96.57194773132359
98.73389639774125,98.72879330734261
100.22877170860399,100.21943300320736
98.98142915427796,98.93459790550936
98.32052069460654,98.30608916363065
98.58907462782587,98.5426556918777
95.73015656478562,95.70834864309184
97.25719617545312,97.21409803567929
97.13383744012232,97.12022908138164
100.15199308413244,100.14547675161856
96.93046357501109,96.89618286553313
100.63659937310996,100.6223123986566
98.47715735361913,98.47004401022951
101.20616515101307,101.20121028894718
97.89682367928448,97.88982577286066
97.85512893550859,97.79693310370848
97.73495231519345,97.72643115894518
98.1820195718636,98.17470658480073
98.41179689360366,98.39864477028942
98.34714370105029,98.31894579213892
95.91373307994847,95.88788865990085
101.2832891636605,101.27630251872857
101.02348826361421,101.01663121036661
98.67381734267528,98.6686292512055
95.13704485008786,95.09105685430713
96.06669364713261,96.00936335661719
97.83548098967171,97.82849202000659
98.4952136382636,98.48412849756832
98.05187879839293,98.01086342261011
97.44685568595015,97.44008429484644
96.17959424537594,96.14043500162771
98.12108690217943,98.1174876569775
97.94237944903898,97.92865697020258
99.10974657252987,99.08114651749601
100.71311435195271,100.71082726279104
97.90643961635561,97.90155756377041
98.96644839639004,98.9498721083043
97.3991677363899,97.36591478550798
97.86868635089067,97.85902291383003
97.40137924112092,97.38748196673309
97.89198876172193,97.86856980493249
99.64971908384203,99.63923030868585
99.35793584423052,99.35002458998676
99.57659426134929,99.56789444237256
98.52573357989567,98.51186403226873
98.46824527211771,98.44967193188518
99.26504760570926,99.25660371030978
97.94333435367342,97.92769086132867
95.06565664671058,94.99420307223956
94.93229916700218,94.86849621472983
96.79307328257019,96.78012489863016
100.53372671239914,100.52697725434176
96.98931728236597,96.96596831088941
98.65803137150255,98.6311088459313
99.93456081616158,99.92229128658644
96.04893490187008,96.0056112602119
98.40713824904532,98.37719263438423
100.36528766429753,100.36270438474473
98.25739267527139,98.2220844455106
98.45417985354119,98.43351523470233
98.5156038653647,98.5080927150954
99.1231521855527,99.11173544853388
95.92883145617812,95.89096650118591
100.5375490629163,100.52226993596571
97.5999521597305,97.58679976428104
96.15386804294266,96.09986940981038
99.37518911127107,99.35499043372528
94.5130841942794,94.39107031938475
97.98878072612985,97.97374014064334
100.6215519096822,100.61354122711604
97.64605446750909,97.6285974610079
96.7856269297781,96.74330640245975
98.17934993808534,98.16435690740673
93.97840261075737,93.80419041710749
99.10978933010126,99.10149676860229
98.03756936899754,97.98579214531836
96.88339908235208,96.86955757871584
98.60037133294124,98.58767238040608
97.47685695752911,97.46682036184639
99.8467100761382,99.84419960200917
98.28059837571419,98.26426882034798
100.60769390475066,100.59426262716906
97.9547614745389,97.88555086173896
95.52683029926584,95.49525925209194
102.37442012365818,102.34798621500404
95.8123788342691,95.74511054058706
98.53117634757565,98.51939664966908
98.17214898241967,98.14785772017439
98.48783278498489,98.47620367020495
97.32347608782861,97.30131782475868
99.02912937406784,99.01815524493936
93.65028663669807,93.54146823611978
95.74310578241847,95.7147329455429
95.39919262455123,95.30233766102496
98.90504514278446,98.8935748129358
94.7970684311453,94.75031497148962
97.66728474278872,97.65299423351543
96.3638270067055,96.3106987847405
101.32893388090724,101.31920686860417
98.44012388058023,98.39724187270552
97.92867884744328,97.91045042005047
94.04114540434934,93.94685645874264
95.97579591779258,95.91353065164668
99.06921099119063,99.0659007176301
101.4988651130897,101.48815709155159
100.72278827596247,100.70487173546812
98.92122693371934,98.88242068373353
101.69946443674445,101.68977289746839
99.69417509630057,99.68859645050954
98.70707633172567,98.69289403025151
98.04500584737876,98.01819024704929
95.77231169550696,95.73108673027765
97.54858350031658,97.52959399651958
99.99848106038247,99.97662860656325
101.56222586129239,101.54440641086354
96.27221350006621,96.25200134680122
98.92316244556858,98.91438354316477
96.96527371160067,96.93892258303923
95.89951236007302,95.84457864980666
94.3717224673686,94.2897463580536
101.4788807278931,101.46626094284638
96.33957807319038,96.31070879134785
97.92057798915467,97.890040724011
97.34812094165335,97.31743461589807
95.10293787145683,95.0505281265522
97.69804224469758,97.66906915838597
97.27300413493288,97.23447881118238
95.7192817305313,95.61393370529345
99.09663724236407,99.08453474106858
95.54354839511407,95.48278307037388
96.55837976804945,96.53392328824887
99.1671767235479,99.15767204525181
97.30843721769385,97.29111676367702
99.1840772664024,99.17932822196599
99.27142340706729,99.2608968313391
97.29211263470836,97.26736512698925
97.83524621985315,97.82419972084719
98.1160518819458,98.10291907946791
98.2358975553783,98.22507323793913
97.10739097791878,97.07923454909823
98.40005842732106,98.38385210750016
99.64268000487432,99.63327214478342
97.15389388473346,97.1219973141974
97.8845556861933,97.87353280775602
98.483282855722,98.47582191011652
98.2958944613033,98.26227009007218
96.53937367453413,96.51948252786738
104.49710341876413,104.4667904405333
95.72142352214983,95.61997651164396
98.47463654566008,98.46765582099387
96.24182662133562,96.1839422011382
99.51863936281181,99.51033893936454
95.62110218010093,95.52380836275819
97.956128685445,97.9306578022713
96.09322256080469,95.99779046728298
98.23843253313896,98.22739499933611
97.20556186232898,97.18312906239169
98.65085323086461,98.64770350126926
99.9048539845928,99.86340366982742
97.20386430961733,97.18741626491386
98.49550069351226,98.48621604785694
97.05419171126412,97.01077597439206
98.47038175674574,98.46417002438825
97.58381333730833,97.54989768426498
97.33013217686896,97.30457310196611
101.01520360862754,100.99964770037522
101.19320260417032,101.15200007178505
98.6443981568611,98.63605011073652
100.24032296731689,100.22463657997929
99.3881800635569,99.37577289649226
95.29265558609741,95.22294849568696
98.71748079219743,98.70770612707621
99.04887891033391,99.04405359590994
95.99418507323209,95.96436235236831
96.5362903381444,96.50919466868349
97.80676394992713,97.78935400653697
99.84840458712182,99.83838326105328
99.46582075972815,99.46256623474932
96.76511928893594,96.70408409070083
98.89020468668704,98.87678213015785
96.16834755509188,96.14089968564572
96.22353371878003,96.21065693955482
99.97160296604551,99.9647826141489
96.69136473494436,96.63067857046127
96.79957261461672,96.74946840133134
97.45578004289428,97.43260522578451
98.30431833529362,98.29305935535687
99.12141530403947,99.11418121347704
101.81660911869106,101.79340347584542
96.37018701318316,96.35762386528648
98.59469184124804,98.58379327697084
99.09129360148233,99.04357294843228
100.09746733775837,100.08762264013143
98.83337559647978,98.81765039404453
99.23387353405764,99.23021453344613
96.10124725122151,96.04995000088329
96.56005709981459,96.52454526820436
97.82966483023984,97.81196800758215
95.51457632624832,95.46482962334052
97.65582038690252,97.61990419178161
98.3744629484995,98.34745756924576
98.84662583288892,98.83071763749454
97.02705561325162,96.97004571942249
97.65702015618984,97.64808022508674
98.99687307878061,98.99409865325306
97.01099825829684,97.00391269571898
99.88575225536005,99.87848298126673
95.95208985533624,95.89965000783506
98.36046919762752,98.33669166218019
99.4690616546396,99.46392584223777
98.64360882746095,98.6394739767428
99.04513648203667,99.03998239939227
97.11938724628108,97.0698358730007
97.93053478272346,97.91421890625281
98.48416474709778,98.46565201503836
101.11877456745611,101.09218799701249
99.59467095394285,99.59126776297802
99.29527270964012,99.29274574941647
97.06838595321555,97.06238904461763
100.05478160146127,100.02826289785257
96.47851297754376,96.39687308284779
98.64962466244644,98.59986815251763
97.77390477692235,97.74857516730866
99.04917645296902,99.04693896726675
97.64357759162996,97.628049047062
97.3657829577148,97.35066076255883
98.35406828969832,98.34845099297637
99.18169830308462,99.17356847161845
97.56646889410759,97.54187197648663
101.96985427157206,101.96333142239357
100.83599607629277,100.82642758229727
98.09471971250476,98.07890137906051
95.95402770488059,95.88723448747145
98.40638678651675,98.38959958681595
97.21635279598864,97.2001249940218
98.24874954509123,98.21612879424843
98.97563064145238,98.97138200817258
99.82701111141037,99.79161034716124
95.97018959687367,95.93196453854561
97.31100238074713,97.27656519999815
95.51559322812004,95.46097716021383
99.52328681668679,99.51296172781309
97.00700347550996,96.98967954186436
98.14043008527995,98.12493375734556
97.28390675171592,97.24800955398362
94.88788579783981,94.81852699855695
98.69055414908571,98.68048080465127
98.54950747455113,98.52801918203578
97.68615073726724,97.66274650480297
100.91789574838687,100.90387027834564
98.55204850182812,98.54379664928469
98.19537194781911,98.18681141607695
98.171308165748,98.12813732973339
97.07340533034501,97.04658788720826
98.18536648946119,98.16018685400955
99.37838699571525,99.37221506395866
97.13066234355033,97.09834468206799
99.25359851297885,99.24902565612572
99.32674176385063,99.30910574575749
98.28336957152565,98.27456232856899
99.69608200059882,99.69241065675116
97.57844655636875,97.56108530895354
100.4656538988657,100.46053680844378
96.83974000050578,96.81716781975739
96.74694639681496,96.70353679265044
99.77043102847787,99.75023489429142
97.79606955670845,97.77948676820623
96.53412631712374,96.48819353283646
99.81597225931982,99.81185189354359
95.54537990481231,95.49453501950286
96.62644802909057,96.59053014639416
99.54439725279735,99.53662895943911
95.24083845369951,95.2152187867925
97.71520430771932,97.67841267542008
98.83729248732752,98.80804803260777
97.4936536184976,97.44641607821815
94.39605147071539,94.2753917109983
96.85780697448996,96.803024948165
99.59884174748407,99.59306912522925
98.12704670113912,98.09619663224876
98.61863327449596,98.60645430703457
99.07925783190132,99.07215049293995
99.97212001509355,99.96819846670004
97.85366357002728,97.83440086536903
99.78717798957702,99.77934482353099
100.19942983621814,100.18214325517766
98.91248759309974,98.88825406612855
95.49900409698056,95.414938541933
97.6636311217042,97.6165750499695
98.99003847945396,98.98235682299058
98.12102691787409,98.106467866219
99.3959127443818,99.39222483330248
95.25359828873455,95.1558025549087
100.32345120395789,100.31542325140121
96.1251807027082,96.10549695950614
99.23446386855339,99.20403641845382
99.56206533943083,99.5562307088667
95.0318819240076,94.95596399256239
99.94538629417606,99.92826953011507
97.14432577216746,97.11143467945895
100.26740190148445,100.26109114978811
95.60988141435718,95.54072393956471
96.38789124632734,96.29384998360452
95.67846634468359,95.56652372179619
98.68801943464085,98.68018475455118
97.34151743913552,97.32524170358943
94.9892351727217,94.88463899296227
97.72888795983904,97.72035371309616
95.39949054939066,95.30852253050594
97.55460628660454,97.50748285768803
97.05118723887591,97.03313870659761
99.0321038651028,99.02065535981035
98.69572503590258,98.67953769715177
98.78657388907169,98.7496589247604
95.4441734485136,95.3973695895473
97.73270223762798,97.71512610908387
98.71967721022425,98.71258646589739
96.68264595476103,96.65166762411354
98.13994891939161,98.12057488588225
97.47473252282678,97.45785514506748
100.19836445520674,100.18764720031905
98.57181463968084,98.54516025601401
96.73893586719507,96.70468102144271
97.82645945923787,97.81334375926126
98.77808291294126,98.75844691473496
98.82830340705308,98.7925507846357
98.03262667233372,97.97808028462359
95.99380696608252,95.95785565082979
100.50493347976773,100.49664727080452
96.68232370688811,96.61448398460338
100.01131732711787,100.00878160400535
98.51903774095699,98.50076639016052
95.9617169555537,95.8960559718615
97.32278885361316,97.28983072906601
99.11920371474955,99.11282403595585
96.31497087619559,96.2664324853255
98.839669996277,98.83334326072539
96.82132593735267,96.78013404073802
97.3685623979412,97.34728970384663
97.5147872201081,97.48604063408375
97.87156509569661,97.85492116458364
100.42018294103623,100.41430849637509
99.93304048937574,99.92740002567383
98.24968005384682,98.23982981385619
96.11226134766257,96.09315875209275
98.06109599864634,98.04926634489283
99.35642477276554,99.35247536278459
100.43451548952939,100.42882805315045
96.64318411276997,96.61597791408472
96.8784711422264,96.83357586603839
99.50659161128999,99.48211959714375
100.24697645620026,100.2199671319429
101.18758141446826,101.16395147337894
100.38616943258016,100.3775333956599
95.90473431239278,95.844957891704
99.52723610071631,99.52183424124523
98.95937627056581,98.94842499708415
97.85229007571144,97.79873344270717
97.46991161937214,97.46268439138298
95.76420689573375,95.74200392916057
97.43777206931296,97.42406662900136
98.00494112860679,97.97177105081579
97.77990347531744,97.76303936719417
99.2659810476403,99.25727085111484
97.08073681772262,97.05654987635747
99.52759243440981,99.5221101393558
99.73759032904155,99.73070796541789
100.4223870861482,100.41873931493737
95.79726021514567,95.76396478639253
95.51723570371418,95.47995149279423
97.37782650724895,97.35888055820114
100.65625684721573,100.64677997077789
96.80297667513078,96.78643925104652
96.42110039055461,96.36654463686821
98.46526775047512,98.44878049685006
94.99447489540088,94.87389684995429
101.99626563101448,101.98048871876331
99.09000391113231,99.08561857647189
97.50784794285065,97.45930860311135
99.18969718993978,99.15562610429144
101.0385276921391,101.02469705200708
99.07644424666167,99.0684142138204
99.09897793225053,99.09420810007599
96.91736013514071,96.90338975711416
101.23044892024276,101.22622809436088
96.48839744908798,96.44100292711003
99.54867292948438,99.53248068750796
97.34546980844347,97.30751900263736
98.15008324537159,98.14502106680425
96.02856713061759,95.99908652564059
100.21709620945589,100.19563503001957
97.17248486294375,97.14697543144936
99.05903440748361,99.05221918558625
99.29885070953692,99.29317410063476
95.56823219081305,95.52780673332639
99.03044163415717,99.02151634087495
100.06180043017821,100.03472525882293
97.32335205246807,97.30826425358198
98.51251988877758,98.48036159888139
96.51449894908676,96.48177094061583
98.38722511762279,98.38506464196129
97.69798583088394,97.6900159595012
98.81900413906483,98.81178899795765
97.34304173230151,97.32369163593803
96.9151145600657,96.88639098005142
99.68838759837777,99.68214953254567
96.6366851645329,96.62084701265772
98.32946957811893,98.31945228268486
96.98962772066032,96.97249431714674
95.73346931573438,95.69890169997737
95.53835439566659,95.43675795596215
95.97976036582024,95.94235591550523
98.83073344309912,98.82313382935028
96.21314129937419,96.19546043057328
100.90479716602349,100.88907378124343
99.39308295422187,99.38311650335413
94.90243841538269,94.83450474468829
100.36978000811838,100.35548302722283
100.9025916456363,100.89289848025716
98.38075543761396,98.37618671138208
100.52821795640537,100.52230406307517
101.76613993303845,101.72757916702128
99.84274044055225,99.83909572600591
95.2764792460346,95.22026333509928
100.02764949226763,100.0095509276514
98.73661767126033,98.70510932447472
97.08369337366574,97.05377075029887
97.40257087281172,97.38712394887494
96.39140338725514,96.30285630595833
97.3682209124437,97.35015899689795
98.94855630995944,98.93170770341825
98.47540152897041,98.46476330444196
96.83992349250215,96.79140262340528
98.03834677989366,98.0244093155056
96.03890960836608,96.00917016826706
99.45837748556211,99.42241997792598
96.47860346728766,96.46176414494502
97.22537696554535,97.21635414651367
98.64758911628107,98.63752860909156
96.95757726778011,96.89635729776435
97.30465463623158,97.2947765819678
98.11872011085377,98.10556738810116
102.09398398899482,102.08650831158681
96.51474706875685,96.4660698893467
99.45072223954163,99.44475893780809
95.32299951417889,95.28020594157748
100.11876464415646,100.11505522408147
99.9470243032261,99.94137391336129
93.8454699495899,93.76290611477152
98.7847049916914,98.77683125132089
99.26011338970685,99.25723263328842
99.92199097431175,99.91630554663713
98.72954741364725,98.69459340214108
94.30047302261775,94.20780936663523
100.24946313957915,100.24470247708979
99.00660937910885,99.00295265573615
98.11631338340439,98.08911180398492
99.82603312366862,99.82305377523369
95.49435054290898,95.4158671464289
101.87613115397329,101.86109768197868
100.81513706905064,100.8022796534126
97.07019112874144,97.05403378334807
97.88410848616157,97.87184219899905
97.98349115238545,97.94672719178595
98.12536404167972,98.11224641208857
94.79487449917433,94.71217105477163
99.04343253012827,99.03345700238415
95.37260801342455,95.3267101281683
100.17306567986262,100.15930361244392
98.06575339469796,98.05454608064642
98.2823574873305,98.27098792503648
97.06195832459883,97.0055040052495
96.3579600018845,96.31824854258672
96.9081520392839,96.89613710198243
96.82233098924377,96.79781673207664
96.66333116501032,96.64630790924977
100.12294977910642,100.10715376241096
97.4929437481986,97.44857981556552
95.6522133514251,95.5994165206341
95.62522545909063,95.58470136195639
100.06108660761272,100.03612064079884
96.3915279666186,96.3550934272121
100.50187729717535,100.4919767687324
100.97570624565834,100.96845311509107
97.79818306788816,97.77749778533654
100.01959954358972,99.99849064446417
98.83672181067286,98.8333069516005
97.00671872255985,96.97983653179621
98.99221552311923,98.97197952137492
98.23751758982483,98.21963453453986
97.22167304095672,97.20412927725368
97.9830174859546,97.96390621932238
99.23612346001418,99.22531413193273
99.70854501944306,99.69961944004149
96.46435663622668,96.4409075014766
100.10375305568665,100.08229751517251
101.33550799717966,101.322922913522
93.83662629157504,93.75926021955321
93.19715618698866,93.12055890700495
95.56412868104941,95.51874218785693
93.88051444999634,93.80641588562594
100.10750612786654,100.10292867065037
99.63301548674742,99.6266623321482
99.85566607491711,99.8517098819841
97.047071417917,97.0344003340976
96.19511286355193,96.17513306575479
98.98638853295007,98.98304891622664
100.50067319416388,100.49116774755896
98.20018784869988,98.18559390005335
101.40633191911692,101.39712013510828
98.24695351142844,98.2216403767031
98.55972864932319,98.5549443860643
96.46305434314213,96.40517746007714
96.32745387981214,96.28838902657402
97.12266707129656,97.10457400975731
96.71401445238367,96.68733097162875
100.05567051471651,100.02556238597994
101.71329440390161,101.70672279798164
98.37893357037139,98.34855078025087
97.8989114812372,97.87372338874484
101.41016901192499,101.39962207944208
97.90881243501715,97.88650259080013
99.01461956994041,99.00140303075048
99.63862907462254,99.63547211117394
96.45018952120054,96.36206682994789
98.44708042020535,98.42869370577664
97.11342753920482,97.09687798672385
95.70818420452554,95.65338164116149
97.39121682285997,97.34200804548244
95.3756019932485,95.26804362656075
97.289409777649,97.26789474713745
97.48938480656153,97.40441071658901
97.95474332102262,97.90505372033829
100.77640511841206,100.77142666393674
100.40606152542576,100.39392093325318
96.77177181596147,96.7149864048016
99.24732503036986,99.2452852921423
96.72734543494803,96.70248673581173
96.9385600851153,96.8828838047638
101.04305567953568,101.03711358199186
96.80965500640863,96.78377221597762
100.54307625329525,100.52879730780067
96.10218792527883,96.02279554514682
97.08447458051495,97.06292252907866
94.46196329313932,94.40049340684928
101.49181834514808,101.48636307211277
99.36437575326605,99.36242455639733
96.99435731157547,96.90915833508487
98.67242206026611,98.63760916445783
97.70602232913602,97.65168153989272
96.65007635187561,96.61857681267412
96.45654455282842,96.4367178875058
98.61016892325232,98.60408945547239
98.53060889442406,98.50066822232661
97.9031574968024,97.88178267033385
99.13239174825077,99.11079516435929
99.27612344913432,99.26830890169708
97.61677516936163,97.59602845799775
98.40098237556336,98.39033305846809
96.00769326020416,95.94991047449747
100.1488030711585,100.14010817194439
98.64908335301703,98.61856397779854
99.12436883973564,99.1207363506471
95.59079509261541,95.52935075567406
98.77686137067414,98.76174549432392
98.2551581397364,98.23958535214213
98.7715440531283,98.76802630319533
99.96900377437106,99.95970714680236
95.77990021321719,95.71604158178187
94.93249567133117,94.82796084840206
96.78553207427241,96.76314182525566
98.03195357895935,98.01191349818073
98.99816103523061,98.98650247795713
96.66354051660416,96.63694776972449
97.28115900913184,97.25506970632644
97.65865078829366,97.63403332060146
100.82365373205022,100.81707368413387
97.06238005858971,97.03161964968966
99.07666704643954,99.07046243647268
98.10955954980805,98.08102438799024
95.52335486718027,95.43418597859551
98.48693002096286,98.47741487883354
98.28831664512835,98.27626452949555
97.98833530764963,97.97582868082954
99.18127566231631,99.16371742707139
97.72258022408543,97.67597741880766
95.28955283213203,95.24356888002937
98.76783008472374,98.71727387619624
96.05674177604622,96.03017495797053
96.97415413143835,96.93612440856703
97.94809789897381,97.93702577144461
99.17768355775031,99.17270053522248
98.22659794086974,98.18637959234132
99.88425785074763,99.87966467246163
96.95316613206153,96.9359753284925
97.47930037056132,97.46278426937296
96.16589075397917,96.12116725999125
98.9531572076872,98.92885768305271
97.38602834410176,97.37577062786694
96.4257233379548,96.3891863913246
99.87471697634724,99.84922426345258
98.44907334132769,98.44025182126917
95.70478371840741,95.65288864789326
97.60561625357485,97.58978699899134
96.449239123797,96.39350349361217
98.19542092039937,98.1464062234214
93.59906249538197,93.51146722077287
96.73277460674386,96.69215278407636
95.71578663963056,95.6697597550949
99.31259418894528,99.3085713394003
98.83503642862361,98.82071887166201
95.27117238550102,95.22153081565556
98.50248122895847,98.4871983569038
99.25283612554954,99.24649829022177
94.83725549945015,94.80375085669344
99.99423260606996,99.99164071633268
96.60904286995796,96.52987298621441
103.76714379757074,103.7312405036625
94.97594019504477,94.88785735295296
95.34799930538321,95.31051126296383
97.81678971321598,97.7936433434332
96.43809919175699,96.39439691089166
98.63837929968602,98.62986404848448
98.87854487749414,98.86663400741544
95.53871783144035,95.43137566282208
98.9591156391905,98.94861572560012
98.36614096564921,98.35727568407474
97.49147068002367,97.46588832643452
95.33545777127767,95.30717229347607
99.68683569036214,99.68313366026715
96.54445079906549,96.49108736884573
99.62402368023932,99.61408327312526
96.6398692011471,96.59332402292287
100.77206281166966,100.75364736653655
101.90057151447395,101.89064836354939
96.30387565629377,96.28829865333546
98.7667869643098,98.7547673490619
100.07230044390406,100.06362579280193
99.41975144364633,99.41155704352708
100.59237617560522,100.58415783807183
98.05321311827636,98.01496879347675
97.34328582566486,97.32030488080547
94.95126600339195,94.87298139377687
97.08288444324444,97.02289801679662
97.60452459998056,97.56323502786353
100.8251909653246,100.81851869220172
98.5670537233496,98.55576205469866
98.72576192806659,98.71973383683141
98.43721269072648,98.41574894660903
97.29860920226636,97.27179588857402
97.3035967182187,97.28866852807654
100.43960867487282,100.43123321219834
98.10221361233309,98.08547637414016
99.47947124541047,99.45682531258502
97.83829736653121,97.81404055839131
97.17454618654368,97.12348654028126
95.5076832206375,95.4773990444106
98.04255129854691,98.03120833824515
99.0323787192021,99.0011022691352
98.03577656409456,98.02054500358457
97.03993848733874,97.01751028031019
97.88958792940029,97.87015451842812
95.41531867449689,95.36327647894579
97.88383227884042,97.83715151679492
100.56283619345199,100.55791380933071
96.76651388549601,96.74019040989104
98.73410348408937,98.7103380628677
94.94077792334066,94.84374853526657
99.53128851378382,99.52087520428826
97.96696037512362,97.95377095232364
99.01387999171642,99.00283365007442
97.84450275354415,97.81751756179654
99.23762087551773,99.23518011387765
97.01146154435524,96.98243567225738
99.15045562685769,99.1462041539651
95.7056368379857,95.65767309364402
98.92945945793997,98.9122625642379
99.8711494623307,99.85740840509008
96.36258343300759,96.2608834382512
102.00451168106392,101.99813008106182
98.82432817750203,98.80436444789633
102.04575099719887,102.01695493898178
99.11255400445435,99.10669823634302
98.30128396031465,98.28471709802145
100.12871778055894,100.09317597203194
93.91537854401078,93.84786029965045
101.9715134082855,101.95345547214319
97.91256365621497,97.87817556162699
96.9079528269949,96.88889053533762
96.34140162814163,96.31028762283442
97.43203476938763,97.40425049559505
96.76010967323381,96.71519924532281
97.93915568479993,97.91829699332081
99.72840262934083,99.72083371874581
96.31838862177841,96.30062923787376
99.70827607032001,99.69929168870165
95.8752640018684,95.84534791089598
95.14930958124589,95.11178935701402
97.79293008113784,97.77375229387819
103.565345274452,103.54454227809029
99.51616679352682,99.51144882782091
96.63567618523835,96.56095004634838
99.1148832492458,99.09015737951336
100.0215209891045,100.01319447255445
98.5731724501357,98.57069743628418
97.77360109982891,97.74189905021707
98.48750969985447,98.47636593808153
99.48894848465227,99.45892899991996
95.5461621955543,95.48646382175423
95.44563121987858,95.40773713658413
97.19363245762023,97.1725215463874
96.95196288281639,96.92053237361382
98.94367606205404,98.93495104223342
97.18337862726995,97.16577620969343
98.8201820651262,98.79062666390101
97.26943914397074,97.24194792992633
100.34642136445831,100.32949781270455
95.16900117360048,95.06855985467986
99.74335954711829,99.72412854742913
98.15798526409557,98.14513703152814
96.43922433180576,96.4149724963304
97.97734657532784,97.9627516900098
97.3741276132957,97.35414864172337
98.8911660088768,98.87655014462706
96.39174882335394,96.35087918655185
98.5620884324268,98.55675769737385
100.40782001815849,100.39112287741375
99.2188126959444,99.21336441087533
101.67314267102,101.64988533747477
99.87104432905394,99.8566263424819
97.32520604216157,97.2622070400508
98.92953178058343,98.92285747957001
98.23265878928201,98.20676036204593
99.89340878915068,99.8882100501884
98.02318157172205,97.9987130313389
96.8928826065563,96.86904326198237
96.4579538106568,96.38420641732841
98.74258182566116,98.72820633897237
95.41764745594269,95.39282524470757
98.83799439220144,98.82066470533357
100.79901246815771,100.79106602917807
100.52606555036748,100.51800263088221
98.36543422546325,98.34037411092764
98.9336780553949,98.88792861848745
96.67489935894582,96.6463064388995
98.32856090763264,98.31612085912866
98.33603797027034,98.3254704807506
101.47083249666784,101.46593806446569
97.61803580581339,97.60061152708691
96.65515576597355,96.58029300488988
98.7827468192001,98.77767515692724
100.4079071056767,100.40128202820601
98.77863188652394,98.76000664571318
98.10721442292648,98.09494721493478
95.94831039002379,95.90954359875052
99.33564540566985,99.32146748024194
99.93388319564924,99.9075363313678
98.21891515520423,98.2000472468538
95.75668196731787,95.73961153050064
98.87337628555706,98.86433094028033
96.78257263166547,96.7396039216146
96.62776866732466,96.59080710738958
98.68774712486098,98.64114472837676
95.13959441738808,95.08247677016465
97.5994398982364,97.57742270572196
97.10483469022518,97.09010754364732
98.15660201474539,98.11939447210491
99.52648400229127,99.51693233707303
97.72039505344172,97.69300950312984
98.4438950145906,98.43612790329125
97.52291391438031,97.49911312045067
96.01501747613547,95.9831571235268
98.01076124171732,97.99940739107274
95.7986335012106,95.73886137242569
97.43941589087704,97.4035249176771
95.68517379838366,95.65840264074224
98.13395318529086,98.11255529608115
99.11632704684993,99.10085034197465
94.28066767256507,94.22333192983446
94.65744612702915,94.59526298167137
98.12056482389778,98.11333148939917
99.69729882611863,99.66975879325078
99.95851457623259,99.95103071809928
98.75549738817597,98.74779326838852
96.94339567790068,96.91239278183058
97.75982571660222,97.7493767579208
99.94958317781277,99.94532978790086
98.4701225747038,98.44808935412253
96.91746121827174,96.87310027440977
97.27496866727701,97.20587830375207
102.35510920388555,102.32363592931408
97.98226813030358,97.90217806487367
99.49783795264747,99.48526859179601
98.87561747968064,98.85021379971387
96.92896775249768,96.87588328166605
99.30716117367548,99.29967279604894
99.93024319622877,99.92585106714095
97.90983652576104,97.84227293258651
99.48912966780104,99.48096249222063
97.70314100624086,97.65441579574225
98.29503470581702,98.29034331517704
98.32949071665357,98.32046978916802
100.74581091809314,100.7302198941347
103.57551237992634,103.56662399151716
97.46712370098955,97.3882795029604
103.18005413195074,103.15264485679563
102.64883036586504,102.63755749596079
96.57321186327589,96.55585881582047
100.48661983160582,100.47617339604163
96.69700177276891,96.6681260959456
98.59890445345557,98.59091065673628
98.06722906510335,98.03764063697132
97.9236015392476,97.90488803246522
96.16059392436063,96.08462346044033
101.22630074347366,101.20669889710325
101.84555185492817,101.83457303913087
98.51027515233261,98.49638402245903
93.8335058894519,93.71449913809741
100.28413812146708,100.25581305485197
99.81649575201462,99.80818623163191
99.02319191689976,99.01139784067747
102.02627914854304,102.01240338395422
97.77756249877339,97.7616870388789
99.61253537760884,99.60500549243294
96.85908037615036,96.77046623219415
97.33496546707474,97.31342289754319
95.12251809567633,95.05335923292375
97.62282283699807,97.60987551698638
99.38697525944588,99.37472318295832
100.00775718171464,100.00293241352463
101.11729295538464,101.1015477286176
99.27452523452705,99.23835568454076
103.18363977573945,103.15624556576968
99.0374493250914,99.02642317977374
98.17225747677054,98.15102916316583
99.46494561604874,99.43815781299465
96.77226170122601,96.72549388518846
99.1331166653601,99.12804153501794
98.35112376220891,98.33999365173173
99.74412248690629,99.73479234051452
97.68748316549728,97.65217532246871
98.01623956900895,97.99468115134754
96.36931825886737,96.33134552751773
99.0243339899264,98.96054719407334
96.51013070488756,96.48287941166697
96.49874304414126,96.43466169130726
96.28559802857593,96.2627177054709
99.1569408199388,99.14010534412766
97.63126333930546,97.60116440869547
101.9656212168296,101.95671478898979
100.25688477203823,100.24851586489568
98.27892329272358,98.22181268645234
97.79037223714745,97.77884235728038
99.2373451573288,99.2279457916607
97.21112776941723,97.18162385571335
98.94621190864387,98.92734126085381
95.04330481226025,94.99604607261384
98.41696635530894,98.40194138253716
98.72074108924545,98.66895253518626
97.93885240747386,97.9334835759912
99.2806299469566,99.26647477777522
99.32516961021288,99.32108776168495
97.02270334166822,96.99811105704596
99.74346944960317,99.73748356653485
97.38221637711011,97.33271183619291
99.04112436263372,99.00603203405561
98.01542905381262,97.97888257036405
97.12449996338565,97.11327657910134
98.18225516384096,98.1770096735955
98.70445401692444,98.69597389555695
98.23281741938403,98.22282832363508
97.94896004348337,97.93443898647773
99.28091223314011,99.2635762942542
99.80371492338884,99.78357618157821
100.79208985523357,100.75362897014276
96.79783006061409,96.7626733156032
96.45165115609801,96.42005502494925
100.49714402875361,100.4875082565666
97.7466746559062,97.73178233952243
98.15370130079178,98.14676901737178
98.85115274806336,98.84470375227264
98.16300823993917,98.15230146962637
101.19476846051752,101.18635869629607
97.9600325479891,97.94418066214645
96.87647816181978,96.8589493192259
99.96389682818439,99.94659657442557
97.01957936244554,96.96920410667019
96.65023830005016,96.57861268760713
96.49823495537677,96.47020649720181
99.66895434824994,99.66569859321145
98.39872341481104,98.38956386318684
98.89901993228837,98.8677388134685
95.93538155382399,95.90057763390467
98.57011105342308,98.55067686210133
93.6456446013158,93.54982031438766
98.97804128278989,98.96623334549797
96.5523117042606,96.43415952880257
99.60048823616332,99.57930155621861
98.86738411931013,98.8391169956643
98.65968526046694,98.65576980577406
98.71601849742005,98.70684333034887
100.11143880607715,100.10661523428854
96.08544174079776,96.04688154103057
97.44460436923944,97.37902318602082
94.64222777447436,94.50739646441511
100.24787791318748,100.24403498441382
96.79475694460665,96.78533936306215
96.76956394000341,96.72964337741448
99.96237909520961,99.95031904997956
99.2420191599702,99.22683426447364
97.25186741358866,97.22430241762694
95.87873756049015,95.83996709999603
99.31286799275847,99.30399028424272
99.82513226907014,99.81138740469918
96.24904075194856,96.1922816149381
96.85592198713941,96.80865511057254
93.9558936185932,93.84129168863637
97.3333558495173,97.3125396829403
96.49695228171322,96.44462939835132
96.58077432483599,96.55666227672226
96.63149878683798,96.57610905233003
98.69151356617442,98.64877783652103
97.73746702875393,97.72656906816285
99.84136576251429,99.82640641067808
96.40704177450219,96.37013532405248
98.92295493673478,98.91907394170072
96.69089653392074,96.63445051121806
99.0302829440925,99.00968085007584
99.7146579168625,99.70420283375222
96.76648812231424,96.69044216158458
97.42042132384367,97.40703038469064
99.86700090803893,99.84970903670018
98.33884733845467,98.31515902990448
98.12788228674557,98.10718823341983
99.62064066526811,99.60819104210421
99.05033427810251,99.03630972503585
99.064970284275,99.05036582366603
97.24715631172404,97.20648119415608
95.32236843699894,95.26551409882453
99.2089211956827,99.20620874534208
98.02936437589176,98.02347888622771
100.4282251795104,100.42231327160076
98.09044793729664,98.08094265471414
100.3177112966593,100.3099693982648
98.76603867956365,98.75505531282208
99.25468945713251,99.24429975959073
99.51520036164453,99.5076311579797
100.68240664053747,100.67845987493133
96.73538340751246,96.72189240642042
102.04033918321173,102.02114199857544
97.0106929232928,96.93361612243318
97.09530221877412,97.08406847899853
99.66361083661641,99.63375037332428
99.9864180825073,99.97572693923924
95.28903840477224,95.22781870763464
99.79188126153136,99.77800778112903
98.29753178470972,98.28890641104017
99.68410574368576,99.67765405104574
101.84167827658051,101.83485344918876
100.06217022943738,100.05869940578135
98.81781754700346,98.76326651608593
97.19343180756331,97.18271927142465
100.09410420210324,100.08980265917396
101.12413441561591,101.11762894194733
97.95439939878239,97.94515592371428
101.31980082499956,101.3124412066386
99.15633696608079,99.14494370707062
98.86862984307874,98.86237435472397
100.76158910265895,100.74281344043801
99.04962931985347,99.02296535761371
98.08958572520716,98.07581135877716
99.42657794162956,99.42099972116768
97.3264507291692,97.31397527076223
93.93390112619116,93.81287262455207
100.04196264632485,100.03642992933302
96.54184864169144,96.49199599509427
97.84355185779779,97.82822389682937
98.63944970835344,98.62829922039774
96.18019445765718,96.15400108313221
97.24122021693209,97.21919369705232
99.48891834486092,99.47468232283221
99.07555287440435,99.06658804692584
99.00101563014427,98.9875753312028
96.50927133789581,96.38461346823358
98.98129744985091,98.96584909941788
96.5329807118797,96.48241705686914
98.8163984805074,98.80770069818213
97.79992072833889,97.77639088185951
96.21144409332787,96.1745848627849
97.77725025186264,97.72500372056486
96.34800572885491,96.28930345155794
97.44498542417337,97.43489959049417
98.05806077385219,98.04864204202607
99.16103928394593,99.14743250482908
95.63894522857558,95.56055961050718
97.44826086145271,97.41929028323993
98.20822800572725,98.19536003373447
99.7856305933889,99.7726548196592
99.02707787509613,99.011307373582
100.43269103176445,100.42752152038243
97.74341092559035,97.70486078920524
98.31628143254531,98.29245890763568
99.19489431667238,99.17764255238214
97.07866737808764,97.07095538973725
96.88579475032002,96.85986228481428
100.41037830129235,100.40572371113582
96.26665137827335,96.20919197926573
99.04439176169213,99.03064511953832
100.33770860848732,100.32949951382923
98.89106552295736,98.88167254000629
97.07805785262003,97.05578863129826
97.4265473614724,97.40402032607037
97.70870724314416,97.67377748101963
97.91243419875458,97.87491661860054
99.06138183103754,99.04709537465739
98.7228266991376,98.70099794135041
96.15830533284446,96.1394626716885
96.34820006027522,96.30568739738584
97.31257829465854,97.30370665180821
98.32783970910192,98.31570301237296
99.37604537697923,99.36395015909808
94.41930627506572,94.33227988657762
97.0009103766219,96.91579978481703
97.37580614021182,97.34023324324333
97.2745211893584,97.25676918422478
97.87962626935634,97.86602365768023
97.89172154838612,97.86322191560882
94.14649069080457,94.07567580663509
99.29132894659902,99.28263713550884
97.49885659080553,97.48847679850572
95.57080914503996,95.49808724878825
98.20893443675682,98.19535325495413
96.72931876112541,96.71089036681356
97.15302792012928,97.10576638253913
98.63827314367626,98.62804039192676
98.06114384832362,98.05385578617694
99.68044884793783,99.67838092403359
97.70335160818468,97.69083986803717
95.18161003505503,95.10407544018713
96.91795923933869,96.9087942517741
99.1122250949912,99.09665337130164
98.63953741778695,98.63540751285008
100.24408147236582,100.22871536882003
98.83746962521197,98.8125685755561
96.50597601032979,96.42661358754083
97.79939069453923,97.7873255201575
97.35439104927222,97.33522788008253
98.80817158889737,98.8014131689528
99.44295009279831,99.42175756856787
94.27978812503727,94.22496356899843
99.82632636410045,99.81907123990611
98.26904792341527,98.25349311156636
98.24070284180499,98.22115784632533
99.60772512848168,99.6019384449751
95.3351169003448,95.2429325117024
98.94118868379492,98.91514504005386
99.16065616661605,99.15669302417558
97.52670984858162,97.49804780154099
96.76938060484484,96.75919088338631
94.38903910596328,94.33540247522926
97.26754409740265,97.2470636598851
97.6811090730377,97.6520880091881
98.73817024436332,98.72976889051715
99.19502756398313,99.16720490340032
99.02273898393139,99.01013365498682
97.47887715836552,97.44715584903466
95.00674086585853,94.86718646787898
97.65995912293057,97.61637444301691
97.33151680526812,97.32482074907468
96.44782808373151,96.43283625391906
99.42013050513413,99.40101505346772
100.3553781604771,100.34303546868804
100.80125479346775,100.79334257161916
95.80067534564178,95.72782907053413
94.89956968883311,94.8300500488064
96.55964823663176,96.5163448040944
97.17847598469794,97.14234909631675
98.4569201656678,98.45227074905387
101.09239551049681,101.08348601350171
98.16827390130558,98.15263732795441
97.60199822806688,97.56578063447081
95.38909854288273,95.3302769281739
97.63461328628219,97.61850052556522
98.93587620801608,98.92795169905882
100.53828333566472,100.53367661132353
96.37100091195562,96.33786374568278
95.4991694532694,95.43062093063675
99.63339112672351,99.6129162709127
97.9999268449315,97.96351028153839
99.83226056750023,99.82455841328913
99.86972902447204,99.86378481871243
96.37052635423075,96.31791731437224
100.15141779984768,100.14759212683938
96.25294055246817,96.17952278687345
99.20902390697205,99.20470305710627
99.01896602632566,99.01004793238097
99.53003821606299,99.50450461004317
98.78769500754333,98.76091562148511
96.36673703640494,96.35052024900817
99.61674575270082,99.6081639121765
98.17659754788565,98.15513629684703
98.67248620226285,98.66780458643625
94.98137474182806,94.91051339927688
97.92131298194614,97.87687149728521
97.63779746578778,97.62628900142192
99.61583602653069,99.6100053421802
98.091127400758,98.08089092067694
97.37861099298638,97.35530803899374
97.93555756895279,97.87099535643586
97.87026946085892,97.84380144432691
102.75830977915653,102.74069045568801
101.85680843399633,101.84026655194526
101.81091028429434,101.79911117917652
98.98762734118901,98.97692489930064
100.59368005206346,100.55903465358026
99.19374872439033,99.186376866337
97.25940405677892,97.22387518935098
97.73543545511207,97.7026326558447
100.97128379434602,100.96514236095643
97.42726852763153,97.40588994310863
97.75153305512475,97.73360487439085
98.05134507479484,98.04584273337812
96.28250481844299,96.23056686126378
98.36817202418237,98.35560847264875
97.74914301559257,97.7424830324513
95.48957056676585,95.44075345446437
96.59422880013885,96.54374153915687
95.27724357942138,95.2309480749163
96.11227381846037,96.0746650549879
99.38082778482625,99.37620103937681
96.91901680623259,96.89077675427683
99.30141341424343,99.29507797827564
99.45669156486214,99.44706431717955
98.06782325605693,98.0299978923485
98.62046602516247,98.59189446356758
98.89606666932724,98.8861001396167
96.73887466140658,96.62348961748081
98.19315180436043,98.18002156853393
97.72280329722076,97.71149960841625
99.12875467326148,99.0938556045435
98.95712090779207,98.95022495456129
98.16699520509783,98.15754304613168
98.9454998497954,98.939359558768
99.63381215022406,99.62317822613068
99.4367344742164,99.42655505705689
98.37442203770111,98.35436420483641
97.93690292921559,97.9086717678378
98.54738334922928,98.52673985717374
98.56747145581554,98.55215865672422
101.30466530796713,101.29459842478104
98.37882816172748,98.36488947925976
96.8400880387444,96.81488529649958
97.42199322106367,97.39032497652789
96.13822451842083,96.11309274806918
99.87644808471163,99.8689696844099
95.81990218271258,95.78034133340994
97.94808860820498,97.92461797134656
97.04157846090095,97.01325667157523
101.32991325530885,101.31245345437722
98.70481609276244,98.6916542312203
97.24125039121111,97.1980182308887
98.51331580509563,98.49155859863983
98.00916108531088,97.9925902727062
99.10887416149875,99.08176670699069
95.59268976900155,95.55330096704627
97.71341407413779,97.6988138165545
95.46134540004984,95.42876796024304
98.24862419121564,98.22252073417565
98.67815448035262,98.66375352474628
100.59693691504401,100.57962053996492
96.77655151507423,96.70844080292943
98.46113376601151,98.45553575218433
97.72070139889072,97.69977150746041
99.49582541781677,99.4867423816236
95.78200690257216,95.76582387746446
99.35574448586823,99.32579953093988
99.89738606946254,99.87320722630632
98.48063332328718,98.47154274686822
98.0675706265328,98.04779496165095
98.26050438184413,98.24469858930374
95.31662750787403,95.25077216323766
97.4114789940588,97.36847883972624
98.89336326441779,98.88492235391011
99.04985245459864,99.0283849922537
100.85681939528995,100.82191267182253
97.34603493341224,97.32765747694188
96.2897997562573,96.21696896653555
97.81989688547637,97.80930674995865
96.61777697386842,96.5498264250191
95.4906795630968,95.44773811984297
95.7013629751895,95.62675672155143
96.78871406144046,96.76623909132559
96.61897279931853,96.59162261585016
101.46198555489576,101.44549322701256
96.38289131084119,96.34177793501574
101.12328086749099,101.11117596670718
97.14476134846342,97.1027142243012
97.34238725228983,97.24466356373618
98.10026545629245,98.08309703688468
96.5841031092129,96.55716999193217
101.46455431124376,101.45310315093286
102.52649714653593,102.45775708744472
97.47932643865941,97.45929300734228
99.59180580487443,99.57851763113462
97.90193814963375,97.89414739956699
98.48847434067262,98.4670880962198
94.66183438771279,94.63977822217586
100.16726514783322,100.15057968917361
101.30476879471185,101.29378143436087
96.54877784334471,96.52392474850213
97.52306536119517,97.49173345457798
97.82185218636259,97.8126990253793
98.52802429574774,98.51766511216015
98.68572052346657,98.66327976090484
102.35181704669635,102.29170229503343
97.5146238903896,97.4276185937726
100.92138249691156,100.90913795338588
97.10654136382642,97.08655690053668
99.7129514675914,99.70752351647819
98.61515561427305,98.60397343428879
96.588722396254,96.54653205543916
98.82260812735389,98.80895390254922
98.26710627153156,98.260621913942
98.68070377623054,98.67004583794846
96.67994127160416,96.64885597859215
97.08660819443693,97.06976293743739
94.62334103282006,94.57524498067248
96.80679786189779,96.78833946589879
99.24889960669063,99.208880524765
95.96600287282904,95.89227757772115
99.64034969784336,99.63097624003011
97.71553760220253,97.67843707903388
96.6209055145743,96.60336525934687
101.87565391676345,101.85988585175441
96.86701011273657,96.83522428735567
97.61856986859898,97.57230096268056
100.65737954251753,100.64746931426495
101.95411605978343,101.94661684531984
98.5813096513125,98.57074875492872
96.13716037688322,96.10361486815734
95.71665465562211,95.65335092778417
98.284169918476,98.25354833854072
97.12870165624838,97.10764106746187
94.82687325313215,94.777831212729
97.31250963964695,97.28670378911706
100.9985236801477,100.99477194168499
100.86325983109435,100.85683374826507
93.56694109133483,93.44678254080384
97.52319543407911,97.47099472360685
97.44426515304886,97.42933518795184
95.15613525687732,95.12300713295518
98.83134027224474,98.81300090108034
99.93045587605361,99.91754868669726
99.21475980126766,99.2058897749274
95.18556189747702,95.14062340985615
97.73099886333245,97.68769739339797
100.64224564142032,100.63155116940071
97.26831390609539,97.25285409346336
95.20958114899416,95.12396822177433
100.2218627993542,100.21772424392077
98.75244999428794,98.71800521067189
101.24643709490357,101.24185124120393
97.37217877239374,97.3430929643912
96.72009238276829,96.67321350791428
98.18190211759801,98.15381839795688
98.30446904188341,98.28526065237452
98.34634572305588,98.34021022601964
98.61968603454397,98.60592441549188
95.67814708484352,95.62949199131508
98.71091630248513,98.69825778177847
99.45548056310572,99.44772453894774
97.59106630198396,97.58523617008582
100.60645878754504,100.60117657001238
98.6079678753906,98.59881777578985
96.29596826986736,96.27173298536613
99.01927968261649,99.01320534646815
97.99275289351128,97.9101135725045
97.82821221119463,97.8131494882694
97.5805068315984,97.54755084492577
97.2092544687788,97.18260875431898
98.76602883894282,98.75755303597157
99.19053295938129,99.13316338378408
95.8444702458125,95.80910804093247
97.20930073867012,97.19641597290068
99.90819815228106,99.90077806229709
97.13919249400853,97.13026955210411
97.54182550955689,97.51777920718342
98.78961720282825,98.77888952176869
99.89870841386917,99.89016848404916
101.79437503712259,101.78707945428772
98.74068902529957,98.72958602697126
98.69872213436149,98.6753503312136
97.29360361388946,97.25609607249841
97.958614553371,97.94816052454644
96.14275595907954,96.03051344295244
99.04232024181448,99.02691445603539
101.08424250312423,101.074921538987
97.47601462384398,97.4393788306107
98.83128806031014,98.82394989733926
100.3169389287115,100.31356964317153
97.39304187451468,97.35348813830697
96.47528006136257,96.44262919267979
95.83595000950116,95.80687929764265
100.11224196688751,100.10698049427735
100.06380871849295,100.06118799699611
100.1790792151213,100.16986365821953
97.97832098933686,97.96749910767791
97.23724009004438,97.19103919431134
98.21528835889816,98.18915258621523
98.9649693041208,98.92728527257727
97.31691206396088,97.30521026028347
100.8626292440278,100.85818375536456
98.45427689775022,98.43478437466031
96.21427860082575,96.17633954188224
96.35884455554026,96.31929525550748
98.03362013208263,98.00200134619237
101.07381727978476,101.06642517765236
95.54711049577001,95.4914782804673
100.25501558397444,100.22732314538715
98.33266454323172,98.32601935884885
96.586953317049,96.5530247378552
97.0510715868622,96.97852218018885
98.30626006354592,98.30056628224283
97.57236727930974,97.53024671926
98.15186004646596,98.13026334782799
98.9325698282968,98.91733057471954
97.43116554514269,97.38829623372779
100.71446952494256,100.70346768527423
95.56611272961047,95.51473889476335
96.49262044410702,96.4334771508499
98.2251993238353,98.20738477333083
97.3024457169428,97.26333961936557
97.89566318953298,97.87491753733187
96.9148425234967,96.83929623085031
100.28903203552512,100.28302247789027
99.3879936007679,99.384498293325
99.87537372966649,99.87105439527014
96.45156185184901,96.39166056335979
99.95085232990162,99.93864656425863
99.93463870772187,99.92203805401266
96.48216687407324,96.45193763782913
95.92890533720455,95.87469579045074
97.73906015556778,97.68072887362973
95.77700492934207,95.76311387167905
98.48121463018013,98.47009370823103
95.35929062000716,95.30421279154544
101.3281018371757,101.31995308721696
97.58916311365688,97.5384591800315
96.01304752656927,95.98136791148254
99.18442482081645,99.1803860642428
98.20538441467765,98.19047765292142
98.80094748833922,98.79556363649395
98.4923711288389,98.48657087124894
99.14418802116572,99.1272637115582
99.3885875002715,99.37018043950337
98.0911765060584,98.08009048992754
99.90228046569419,99.89516471670946
99.45905032585374,99.4521843253219
98.57237578633331,98.56102961439214
97.68594055855199,97.67602954528685
100.71167188541571,100.70747588189965
100.28000835275925,100.27556299583628
97.58327205754954,97.5625404040725
98.71065880379246,98.69113278858546
100.44921089576896,100.44600170530379
97.88834816056661,97.87160315108568
97.32419352923903,97.31187789779301
98.87050700935373,98.8502662639779
99.2045265609345,99.18814494486567
99.77500335078444,99.77152904222932
100.3121615506766,100.30985209261205
98.0995731940682,98.05185979718426
99.53968836680275,99.51790004547401
95.25850133703163,95.20480007195809
97.81938250072635,97.77648882101047
96.75835794191231,96.73055455780252
98.54885106639409,98.53717791483916
97.57324661095015,97.52332308023377
95.44734467828357,95.39607768917598
98.99411555718581,98.98798267472394
97.95381757869922,97.92928763592337
96.02211824793301,95.98988913391399
99.77048526005092,99.76652424624882
97.38130719215224,97.35788694140068
98.00696952919196,97.99491503918334
98.07221176249942,98.04892434744065
98.87141794071769,98.86526877460611
94.9502265797805,94.88992262011396
99.23841451587056,99.22957859666172
95.803619913278,95.76712492722557
98.4201585513766,98.39311298450515
98.23137405467956,98.20819743837026
97.63527485167214,97.6113154832644
95.63363406944447,95.57244608591742
100.94140558224372,100.93675828911574
98.2818485801224,98.25510831531658
96.45182358045538,96.41412277655711
98.3499950467889,98.30340858318353
99.75188004533166,99.73807609020105
99.30486897636858,99.30025019065283
100.57156694694874,100.56671168992796
101.43738976988776,101.43212669881842
100.65514178704963,100.65133891159604
99.51165885033099,99.50272391787868
99.65990018852857,99.65048396422291
95.70129229446938,95.62778377571085
97.02607820309973,97.00282544468975
99.45413224087633,99.43341755793014
98.93463499871228,98.92194748052773
98.32138549747123,98.30487404987872
96.6344190746943,96.60530498984487
96.39512317894042,96.3657444990835
101.31547765823697,101.30858939321621
94.3939692203272,94.3189072429658
96.13308328224618,96.07097493910626
98.80057331125965,98.79758408914829
99.21117402649823,99.19482666553945
98.65178462030737,98.62393025143126
97.89604502910684,97.87156037999578
97.64089279458234,97.59500243096342
97.0234066228132,96.99833299635004
97.77792647263622,97.76443511589285
95.78692100335246,95.70593537732987
98.39463043264479,98.36805775358943
99.15198211123631,99.11963486171464
97.26642631753606,97.23930185544091
98.5986213417409,98.5955110799517
97.64073198385547,97.63356646911821
102.78159124376305,102.76530149361652
97.36536197015812,97.32618476696581
98.22292652876006,98.18881418089735
98.37741419266486,98.35513326938779
98.136228636242,98.11990310870392
99.11122279070192,99.10005440464198
97.00803600988935,96.9950173640969
96.04699958442986,96.00933171756405
100.76301882431542,100.75038628283
97.85393857216508,97.84478104787397
100.38259205102531,100.37571823164774
96.83945206236297,96.82471136563984
99.24555204798668,99.24277207282377
97.42439735918445,97.40403434894293
98.48412838641786,98.46306236728323
95.5953231996793,95.45860186802166
99.7356332294588,99.69363998178464
98.51936438244046,98.50935562506344
99.61289540591252,99.59998156003421
101.0852473021304,101.05989854519655
97.82416933626446,97.81167029693333
98.16869218981351,98.14783570541523
98.57445742493647,98.56505093884016
98.68134583550125,98.67522439344216
97.91973533343733,97.88278596715129
99.35921670478619,99.34669533283176
98.88823870426332,98.87160983683083
96.65938133847595,96.619998890477
96.35985939041068,96.33101155957648
95.12456232490459,95.03508783839376
102.21088178478938,102.19133115412889
101.48653233923312,101.48003736168268
96.54237660090642,96.49181361328309
101.19901893105668,101.19209461995685
99.77771701498963,99.76847458868662
98.10474381150308,98.05708978663186
97.45892514041469,97.37651856495211
98.05494139919365,98.01415491894373
98.85467541274491,98.84817471724845
100.37214332647584,100.3586634978499
96.99695648193004,96.9678221397111
97.13703495925638,97.10658127371185
98.14533963700318,98.13537291573124
96.88938828193001,96.86987716354477
94.68020056480132,94.55052645940171
96.65529667003113,96.61690747866182
100.99578956823352,100.99207932616609
96.40838445489204,96.35077326622714
96.67493957071181,96.65391122599185
97.95613100853755,97.9503587343131
99.44889283913685,99.44375299918086
97.7649851983762,97.71455474398863
99.74298348176637,99.7386895603267
97.31281175828474,97.28310234264507
98.89199579596061,98.88723300859083
100.86299603698009,100.84342245786314
97.38628343336123,97.36517578360791
100.70024333916047,100.68716515505011
99.13726722455664,99.12857165346425
98.7544500370793,98.73897758629248
99.48514702230469,99.47626093001068
99.47874053026607,99.47506942534962
99.75694258136613,99.75367621330413
102.36940766791705,102.36422840812742
100.53272297542273,100.52565404584435
96.28559867469943,96.20041288605836
99.22252989327605,99.21855016758717
97.6848069054667,97.66169070102158
100.01582573194503,100.00779597837005
97.83541456833383,97.82004378377114
99.09898300545677,99.09511205617395
95.79889044969117,95.73780909518253
99.40996129158276,99.40056743968445
96.54938026247655,96.5180311786869
94.40786839982584,94.30787591955341
97.11938972173411,97.08797097827674
97.65415922723906,97.64060304786973
98.17845004780561,98.1328550031283
98.43502510298242,98.42745935414732
98.59079102002416,98.58622860256638
98.52391705567334,98.51671820192223
102.59235181718759,102.58279945858907
96.38696976565986,96.35336531759023
99.16982826854637,99.15217017671584
101.1813549829465,101.17908539595626
99.64349379475975,99.62062943097962
96.7361963218233,96.691883100164
98.49173116886467,98.47569742828695
99.44253361531159,99.38704450835324
97.20705120083805,97.19410445710297
99.85869613280477,99.85173238654757
98.58366934941905,98.56567162108314
96.26653232938615,96.23031751742947
97.7429036892349,97.71354141467998
100.64789928196777,100.62510572238455
96.50495686528023,96.4636742517856
96.52282423295529,96.50233387261986
97.41235821465747,97.37191886413976
96.47211308641675,96.45341732114868
95.3385397447846,95.27203468198795
99.01153458790661,99.0053076289567
99.09878524432798,99.07524607523784
100.5601965067669,100.55025055240225
97.86192346291593,97.81405062055798
99.91163789885105,99.89992135515288
99.77380949891707,99.76261872658077
97.87810173015934,97.85952389046129
98.17765786927639,98.12259370780887
95.80378823334246,95.78447975814692
97.01267160144451,96.9755262790733
98.82340937959712,98.75996354906776
99.62855884844276,99.62070737778278
97.54107689703322,97.4974759073051
96.94980498942488,96.8840277975394
98.40347022329725,98.39738784348147
96.71645238410379,96.68633827372841
97.77560969131912,97.76842871810551
100.28197971806043,100.27929276180474
94.91139037265033,94.83710967183565
101.18986377042971,101.18327484479069
100.76810169839908,100.76242899425617
94.36803564556578,94.28128815276608
98.21488342224261,98.19646709488991
97.05105214127147,97.02734799452371
98.71123935397267,98.68735342695847
93.55495472217453,93.45139060195116
101.87246674143579,101.8653241176871
98.338341999006,98.33049113460534
100.1122167510092,100.10280349495332
98.0484989984006,98.04013076468736
97.7343134250559,97.72228615067476
96.98665712574252,96.95172552640587
98.21159890157344,98.19466005684417
98.01137068286079,98.00028809329712
99.42418465659003,99.42195141660015
97.36771729862869,97.34541152611732
99.18778024411672,99.18119468523459
95.67552060193822,95.53917105610248
96.13987144187183,96.10295634496681
98.04226342804455,98.03181539234083
97.36852600521493,97.3161996392837
100.96659416465835,100.95648106222707
96.59011150286948,96.52880082103975
99.51466047501545,99.50761295979738
98.24401819748448,98.23715531710731
98.76638685162264,98.75729880673428
97.73111946283933,97.71994794805754
96.50635944155584,96.43823392924956
101.52450168847686,101.51352831167476
96.72455348174213,96.7080150715393
96.88016743558723,96.80740320579311
96.22195311538218,96.0931150066529
99.56015775238131,99.55186946011173
98.80601848278857,98.7962350487781
96.59219006787812,96.56378897005324
98.38885080498353,98.35299816206746
96.92263396426345,96.90628726982449
98.52406654977604,98.52053063060568
96.46738875133018,96.41423021420849
98.84990731350213,98.84144686884618
98.77779524539264,98.7466410190151
94.70199939724576,94.63500206777164
99.67662022015577,99.6707913457416
99.10953045939485,99.10285851342512
97.84675914939666,97.82618831547384
98.77115794022691,98.74273740945792
97.38490124501435,97.37013189693478
98.45709905255197,98.44829277982956
96.78714171710912,96.74304014223499
98.24614792210741,98.23498092020073
95.05909466213532,94.96684704915899
97.17762154782972,97.13662524144203
95.8570328909531,95.82123535299525
98.34992301252187,98.33724526109731
96.35874872546422,96.34124466115932
96.38862375616618,96.35784761916939
96.96009421042544,96.93319963921056
99.08538781529974,99.06721191076751
97.79007560515429,97.77423293727774
95.07897630127532,95.04671992685482
101.84278579520932,101.82832247673173
98.40784453291916,98.37479470872564
100.36518238651718,100.34027406164648
95.30330684683354,95.26696899050545
97.38125448061977,97.37393298180865
98.28299631606646,98.27625243622376
96.75886245975657,96.70534238660092
96.05450247162318,96.0316889701934
97.82190550942683,97.79279701305562
97.90217190895311,97.8927612367864
98.45074819483094,98.43946384617186
99.34893204030814,99.33284611981105
99.47052809844739,99.4611151299398
101.68468789560711,101.65685015748971
99.86995873494209,99.8616913408781
96.70487234531889,96.69118034858315
97.7325601695635,97.6885240950662
98.75961105241922,98.75232687384367
97.66994972084511,97.65702757678541
98.7166471696364,98.6987978221123
99.2694154853819,99.25828118421173
96.08755841414164,96.0470440198179
93.71997382575013,93.5700897733978
100.43042506878894,100.42837013671753
101.26947211833516,101.26452369314761
99.81024638612986,99.79384087775473
97.9009157824449,97.8881793989983
97.25997496703407,97.23790262736743
98.81188751178213,98.80483898182894
96.78707076349093,96.76520755516903
95.96818900159971,95.89356357568897
97.17407749602579,97.1567467202843
97.09949472141012,97.08870181181771
98.30317889771042,98.29455602543909
97.85724165014682,97.81100952016766
98.88541322527601,98.84571694187031
98.5344769241788,98.52364706416105
96.15738141701826,96.1036979194585
97.69309226842346,97.64673074075212
95.62885769610217,95.58458198186524
98.56233196767106,98.5246664654249
97.4802002965342,97.46321795911999
94.54491979735707,94.4990564217761
99.80965391485888,99.80354746695468
100.52400611479216,100.51586767570143
98.68014348192888,98.6768482215483
95.20903787085888,95.12836871427237
97.96945512131305,97.93093567671117
98.16847721706662,98.1624797719701
96.96802841780645,96.94377045817598
99.16324001065139,99.1496835276993
98.72474449296398,98.71281514531859
101.73426603691827,101.72525790299068
99.56663950932801,99.55727907666231
97.60452745231756,97.5970230086952
98.99151688670247,98.97858971841511
97.03843526198813,97.02518309681255
96.69222982364258,96.6701200412533
100.92140332944953,100.91446112889696
101.14267031859164,101.1379542943067
96.92573515550603,96.89557185359965
99.21883513519865,99.21300898023662
97.51877705944784,97.46510100253325
97.82983802498231,97.82047634875372
98.37115370551263,98.35449177029359
96.7548857977045,96.73135300842492
98.0354171436709,98.02798260334919
100.68722674354649,100.68398341527623
98.7350604133628,98.70076055165575
97.48785942027092,97.45457621717257
100.55994264725342,100.5527847047116
96.94656356631634,96.9131418823833
99.71766146654572,99.71514459542503
96.12248872877903,96.05740006570122
97.08774377815162,97.05845229484213
95.92593882501392,95.90467346372584
97.24423435864797,97.22905817403425
97.97286177043105,97.95692441231552
98.55014861560821,98.53287754312349
98.20415851506979,98.173450206127
100.78408762416342,100.7767403145173
98.46162122988879,98.45426415643783
99.36516317877268,99.36174683860429
99.76244888182407,99.7574707691509
97.0189366265305,97.00375836145548
98.5982147602254,98.58894903969119
100.01774193309386,99.99692041800256
98.49081724536337,98.46435858285004
97.79192841286834,97.77698406734623
94.8060499323251,94.73919128566669
97.09236397986545,97.06512680559528
98.73870559637291,98.73026289489745
101.60601913225581,101.6006774138638
97.30723839192119,97.2652107518917
97.3196230319845,97.27092454328485
100.72317728154783,100.71027671944225
96.03680999798206,95.99596459759557
97.08584310991797,97.0739871538676
96.13479733940522,96.05659198836602
96.87047619588077,96.841784693816
97.56134095153202,97.54655708958974
101.1617500824188,101.15383232143034
96.3319504931515,96.29022618862845
97.90692943743515,97.90087353300068
94.85051803670125,94.81622045976037
96.7366918765423,96.6876346978886
97.70104965126046,97.66206935428742
96.60805297206396,96.54136527425585
100.24802920968064,100.24249284428493
97.04912180118434,96.99521892351024
96.62672408870658,96.60680431732433
97.5233062402825,97.50823759640444
99.2012624069534,99.19777919719063
97.45574143005678,97.40465845137035
99.0948145028774,99.08208507651197
98.71315877141444,98.68200488782112
99.36837360656186,99.36335336424878
95.80890539313792,95.75539112271957
94.84427054944011,94.80683069379103
94.67415618272658,94.56529680908096
96.06510145162657,96.03347063954362
98.6254380585893,98.61260827561023
100.09168957362516,100.08708513608406
97.86842635219583,97.84009313242731
96.60557593675345,96.55862626343898
98.95532847693833,98.95094190082708
97.94320050662996,97.93344768428518
97.35487460757373,97.31827462572232
97.52272580693068,97.49318440816069
99.5724422242618,99.5571657434023
97.06699037990187,97.04058259557655
98.07911827648746,98.06937390088534
102.45943812180569,102.43784051225595
96.13743355511352,96.10304573549756
99.03773667997964,99.02469281893097
97.77460193181483,97.76291277948677
94.92670379276785,94.83883032752992
97.41131338216213,97.3956977339118
98.50836229444658,98.5000975729484
97.01986323258026,96.9793423124941
100.15371851569365,100.14086259624563
98.26825386292141,98.25982479232964
99.68812325915542,99.68319026017235
99.54638284927873,99.54346806358394
99.1381402039115,99.10159240384164
95.82322129100767,95.75634338749428
97.92972747049421,97.91123585515483
95.01303117621437,94.96891467177451
98.90253164261213,98.89722527633563
97.71344370055046,97.68545616821771
95.55053163362038,95.44587649315879
100.309492418149,100.30120024392885
100.0556229339831,100.04780323748146
99.11215600249722,99.0735929643695
99.18873682316986,99.1776964750828
97.81302830323598,97.79243706069413
98.5930155427979,98.58285790907338
97.66772927719263,97.64597470033144
100.8805355751246,100.87335147341945
98.3150745768658,98.28168553943155
98.05671746251262,98.05205334577413
97.22633656992163,97.20076390075654
99.82809710031268,99.82066131274524
93.45987119044459,93.32964784934897
101.31738166003701,101.30833033439185
98.77561043180393,98.75066452033384
98.80664557157708,98.77784857341572
96.84819950331303,96.83048156446776
99.9288963698535,99.90567326900738
98.51248548498187,98.50155530276776
95.822315000764,95.80514883579811
98.41660535963922,98.41408979730957
98.5786161208809,98.57087971253522
96.05243110278839,96.01092289067707
99.33358858733347,99.32767423552713
98.10554021425234,98.09934065600076
97.71449353955916,97.68748827434048
97.86211192099208,97.85660340722242
100.01441549340792,100.00659185139104
96.11200371815465,96.07604508330307
97.93450453136025,97.93035879322721
93.77713491236868,93.63699552014921
98.03604266614978,98.02253648983239
101.6947046791464,101.67928149873678
96.52359620594643,96.46754541098638
95.73846268198986,95.69876122659693
97.98456720591541,97.96244762794775
98.48518872750785,98.47543296179961
98.06012027218843,98.04791310286205
95.65512281853763,95.58727826236624
95.89282680057171,95.86643090019919
95.24766292588981,95.18171479274184
94.06996811247895,93.94258397492342
94.35304015623619,94.2497837650872
98.96705527234913,98.96100568110181
101.10774906718412,101.1023751213088
99.6054902216176,99.59377410084791
97.92162256819029,97.89144125674329
95.52986697151454,95.48818238214832
98.40535362326942,98.3948529666266
98.110538732991,98.09247708910728
97.61113378406517,97.59559868136813
98.44615105221754,98.43695264771193
94.44916073176078,94.41010623926321
101.92310195190554,101.91520347047708
99.9832950763852,99.97264989029594
100.05894567682505,100.0534500868939
97.74317436765403,97.72584967309199
98.6719404797148,98.65747515723982
96.88904133103378,96.88066251737663
100.64448564655837,100.63028125353267
95.09989722016759,95.01889305408496
97.40210398718823,97.38961965860167
98.90671135981634,98.89976938587883
101.57696263057274,101.5489434243043
98.63947988319744,98.60017842621288
99.14773908352515,99.13634273388887
97.18768307174636,97.16264898395293
95.36165684898072,95.31722100077754
97.93492904580496,97.92283879198345
99.8139131531091,99.80625672966175
102.153687294326,102.14010314934677
98.49058023125127,98.47609420785757
95.85902479003138,95.80552130180322
97.53875420267431,97.52675767043716
95.12678928775077,95.07524941814857
97.91888879120695,97.89902384159114
98.75454260658296,98.75036678237765
100.15324240182943,100.14283025047168
97.64465961976144,97.63911566326689
97.97552317920159,97.95901000114698
98.81415175500084,98.79988511333313
95.24838729264523,95.13730345754729
97.53027628184249,97.50914899478212
98.06167799077143,98.04674668372581
97.84644340353128,97.69600531555717
97.08037303406535,97.07302833688638
97.34492375233668,97.30827951569017
99.0839146913473,99.07252403543126
96.90950872852284,96.87532377133694
99.37562069352406,99.3646282208439
97.416023173774,97.39100836154894
99.10023678786634,99.09083047102168
98.8390166627765,98.78394444240135
96.13096053644684,96.09609627478447
95.09929927174271,95.02282276418383
98.3179925637508,98.30276045296071
96.80203337337595,96.75216053737257
96.68588565834588,96.6335068160564
96.25430879717322,96.17921494967733
100.1064200227149,100.10140148014271
98.96442984064053,98.95946693944258
96.8306081117877,96.78446399885503
99.74622927288355,99.74242424754516
99.25722065822913,99.24642822730729
99.33555066603911,99.3324645163192
98.79769439881935,98.77620857424341
99.92511832243827,99.91967618824144
95.68161944634026,95.6011005364837
94.88092231524293,94.83826208097503
101.0778626660375,101.07124285810735
97.27528369990333,97.26226784252009
100.52989568983159,100.52717593614199
100.74891432204848,100.73450276169322
98.76876892244634,98.75735426727995
99.4298316758106,99.4198637891842
95.23293355478675,95.21006800060637
97.5663449467168,97.54653824940013
95.71302536100453,95.68729772577535
98.43692074162261,98.42642401312426
97.61090874938773,97.60093613851993
98.72187897012273,98.71423490401762
96.19443801135627,96.13502553749649
97.24938701847272,97.23629082897195
103.29803716890412,103.28578192747165
96.32967832444932,96.2671097220466
97.28097130729464,97.23152879831322
97.07600964094361,97.04780106796413
97.80523278339311,97.78431593296226
102.20464069994867,102.18417332141235
94.98374435161833,94.89176473604283
96.18989337020531,96.12124550437112
96.55041003990038,96.50839892222989
96.62721660228296,96.58803441861093
97.5895124362797,97.55711870988378
99.18193011989422,99.17394425477251
96.5062707797236,96.46413899574412
99.7506509170741,99.74760496910689
95.10342641739702,95.02795239064355
97.21544494403778,97.15978021493136
97.94864326995437,97.93475197166559
98.05120523588677,98.0373100016648
98.0759424214294,98.06384694814133
99.26377601459345,99.26058245783402
96.53851553532155,96.4783279672629
99.40057757632145,99.39664493022119
100.04751595758245,100.04158522972043
96.5611956583094,96.53872892848582
97.72789911891964,97.71101626101323
99.94708318399175,99.94317715965627
101.56185640485853,101.55661912020868
97.87742200160196,97.85829464814921
99.58968248988732,99.5867147386238
98.43398549761521,98.38915306694312
98.4738105305268,98.46322793897168
98.85504960093913,98.8443867430261
100.00319173258158,99.99975419477836
101.15931807785007,101.15092843464419
98.22928183630879,98.2156500678321
98.79270979461852,98.78636221854623
96.20535035139126,96.12777562339018
97.68256566839769,97.66113021057532
99.10962534382541,99.05552778501107
97.62538818967757,97.61459247589976
93.93820959080185,93.82378830517938
95.96664496789816,95.92757275954149
99.70189221267269,99.66491917095212
94.30290128110673,94.17303279089423
96.9994997093253,96.96248191458649
97.51524311643645,97.50900796072092
101.54784037942954,101.54037104505804
99.46449379156006,99.4458793474053
95.402599238667,95.33229636235549
98.14411840314332,98.13296448234765
98.14658987588231,98.13426536190934
95.74083155801063,95.66605445636047
100.07818013971598,100.07194342716507
100.1087900446858,100.10107348823755
97.60795416011777,97.59290270756426
101.73915016074669,101.7336514233101
98.2522473893698,98.22950704680618
97.33066927319818,97.2925595580916
97.77578222513813,97.75133556659533
99.52710707751963,99.52125623953201
98.15201941867677,98.1064367053403
95.16072266487568,95.13087403122421
99.22208104051256,99.20829456918088
96.0241369278632,95.99250866442526
100.46557143871922,100.4577405981835
96.84067176423572,96.77694260303579
98.58533004212961,98.57497005829693
96.94912982828457,96.8978235154817
97.86106939799225,97.84133368530226
97.05889922682522,97.00806025886871
98.5174339990286,98.50720769842452
98.51373494437294,98.48100391028882
95.49277569479959,95.47622335744327
98.9830094494092,98.97486101556785
99.75790827779969,99.74662886944586
99.60845750518195,99.60432853732857
96.85508520788281,96.80195327863315
101.16196108332828,101.14870744497337
99.23238868622943,99.22947222717471
98.47675209970603,98.46083541601409
101.22036295564891,101.21306409024596
97.70564833224402,97.66817341488078
98.07780214371509,98.02815310978085
99.25858819383573,99.25067522319264
98.0159788175232,97.99838763615014
97.98367698008498,97.95894499387505
97.7804109330395,97.76404612418314
97.04399636944754,97.01532260139794
101.25012191057718,101.233046873388
97.18721778955836,97.16633299363482
94.45154857926524,94.41655209681912
98.98350977744576,98.97161564373951
98.00864126631743,97.98914368114865
95.58861223152275,95.57565262048085
100.30289781261366,100.29580995909802
98.8975069933686,98.89204407760164
99.3272859894794,99.3105362749193
97.5462169272003,97.5148119429928
96.30854292180396,96.28388454880489
98.16034630758844,98.15385786152255
96.37111444128574,96.32289329812983
99.17908490807122,99.17494409106791
96.63080804836662,96.60222074229895
95.26217359467844,95.21044596669687
99.12943252524141,99.1093522231202
97.74707926382176,97.71370225216882
99.41971317927268,99.4145371200163
102.19875973468744,102.18331357468254
100.26938806729372,100.23627214177633
97.98284024305906,97.9623487959485
95.5248726897118,95.4058953745134
100.3238057028414,100.31637667468827
97.36590995780422,97.3257883465301
98.33758408492133,98.32827114040963
98.25753350905296,98.25292482813583
99.62363056871915,99.57797091550881
98.7749296197298,98.75282509870955
98.28559449918293,98.21924167612144
98.17343236876509,98.16032930623048
98.27474550589646,98.26552747934291
99.67100659670768,99.66767240104103
96.12089375192382,96.06199546657277
97.60148704686408,97.5797635507567
98.72896778924354,98.6990043792343
96.5636342296399,96.50259999342326
99.78953836918676,99.77932477116829
98.47755318650053,98.4689448860016
96.68970585987546,96.66760500966636
98.26294224801416,98.24935684406266
98.06571022787256,98.02319067407099
94.55927465023518,94.4673031130126
93.92907467476762,93.78027145132943
99.88952522457399,99.88128673888656
99.01174895897844,98.97756792995034
97.9337027235613,97.91244023535442
97.50321193497493,97.4773995083409
99.57898624986761,99.56784871144674
97.99299918045108,97.95501617749389
101.83140011651936,101.81250591942717
97.4454699561184,97.42960848607949
97.570437446735,97.55368930450021
94.48697350476439,94.45058838129503
100.93430801264037,100.92632116860794
95.93770930773857,95.91657451212909
97.79239837807641,97.770790335814
100.5746418459225,100.5707926663167
100.1643139445224,100.09864347482407
95.52387344318451,95.48157183980632
100.44028757260713,100.43187902884443
98.4518426100914,98.41977104839219
100.50587635299281,100.4978219327886
99.285634456431,99.2807787759525
99.53357023334094,99.50016535732564
97.48550183785488,97.46464787915623
99.93238526689952,99.91658365185438
97.52788015537391,97.51274514108394
97.45910517300082,97.43551862860603
96.60429036274574,96.50536570058743
97.21598876511842,97.16604606727792
99.91347308696473,99.88802634144707
100.70455649506006,100.66996667441349
100.67704436697971,100.66989285838321
99.37403838816506,99.34757702110514
100.74852856683844,100.73464290607163
100.00709960305254,100.00491171529075
95.87425958946123,95.83096932439722
98.45921798761039,98.44204017342555
99.0412601251626,99.03737319964483
95.96312281867974,95.89862632201674
98.25585828768126,98.22415902269849
97.15069406661773,97.13751686976167
98.87092179135348,98.86421131449138
97.00712378933022,96.94842933779447
98.8255158640911,98.81262256738168
94.80270135364059,94.7040712435785
98.75898293756356,98.75266952384592
98.28727861039177,98.26302413036564
100.15874427836889,100.14181331702324
95.74526925837921,95.70515291293607
99.87999023853973,99.85988827270587
100.21560681568661,100.21195671849853
96.98450072877851,96.944256021998
99.05986615588023,99.04095857368871
96.79264723726308,96.76715298437985
99.68125735516978,99.66480431961588
96.7971504912861,96.77772123128456
95.38047524274471,95.3007178336495
95.16833852757765,95.12961939316214
98.8815036914127,98.87404289031964
97.41574326723924,97.39507431866717
99.44342777504463,99.42668746464705
98.96339131981782,98.95348888086906
96.54481597764065,96.5275548756742
97.68214002548724,97.6774030348632
96.51166186937951,96.489666813273
94.91890247208963,94.84338119263198
99.51636700390104,99.50448376293343
97.0289108270898,97.01434727503842
95.034334464185,94.98586096037494
97.14407785399358,97.11368038232962
96.3266561664796,96.28230262732808
99.31444939889984,99.30770115770704
96.34490498421357,96.28988049869447
99.13243664551473,99.10421751669652
100.16870354846884,100.16236963226115
100.58008329572368,100.57608620481419
102.19470320636958,102.17824339446526
98.10664488565013,98.03908888434533
95.46668359020903,95.4411808758305
95.55142295091805,95.52508899539365
98.70540451739903,98.69335565162532
99.4042670835574,99.39733127653452
100.57848007578183,100.57722745748241
95.27810870574622,95.24302494592933
95.00682561655191,94.92806619834599
95.47659607259884,95.4272266826764
97.87396947584818,97.861596783103
97.12087476457984,97.09294444930391
100.25223231534828,100.25021029891865
98.02500606428676,98.0172954452207
97.71280668109708,97.69199172084103
98.07446721990729,98.05500157187052
98.92542718233727,98.91876604925805
102.13423645109695,102.12306665307625
97.19014610874136,97.1592757995664
97.43012957858414,97.41154105062544
96.68364372004264,96.64049386786205
97.66761373705977,97.63862702859643
95.99712967594131,95.95794716943017
96.22263821917774,96.14714673017255
98.49962556143996,98.46687447580125
99.89818554218873,99.89081770817926
98.71261095142113,98.69397770713313
94.95242899178415,94.91178200884188
102.01358070181873,101.98749878911214
98.01103423891158,97.99157770501222
96.17124648294404,96.0295271101115
97.30790874399581,97.27848712969775
97.72593476002754,97.71522720540759
97.0599971189517,97.03682160531409
95.65104269585801,95.58374107721242
94.9692119351606,94.88754960142465
96.61582207020656,96.56372379465857
98.70104834261637,98.69238325726481
97.75713604949937,97.74596682052082
96.35664093577238,96.32504605314058
97.51195810759398,97.49741571628927
98.03713742759984,98.01998614412007
95.80122912220757,95.71309800618778
97.74191436598383,97.7132584195923
96.92396811692781,96.87734547427374
98.90099907831087,98.89711705613938
98.78752807531708,98.76669464644964
97.2502686390668,97.2295731065172
98.79315169803647,98.77005333089696
98.93067224117722,98.90293086031636
97.20127759938583,97.16157493585538
98.33192281363334,98.32128217363602
99.61786330632789,99.61521803715058
94.83656056841846,94.7957457545152
100.16260088576809,100.15581708828554
96.18810448169668,96.14486354266207
97.48179798189547,97.46359037475932
97.27850954584272,97.26322505058916
99.60821029313982,99.59100944739693
97.50794529022032,97.46635595761794
96.95246011392004,96.92728643250818
98.82851161783748,98.82618248239861
99.82255155546322,99.81889380448695
95.80508991504263,95.74940412479135
97.87781456530045,97.86405215621878
95.76166737389816,95.72704295526422
98.32480855754991,98.31140470653689
101.42528033575618,101.39117204217845
97.63667338948953,97.62435914079394
96.55997084932169,96.51259279655025
96.04574020368332,96.00452897219539
98.94505608224935,98.9310815013428
99.94041956518139,99.93492365672222
95.00365545710284,94.94756219014214
98.60941410725034,98.59298050429237
98.44190754966989,98.40264769870657
97.794160088404,97.78079991931459
100.71063583862596,100.69335243184902
100.0949686167669,100.08276835336316
96.77787295458569,96.7616465545002
95.89714330865226,95.85028773586689
98.84913926140884,98.84450834826421
96.1026878586128,96.07444659091261
98.46477966184403,98.45544166924586
98.5712770969615,98.53792324927808
97.70918008670243,97.67764592856858
101.23935098872803,101.23156746944842
99.0703555960421,99.06295700337584
96.20765602192759,96.18410559198348
95.76947610540323,95.68236736683717
98.33338648077876,98.31613076318492
96.40908529541964,96.3211842375502
98.9679637946196,98.94934814141986
95.59172096182841,95.56404309230287
97.67650718818794,97.64442513911648
94.75140421283815,94.63485445840345
102.05088140003332,102.03432799321266
97.90917497425866,97.89851331559015
100.58204916786306,100.5748698230111
99.15085488437312,99.13981947355006
95.92089775344658,95.88239172527928
98.30311034260319,98.2727872579791
96.29492362788835,96.2692110332615
95.1255585622175,95.0722233471388
98.02760456761598,98.02140364835145
96.10855306568168,96.02568203052405
99.1036808837651,99.09650714541952
98.27444663743296,98.25638644236459
97.84130426165281,97.81107670547794
96.69400579092202,96.65797122569397
98.19421458634146,98.17147651751971
97.46860925445219,97.44012998749871
98.91955491983754,98.90748036079856
99.05110741001654,99.04296337091844
97.17201284808465,97.15764771169486
95.78243118262631,95.74705426805652
100.062224722642,100.0475973475123
98.32080602016661,98.30405257716329
96.44106025432309,96.39416384071455
99.04833209951265,98.99100965351022
98.36398185781717,98.35981187819964
99.84879015529324,99.84375353274089
101.0645930516331,101.06229092851413
96.07007352693013,95.97984313095012
98.60875048916967,98.60611061557569
96.86792526433729,96.85168024858515
100.04981962182605,100.03937047831765
99.80458803759038,99.79589650188554
98.71112170577011,98.70624909616265
96.29306124953683,96.25854604846178
97.71113377464461,97.70504515461619
98.72218688367835,98.71942381462388
96.0200175657064,95.95910672102058
97.88510120459048,97.8674156310995
99.51645739678365,99.4922418053514
97.54743015081328,97.53490781632996
98.12972157782977,98.1131317355891
96.15301930165215,96.10326583333226
96.69832514243481,96.68707145258077
99.9584351266739,99.94591783698428
99.43014658049451,99.41224147648141
94.0065184009896,93.89252526294445
99.6684846824182,99.64666542408156
95.90054763069233,95.85039064985571
100.45013156779422,100.4376749677118
98.23288838611543,98.219680821079
100.63843353887678,100.61844553213861
98.8283320235746,98.82103433318406
98.60808332469826,98.5996221552392
98.5067418061405,98.49968018994477
97.64907374795675,97.56600863822193
98.04505385121396,98.03924338955002
98.42927438524808,98.4241483648744
100.23414337989502,100.22538754233896
99.3522666299628,99.34902686556731
102.14557577986022,102.13853469478842
100.4736014602867,100.46851042891473
99.44067532695958,99.40787511202367
100.41485370588167,100.4079992167728
98.22503158427793,98.21500914200868
98.93466569178719,98.9136198136138
96.02406744412845,95.99086951629407
96.3384379606775,96.25593560816762
101.39303747676935,101.3638478478053
98.061377170868,98.05647084103379
98.99835890054628,98.97852673544939
99.63197117852712,99.62211001058844
98.73763457299893,98.71855916203393
94.14379145371394,94.0272093794661
96.10418965522884,96.05928653063178
98.5363605304436,98.51755783661316
99.22427348880889,99.19031715743594
93.7601733123265,93.70763180767253
101.81138388221152,101.80229939238818
98.46107843484604,98.44969378289349
97.7204596061443,97.63115313858631
96.28314734666935,96.2161649393815
101.22361630818891,101.21535574951265
96.9567032246371,96.9137531705241
98.16241914189149,98.14771038840595
97.90628692796099,97.88047484124942
98.23073380965498,98.22579839588285
95.37273639322966,95.32610427198583
95.26370782417821,95.20796093862242
99.29036170822836,99.28446201302404
94.61982598506917,94.52846006854794
98.72538875441941,98.7176625263598
100.06581467748897,100.0530828261489
95.9681816405859,95.91092057692707
98.31248296570175,98.30853759866592
100.41303646388873,100.40768718870139
99.23503977206715,99.22945491710502
99.82012149271715,99.8150307867649
98.49140800500376,98.47157237320513
97.96284543095817,97.94547771389682
94.74502686850923,94.69431506182887
99.56916439853472,99.56222053254353
100.59565340330761,100.57611590429786
99.33405965344951,99.3280461317976
95.91743359798662,95.88397675767416
98.63977557189062,98.62735580241544
99.16115645974469,99.15618180678798
98.88927419625588,98.87598130121907
95.94325369110179,95.90772325709939
96.7315172540931,96.665978439348
98.24090822301224,98.2035796249143
100.42228804473669,100.41157208679144
100.38332686876018,100.37874537837885
97.26515579402148,97.24156871292958
99.76842783665136,99.76288925988746
98.46265996049446,98.45141338091567
100.01030160091508,100.00446584274437
99.59293667631117,99.58937519429676
97.54727669860365,97.53354295512234
96.47996162121377,96.44393032396965
99.36366379310024,99.3421301443262
97.43003739902333,97.40429782542294
97.5479310238943,97.52532019308543
100.89002303883582,100.87966160566431
99.27602356758578,99.24909876497941
99.83970299950155,99.8324697108804
97.34628776520853,97.32878007602437
97.76156531031387,97.73476142860089
97.18116584418298,97.17201923424433
98.89009628630566,98.8863145882482
95.79450766288056,95.76867678051994
95.25037614710385,95.10166727318398
96.71103422872545,96.66790166798721
98.06994894583706,98.06305983748796
97.52447039113669,97.49820799007347
94.30628533267607,94.1778131082526
98.2876647663019,98.27901632371476
98.05802816933134,98.02246952277382
100.63327150722432,100.6299454387357
97.87610010028196,97.82786357410001
99.80094824127045,99.79157871167249
98.15631471058956,98.13973032921622
98.66970870410614,98.66105535863008
97.6627372603546,97.618750181379
97.8070762222595,97.79705009670586
95.23429835628036,95.19089971149079
100.1322075600312,100.1182836470911
98.871956503064,98.841415701884
98.26569435799321,98.25702684991597
97.73759726586474,97.67689542082698
100.80116620155957,100.76958581301744
100.58421534501291,100.57948810367718
99.76491995253822,99.7574791112124
100.35783002614453,100.33825524287333
98.10679112975782,98.09519357447739
98.82095367886873,98.78789111716603
98.0849186690716,98.05891518633665
96.58825008311732,96.53617962278551
100.29016373411892,100.28530300190958
97.97512810682915,97.88615362843613
95.53969548992173,95.50298991952836
97.38789596654428,97.33543994461591
98.720253058893,98.71368086370983
95.41963214602777,95.34048201035559
95.36042056886168,95.29167397359207
98.70111702994679,98.6952891164946
97.14954479820766,97.10330724636663
95.85160713185189,95.78370104664755
97.11690621986851,97.07413986933886
99.20928138057648,99.20291739635024
100.59450324554082,100.57555781972746
97.26434260425594,97.25141545954588
96.1609293564318,96.10370023248969
99.39728070890352,99.37293287191821
98.13809797589752,98.12900765178594
98.21068097817863,98.20509833732716
97.9993846903303,97.99449634840227
99.04556238746781,99.03935151922856
95.47429976351359,95.35133609778346
98.98178340894526,98.97091612572785
98.28266523144522,98.24584079878287
96.15799422577595,96.13511783799093
94.98655043123023,94.92771678009854
98.67076479078895,98.65429606094926
96.78623739583725,96.76902006551963
96.96151575730494,96.9409772084197
98.85062407980628,98.83691147504777
96.93382816712813,96.9077558824326
97.57171221998324,97.52501959679734
96.28071674031824,96.18319840505781
99.48677104194905,99.47993191767968
97.26608144937451,97.2526846129658
97.54233834396544,97.46419213721683
99.24359149030278,99.23401907607682
98.67854717973152,98.66782953796407
97.95069943730415,97.91905121924826
98.10169649894775,98.05344098900683
98.5630742221381,98.54494292058934
97.66352248236592,97.65707488523913
98.90811186829015,98.90098293475828
97.4526769690742,97.40577584277484
98.91614272265038,98.88203562003969
98.10189968143719,98.086760644708
95.97742753398117,95.92989520606076
99.26623992690449,99.25912231696303
97.13007296276147,97.11264901844501
94.93231370464109,94.85504630922838
97.06736395849411,97.03957085177878
99.9732974430191,99.95508709417439
96.27507822460154,96.23456570556391
98.64439030716667,98.62598934359083
95.62111952026635,95.58828139691315
99.87374163859572,99.86921481784589
96.48233807269492,96.43205573550433
100.35376468535468,100.34942283975381
97.68763187315238,97.6510870466758
101.39925143050843,101.38684351270733
97.26560892124309,97.24239711453775
99.3652024620482,99.36022665300415
95.33490458951023,95.2884107947094
97.55901676276746,97.54224155502241
99.80342574823455,99.78634378622142
99.98795761441669,99.98418722197653
99.3082296074839,99.29263155321726
100.23490681522979,100.21591032533003
98.65855254874619,98.62341056120025
99.13841906278459,99.1352251961007
96.74759551601088,96.70146123657966
94.41245513360666,94.35863155072981
97.44227791667376,97.38253981638792
98.61013106216446,98.58864475182969
96.65164489421717,96.61466633132963
97.72158047924785,97.6952463356457
98.61821537517977,98.58915540009477
98.1072283920923,98.08962297516771
98.10365666607116,98.09612291481078
98.19674386424454,98.17587926341915
98.52559809371276,98.51644345119111
101.17369662255136,101.16030149304696
95.68160637735693,95.64211552352437
97.18680412210523,97.161925060918
97.62484145431623,97.61496948565978
97.67153301309042,97.62540872240223
97.98261757142734,97.97843365766286
100.66606894152312,100.65337195982362
100.0516431223104,100.04403329621985
98.65646026013086,98.63878923305515
95.11507856839995,95.05862392065775
97.58312862175087,97.56762399249553
97.95077827785883,97.91037341035835
96.27850591682024,96.25238349891303
100.42765733616919,100.42260671421441
96.45495269322547,96.4173993218917
100.70443256421395,100.69008220203449
97.23354566667415,97.21540450215144
97.00499717818299,96.99141827451389
99.81340686796946,99.8105549684749
97.87961324214167,97.8656953235233
98.95385996037425,98.94782547582443
98.48039998728105,98.46594632307729
97.58727384830134,97.55758041506967
97.10628686369427,97.08438069825026
97.03362112662029,97.00822248856674
99.53804684060404,99.53487204255585
96.3593001919762,96.33455003452164
98.16751312508964,98.10150817772198
98.65174958997757,98.61615124067578
96.14036469391175,96.12886904429733
96.73703687200265,96.68843033310335
98.14143443594841,98.10864463358371
95.78094225094841,95.74901956446759
96.42252110667577,96.3874738055371
100.77842374094404,100.76854762723706
95.55339637577852,95.51582798880968
100.97682907107107,100.96897588815476
96.72644176815426,96.69411576906082
96.58398515093218,96.56614788319452
99.10146521579262,99.09377025840384
98.50071051066358,98.49584705742095
96.49148300682802,96.44911202375911
99.40114900718704,99.38950687513606
101.32070350350027,101.3159855069275
99.88472273940975,99.87680394499874
99.03288170025772,99.0131457074928
96.01408743084147,95.91601010325108
97.25699979530087,97.23602773203879
98.73684674140742,98.73040351265627
97.39898465514905,97.38639338479994
100.54219476838051,100.53319379380017
100.68693135777225,100.67154705281017
100.26776693350996,100.25513970684547
100.13540232719554,100.1170071124231
97.83035664761391,97.78280717755847
98.84740203804945,98.82356456359535
95.71598740756033,95.6249288892735
101.09101399232857,101.08215638253773
96.44714338299484,96.35180920318639
101.14440650985392,101.13531580436853
97.51014297465944,97.45262644326463
97.8842986216172,97.8722597386425
98.47736077683669,98.46588326452054
98.57322074950562,98.52475499601346
99.3461373080248,99.34197036680888
97.00989318332842,96.98353558838072
96.55424971824758,96.5063620133529
97.90077221704107,97.85516011998219
101.24158823397077,101.22795596332406
96.7744400608969,96.75568969423432
101.17525149387899,101.16183441167078
96.4949226897388,96.44355594946806
98.20181404207726,98.19039815521465
96.86603654275459,96.82692557647975
97.97650817000773,97.94773425032322
98.22834611035911,98.21469489944452
97.25372844671651,97.19189390876055
98.51418143644567,98.49113103987897
97.22148584633203,97.1977405487239
97.50575636011904,97.49065316662951
99.4870012097417,99.48330638356997
99.3595343145749,99.33662489457521
102.82321793720801,102.79219413445169
97.04499108294812,97.00368961016527
95.70012835257597,95.65226625908494
97.49179735245998,97.48019862252043
101.80788153991608,101.79032903134865
99.1879040362671,99.16058245399745
98.10628338175056,98.07179694124903
97.66583205746397,97.63855179259035
96.426481713424,96.36777577632022
97.67126224009424,97.66572325564587
96.09748753834533,96.05529123533718
98.09094612873204,98.06185796816932
98.5244140380194,98.5181237950437
99.17586069029109,99.16645733546153
100.63852678179391,100.61002194204137
96.74386155424489,96.72397257785055
96.96768485552607,96.91401732173021
100.71958560578572,100.71097843759176
99.34032860693094,99.3254045449934
97.69383967120784,97.67138203666137
99.01521902574613,98.99592040039263
100.58276853077234,100.56561156121617
101.86266372846094,101.85524953066361
98.99870278967921,98.95394883974625
99.05540306430808,99.03923212933458
99.98266058110279,99.92304153336062
99.1865294757025,99.17565049607636
96.78320811460098,96.72979293079861
98.53538685730737,98.52540330063545
96.94401642473277,96.88223405757586
98.17723580140476,98.16156581824416
101.19141896833655,101.17180031227004
98.56239187588204,98.543641390503
97.84750570973316,97.82026524254039
99.0074925477055,98.99369809098486
99.39810900955995,99.37897352940863
95.71391394429969,95.64552818710011
95.82043008181559,95.72943096292427
97.68549296088861,97.65429867290516
94.9227024802591,94.84751079926897
99.6948229045978,99.68444099976676
97.03087335378378,96.97115869551298
98.71530579132879,98.70502577367263
98.27290366747809,98.24881725998452
96.66261733676969,96.63264178378509
97.40523688741938,97.3792535504007
99.14485839176231,99.14111231661443
96.99542376654927,96.94077419090685
97.80411852912508,97.78555823023089
97.60695642896756,97.58424637051324
101.58190746493125,101.57406559105833
97.07515309390709,97.03171203113313
97.7381381523754,97.73429757550846
99.31484441151484,99.3086309042647
96.86291537208461,96.81107340010114
99.04476695199675,99.01036868642345
100.02110705989176,100.01590953847119
99.0761493725949,99.04912017711906
96.90621513207279,96.85421825660464
96.88536551886305,96.85949691644981
100.06462864841815,100.06082713466398
99.42788616664335,99.411761788667
96.63645328203685,96.58560859588216
98.71962300687214,98.69945419193762
97.69261634613171,97.67101065604255
101.5287370002654,101.50204628729735
99.17947264233052,99.1714681333258
96.80759856599066,96.78648672319173
99.06986082603403,99.05987424904758
100.20240460627862,100.19436182827414
95.50778186492467,95.45767926250662
100.24430953962884,100.23573167936433
96.47755805191775,96.4427434958658
100.12232802608305,100.11935747568128
99.26397098685601,99.2504005922645
97.18676024973637,97.14186059574806
98.35343602297453,98.34973742986506
99.01977482978833,99.01575393129812
96.5810568816763,96.55200503799361
99.02622191172287,99.01382514082532
96.1560512985713,96.06582923177639
98.11103671008277,98.09783155908565
98.33200386867702,98.320985372607
99.52612193639693,99.50844333983454
101.24134351702327,101.22793189196982
97.76034717227394,97.69649043900053
95.45456490350841,95.40886147483377
100.76026418053478,100.75366182689214
98.94371560320035,98.9373647744823
99.3759069387699,99.36510653663626
96.48499568867705,96.4309868181061
97.5790692983719,97.56307637700547
100.42553282983344,100.41238933736919
98.17511830493395,98.16329144931557
100.2385089289421,100.22619689464616
97.93694387023677,97.9208178648898
96.07594280304833,96.0383108739518
98.19795049163069,98.19192755946129
96.18145934692447,96.08960999657853
99.21154066553832,99.20196447839112
96.12874282468128,96.10189722450349
97.365780052569,97.32277054376569
96.96438327721602,96.91387407253508
98.01015278526106,97.99595602614593
97.69640844597605,97.66274029443639
98.80996314914479,98.80167106043031
98.79879424214309,98.79110508434687
97.24362424027755,97.23177266393219
96.69987031943123,96.66438924912788
97.31136831815807,97.29718935130305
97.78244665450495,97.76723034548897
99.28150773545931,99.2705347722287
98.11522498377263,98.0894736383184
98.22364856101862,98.14532229148004
99.76599763231094,99.75102690304728
97.85750313323435,97.84047327923057
96.74504443754789,96.69407292021319
97.87313791323075,97.86687401276875
99.4010026138327,99.39320416537339
95.9903914894214,95.95963299204124
97.3598260209727,97.32847157768025
96.79449745841094,96.73948834722393
96.54748940698579,96.48171117776963
98.30345146508108,98.29451497181088
98.2910374926804,98.24835373309267
98.37443607084387,98.3385727292147
95.55330306424159,95.44782539622886
95.89090151696172,95.85687319365385
99.45506650910997,99.4499590982509
99.11940270953201,99.09492342365748
96.65395582951676,96.6007914361777
97.77135751416583,97.72222093938217
100.27338664131918,100.26932808768552
94.65665859407544,94.57039471239403
99.53820851151903,99.52095441715446
100.385101378057,100.3780491898524
100.66620926504793,100.63265520809672
101.74570466289659,101.72426442719554
96.62590073133978,96.56173714504516
96.77376875678385,96.76081675401024
99.0322163261758,99.02463426714
97.45123694893637,97.43225878302923
97.8170742265333,97.807098993909
96.9992391739305,96.96669652882501
98.42904339418034,98.40263001467109
98.981540155294,98.97705384529485
98.54866656097211,98.53072265107218
97.97197126612959,97.96803518552703
95.79589815632924,95.73101483814793
97.62659970789649,97.60944011110666
98.81626435432248,98.80977043605338
95.87300478613025,95.77478860080218
95.24503086091363,95.20028575182789
98.81218361461276,98.78247430681884
101.44889489800919,101.43139396359956
93.52509965636689,93.35477785859194
99.95635798331706,99.93730809308948
97.61879354813723,97.58562730254819
99.01519340546858,99.01122036159994
95.1107525369003,95.0037058038848
100.4999451546123,100.49703017513224
97.72939171793851,97.70064041904729
98.65565760365047,98.63783579925435
98.0392892680571,97.99619102787979
97.88930531876578,97.85032239065625
102.17339182285616,102.16272922480408
98.50521737066597,98.49760323762268
95.74297521484844,95.69428760870512
98.6920275008349,98.68668617810252
100.54145301509627,100.53430436011688
97.7787322776518,97.76241070013228
97.85801822082311,97.82369027472322
97.46531317713725,97.4493643482578
100.4131229254074,100.38691312646759
99.80429331539266,99.80103765527322
94.31819663210663,94.15543264407873
98.83699988198265,98.80668969899853
98.12633373590553,98.1131813265803
98.44709250477479,98.42440723363046
98.55590987998052,98.54917080671478
97.60553042960655,97.59358894759423
97.29153809444092,97.27589139096078
97.37602800577726,97.33455594715187
101.41395406855034,101.39864456529858
97.74976566905934,97.73121402618852
97.33908087246775,97.31035853660231
96.37291082456933,96.32189310873875
96.877882856783,96.85286128914146
94.0454353503329,93.94648003024994
98.26544582646338,98.24939422984353
97.74199996630243,97.70907534759421
99.23701069330264,99.23043380597855
99.0319669378579,99.01686958475055
96.8074171415586,96.7871161384608
98.76849006604996,98.75375212177416
100.0441790056321,100.03999782076971
97.91083712718208,97.87917674484365
100.99384734419235,100.98980274422482
96.44265292579847,96.42344942276964
98.45904414235494,98.44443283388847
102.76659719021289,102.7531040148352
99.22526208729919,99.21666034522008
97.87982875442381,97.86324698642025
96.23719264990143,96.20918196187965
98.64438840728721,98.6303891640676
95.90115144829862,95.83797090352184
98.01420042408922,98.0027835849663
97.22179623382057,97.18578301662185
99.43311075155088,99.4090144254507
99.67559671964986,99.6714070487489
97.59499355797105,97.57938182701132
99.84071069789206,99.83178850725504
98.49665176875743,98.49237914802124
100.5938326896974,100.57734601950013
100.04092762890785,100.0303630564545
96.14500286776195,96.0884629987545
93.68432215435978,93.6048350396189
96.68187510694219,96.62069937824418
98.06463944920922,98.05836319726812
94.63579782525414,94.5085492095671
98.50795442253391,98.49040914976128
96.52812634091731,96.44217773762533
93.9233989706612,93.77747913129164
99.01173386278784,99.00792005750034
97.63437292375518,97.60652496777126
99.01568042882828,98.99704183217068
97.4823687499921,97.47575550347734
99.44080924034819,99.42859497153252
96.29940487019626,96.25637001170165
100.29322647797015,100.28658651128039
97.15401662907472,97.10096750822201
98.23788126115667,98.22508768179351
100.76640367717071,100.76240343034458
99.16029811923016,99.15154524542697
99.51692056960955,99.4852364003024
97.3235037100691,97.30734371264832
98.94011677666693,98.93473771566515
99.05731009731048,99.03569361658965
96.41872066768578,96.3875887272552
99.83466810363407,99.82708038926629
97.03812559374181,96.97348305096054
99.15213783584335,99.14439186772742
100.50473486549409,100.47629438759918
98.27436713844712,98.24356413432675
100.6915267927362,100.6834957115019
99.09039706911454,99.05848058105863
101.09586393360289,101.09389001390522
99.98517623096932,99.97859508201152
98.73195393864964,98.7232720027726
96.08560440561423,96.04671135749162
97.24882651006314,97.20959491893507
99.17789015532526,99.15784061309041
98.40045432283011,98.39137866545056
100.332231564215,100.32197693275134
102.64387505839906,102.61575354345122
98.75412358272243,98.73969220623401
97.99858493692496,97.9918665365119
94.6059448256598,94.5040775833192
99.15792470869154,99.14436297939996
95.2110990119178,95.13574722888377
97.69801527347077,97.69153265616599
98.65839658436062,98.64758500560997
97.01897369882519,96.95984978226369
97.86249743543333,97.83280810599447
101.9885616336233,101.98094792295551
98.99333077153979,98.9806588809631
95.72227578461198,95.707539913257
98.03012835431491,98.01474958187683
97.58391762454437,97.55615729296146
101.67260358992587,101.66427869531071
95.58679075850485,95.4865778823974
96.0924885879208,96.0597617637246
98.7099810466974,98.69912812020442
101.3402603561689,101.32449613571163
101.2515602525944,101.24383491581618
97.552966094269,97.52752000445574
97.92279937788733,97.9168351369715
98.45237538654021,98.43905331329103
95.10603366762496,95.0391807652955
95.77482160553166,95.74899931201126
100.40230289106962,100.39827441726332
102.70025163702002,102.67423294446239
95.25310635213926,95.17565376535815
96.38771984448094,96.34312607500549
98.6652894624673,98.65497970176288
94.93103421751671,94.78602461998054
97.68993456211243,97.66888905555292
98.14989708654859,98.1318537732476
96.47341888317665,96.38553058346146
99.72808380279145,99.72101967499934
96.60602462652268,96.57027116172914
99.64549902335877,99.64062335655639
97.47659413686262,97.46042385685155
99.450724485896,99.4061119012141
97.63098502284812,97.60683913662201
97.71001775789213,97.69620395919476
99.92398456127984,99.9206179423568
98.14204712237584,98.1329109005781
98.39793399094977,98.38297329285655
97.99301557401563,97.9821628116558
101.25672305048704,101.24614496647936
96.0780807992498,95.99009058287932
96.59978669611618,96.53410232058188
97.3145970453932,97.27106704107962
95.39872409031386,95.36384003073874
94.97941047008227,94.92948193383344
99.09306081510414,99.07501850389079
101.1300709763333,101.11953578116936
98.75029137761807,98.72723333988317
99.45006071836106,99.44113198879586
99.57832405967905,99.56310699773708
98.40378763185667,98.38740224231658
95.79088401799197,95.7572552939757
98.1607209428365,98.12500768414783
99.02311446736117,99.01315135841944
94.86683945252813,94.820441907468
98.06003878011376,98.0462915527131
100.41282373988139,100.3438455035106
97.34604001345444,97.3236696991111
98.19611394385623,98.17864446520136
96.76002250310752,96.74743580007389
101.65833797935903,101.65398904746196
95.79458447747136,95.72520826348061
98.34218686592683,98.28118102836615
99.08459788739123,99.06036651527663
99.4134996071594,99.39500550494546
96.9506352924084,96.9171896644899
98.8930925366894,98.87392910349116
96.85096538464624,96.80718582403236
96.55249039330803,96.50025845082467
99.13425215356716,99.12962558230376
100.73847601129474,100.73136884146172
98.30315541148794,98.29375747639016
99.39952243745296,99.39188460500763
97.58957693116004,97.5683464814609
100.07437076728242,100.06737196942582
98.05642065250856,98.03969838225845
99.59368946644716,99.57229435050242
96.88530677409898,96.8532469168403
97.39136893028011,97.37557101710058
96.59085333252833,96.5520156913334
97.37968055230996,97.3292298238622
98.25011783389064,98.23890343378457
96.34890842414949,96.3162328775357
99.78951787147554,99.76854447089326
98.7648990807462,98.73338666547613
98.23322552912258,98.22650670672905
97.87771683206033,97.85319325501162
100.2191001347476,100.21308832607265
96.90082969869782,96.86685086022241
97.29072634518445,97.27822556885558
99.46084213635211,99.45359679634477
97.96304810148933,97.9336234453148
97.9518601013687,97.92439262501131
99.51776535796084,99.50248089940193
96.78904187024426,96.72826610579921
95.97377223227501,95.95510588429526
97.801085397079,97.76303651540327
96.49150092472605,96.4437954798872
96.45479263555325,96.39946053124831
97.10333195166886,97.0614932521642
98.46827522815052,98.45521324170738
96.65868707900303,96.6158077655189
99.17803735987887,99.16570344069878
96.49202992822771,96.4354918576088
98.30691105220582,98.29530866546018
97.46305319693258,97.3905821659867
98.39290729030685,98.35440763697424
97.26828122470371,97.25784760536611
97.30164114807923,97.28710874184961
100.15983177473923,100.14904867711826
97.07737369228849,97.02984032607944
101.41892660167825,101.38899355786732
99.0171270367743,99.00293375550287
95.95499704621062,95.90128251250977
97.84939352292209,97.83944294476335
98.07175078775937,98.05024016158278
101.08045757739112,101.0764923032341
93.62140988440427,93.51238338473416
99.72835042201942,99.72020259011903
98.88060426877234,98.86498098071213
98.77843509010107,98.76325221977736
97.15279008437008,97.12975466993383
99.97024312770384,99.95792710046591
96.30869128876942,96.27929118020035
100.30549023710493,100.30127092980285
97.55344435553368,97.51913714689194
99.46426364126961,99.4583270830858
100.26095738130134,100.23576686013557
96.08576791630807,96.05108058902734
96.0908017273842,96.06462775297729
101.1883582444077,101.17219308662648
97.5716608362943,97.56230592177307
97.20067661290061,97.1762727421102
96.47283945380363,96.41656739028033
100.82663730592895,100.81563855631576
100.09179184041982,100.07865289284122
101.77825767415793,101.76212406168204
96.32126982996911,96.28830068560882
96.90188973629614,96.86376006890558
99.54965821398838,99.5355560700802
99.75957129968349,99.73800087209789
99.39754223853514,99.3705704164395
99.82601577845695,99.80078256602339
102.14904445910479,102.12575086625266
99.68489562388486,99.6657203374427
97.52133212070099,97.5093793440263
95.43815417481888,95.39454977728157
95.14741413734068,95.08805036210055
99.58637229379354,99.5615618188765
98.93368439413564,98.92201974855942
99.54318707734373,99.53945530795431
100.18406448744264,100.1814996410577
96.38976554254143,96.31721760887827
96.62580076761026,96.57546777555886
100.08049493832648,100.06022260473992
93.77605093738651,93.6404097550887
97.6181767855002,97.55794765470011
97.97793627382032,97.96150961063007
95.87378302728479,95.77702783438728
99.66892707829277,99.66253872505814
96.97907036987746,96.95742853554566
96.65393287913014,96.61393256767528
99.15576099084805,99.14272566902233
99.01367607222093,98.97983124817851
98.45905151314491,98.43124929940907
98.98849968331015,98.98049305271496
99.01473875534207,99.0098523024578
96.86284413218566,96.82650482381922
98.37248414381773,98.34410089347226
101.76624101253998,101.73537406532508
99.37334461762116,99.36183295901012
98.69781677747004,98.67265607030477
94.0992722451314,94.04458942626019
98.3364215500717,98.31425714997353
98.09761352314756,98.08377074551372
97.6854759522692,97.66386488582427
99.45122226542148,99.41646469656787
99.37052363460583,99.3615752075572
100.19611002725436,100.18555788277634
94.49039759556476,94.43637195691
96.2042906564406,96.16295707495475
96.88557107180833,96.82934250149464
98.88295560322746,98.8622518810298
97.57054988804458,97.55226349927109
98.40110718874875,98.36930171845897
100.46726469348481,100.44059448549655
98.12957692426015,98.11819226276555
98.70281876116368,98.69468412415553
96.3310339546597,96.31517733881499
96.72902692398847,96.71543621315122
97.71135419629965,97.67633002671663
95.70153869174963,95.63855611130289
94.69331762259468,94.60665371263049
99.11276785773401,99.09301029271667
96.98925639842705,96.9746509814443
95.88904786933922,95.80147750128657
98.90859190803096,98.85588720851274
97.4428976532615,97.43189484136191
97.81447084084907,97.80671716337746
98.14580045992274,98.13079217563092
100.08658365240147,100.08017364846768
100.88307339283081,100.86606310819799
98.92968405282994,98.92808367061232
97.2276094430214,97.21085187690107
97.61056078381374,97.59747874643602
95.60149022860995,95.55413311570246
96.8060011334149,96.71812140211829
98.68055815652991,98.67388729314479
94.97944461531571,94.9043918459796
99.0124138180952,98.95490622853424
100.33371499658402,100.32121726375125
100.17749549762078,100.16251234241682
97.51056187581054,97.49643957966671
96.42969479567248,96.41087429167276
97.10066375467926,97.04297187618535
100.4576475871465,100.44723959011888
100.46882983532716,100.46105287259937
97.33413696683039,97.32090197964624
100.77341425021446,100.77071689823188
96.20185398768079,96.1546185816797
95.93920649832053,95.8822923475288
96.68648936606267,96.59724932143581
98.66993086065922,98.64652792353826
97.32488163858471,97.30993791806627
100.43729015386337,100.42692745766958
100.52600458468491,100.50986364044141
96.55223047090703,96.50464680923888
95.2465504014644,95.12464985583325
99.07936914589146,99.04918297091776
94.4774903008322,94.36496187631244
98.70360546493497,98.69894505979792
98.38218158092941,98.3649870658308
97.50365469729765,97.48599292615458
96.6090056021489,96.55420660637964
95.6748278353546,95.6182254390252
99.30302706306189,99.2961002948206
97.66115570834373,97.6483295978849
98.18816912249903,98.18274915630876
100.98484884386797,100.96762031329767
101.10220648402627,101.09455997896667
104.11262725957693,104.07746273875152
94.97845761722395,94.88023759126115
96.53854117510933,96.49581229107544
97.26649262305108,97.22734721150825
96.58483791952287,96.53634661134586
100.57716998988903,100.56559217164173
97.30812801177296,97.29264324533386
97.39012411250434,97.32777195185065
99.1842683812432,99.17701064472246
101.39762978440643,101.39451131067823
99.36451820627798,99.34141479061837
100.29255216252092,100.28555861786316
99.5595779334938,99.54835976301676
94.92316030671022,94.84514722222647
96.32559292988591,96.2957490455534
98.40096683800317,98.39305394772218
99.1790530873041,99.17616365837215
99.21695094489849,99.20449647085277
100.43213844855121,100.4285237875368
100.4078087721909,100.40307343835748
97.4320028206728,97.40937988249352
95.62654856369585,95.53597755746149
100.20050736633497,100.19223638632768
98.12972168683828,98.11197980247937
96.33247510055604,96.27477001676345
97.95232608167747,97.9374568818894
98.66186764259092,98.6468367036553
98.30229816948159,98.26854145378351
97.8001802889982,97.76359320484444
99.84134340552451,99.8213747565741
97.48800783498018,97.47632641927791
98.14159324485023,98.13352702246574
97.03212513433384,97.02171026068345
95.59193861197822,95.47483735021686
93.99628301076673,93.91250911185577
97.54395908824935,97.53400701293876
97.82649453625407,97.79917805206038
99.06988297063663,99.06065744600257
96.7877688664526,96.76199259678593
93.43326359604552,93.33704015308774
98.80433899261847,98.79556255894589
100.71078365351597,100.69084427448895
99.5274629202804,99.51544108146356
97.65918263983676,97.63318870369808
98.0731842034656,97.96748012502412
99.5868461522992,99.58246310193294
96.8048298716839,96.77365232397226
98.91560547676154,98.91110440055603
98.25240408064161,98.23394260048715
98.70951205837251,98.67761388068578
97.86405480241034,97.8471172024948
95.85480272899883,95.7842627351137
95.75022926950469,95.71968092475512
100.6526653317531,100.64404602268752
97.56213449312814,97.5037915141201
98.44991950486046,98.4322662541159
96.82103359957247,96.74699130957015
99.77895087698307,99.7715861653366
99.7540484460607,99.7374020897484
98.30150284367757,98.27825134164
97.83614337801184,97.80741167799991
97.47888019088929,97.47185669574914
99.04737883690065,99.03987373490737
100.16997311159614,100.16267751093127
97.73366546902943,97.69359188396028
96.22094146934349,96.17568705475898
98.67108605413407,98.66119541694249
96.79683995868076,96.72745619966489
97.93493847981017,97.88855410414382
97.38838292174452,97.37964320921843
97.7139700108576,97.69278162519342
97.35768793301025,97.341401346987
100.62656682309742,100.62220343394091
102.70175647328341,102.69244125890468
98.50946708904551,98.47844481270667
98.1086260643294,98.07250396715335
99.56340834487146,99.53285817268278
100.68884808391786,100.67574965039373
101.45844453299313,101.45409954013677
98.75002858009768,98.7331053569955
97.06151183443455,97.04441788179874
99.35249610564875,99.33223011703191
96.795463413182,96.75511910112611
95.84811008669742,95.75209125299521
95.74024972057478,95.68400598071445
98.2272745886773,98.21604683549869
97.20942055165105,97.18363017915871
96.90193238144995,96.871320435835
100.48154038094277,100.4714265058839
98.1377451070386,98.11978357435311
98.12847833541151,98.11543354727053
97.2977633360167,97.25225357569919
99.50918060343176,99.5045820312587
98.46973642729887,98.46182930834988
95.26633686427836,95.22870920757455
101.62577084138353,101.6175075321202
98.29195910191032,98.25613087691278
96.53441080522212,96.49925480058539
99.03079367764556,99.01091437457822
97.71202572766627,97.69705935243122
99.11855715288858,99.10866449684865
97.2698584696642,97.24657135145776
98.90702265049366,98.90103437816963
100.51891721094813,100.50813333918748
96.93294329492353,96.90600825838997
97.66981636809746,97.662551889362
100.33147309413005,100.30063612435701
100.08783592285693,100.07622550538005
98.07309328266513,98.03855534178757
99.4043862171608,99.4010705118918
100.80861621830206,100.80088360734784
96.58667863917624,96.5219733288515
95.79071173388748,95.72379267045851
96.94103740093034,96.89701804768607
95.38394123228028,95.33310821333892
99.75837757253757,99.74635711605856
101.84959968412613,101.82759378289616
98.9360482867621,98.90834050920073
96.67484317202066,96.65330845591835
95.39548215839878,95.3325879619723
94.39831121676858,94.33272974494507
97.7756666479764,97.75705032348795
97.10840539390492,97.07639884811869
99.90589740302343,99.89733441959503
97.28885968852747,97.23161463892069
96.04873141801134,95.98473666433827
96.71444903750351,96.67797488543522
97.78068770437594,97.75477899497054
98.43927415786361,98.41650813114794
96.65888428767379,96.64652831072439
97.25103566239278,97.23730934061689
99.85726241737369,99.84978132685352
100.04291858624363,100.03498753426264
99.19581716805169,99.17481417032859
99.70530005120172,99.69577608702234
97.80184505996186,97.78562214840116
97.00929711229347,96.99124217724518
99.42691252768346,99.3938168516535
98.20372539010565,98.19606806942541
95.65328170080937,95.61166784000173
99.97409255015293,99.96086947236718
96.2729014284256,96.25272104331438
100.520889928084,100.51425576579815
95.16832173456037,95.10694307227041
97.25086930552011,97.23376830937467
97.02545962339853,96.97775982919244
97.38429845271905,97.3777602270355
97.68425469516419,97.66308885151153
98.8393970435255,98.8211059484553
98.9468014686387,98.90616856340905
97.73431417682987,97.63968672326332
99.50090969453477,99.48788372485673
97.69993155919983,97.67528600661646
97.67655601466682,97.6513423761568
96.44609098277766,96.39934265020308
96.2444052697676,96.2207953659694
97.70573850654688,97.67784581501785
102.46007169793515,102.43313571161646
96.71118744993178,96.66647031569589
98.5316722325007,98.51559980268759
95.63077609062054,95.58312111196763
96.58297450847813,96.56808333458618
97.60117296486297,97.56263492941123
97.62225773266742,97.60888775250754
98.6340434773173,98.6196384966297
96.67611898973206,96.65181832550421
97.12214417715352,97.10117368072511
98.72749786362581,98.7208871458874
96.3820886469313,96.31177126890053
96.852648142811,96.82107367811818
99.11654557846954,99.09462544894514
94.51068177308261,94.44362376587364
97.51633860571057,97.48741059489144
101.54660114105356,101.52102336076796
97.09436326553028,97.07949935891189
97.6785285275752,97.64873230911367
95.55431696199577,95.52169590905193
97.62196932221418,97.61618017728824
98.3393733066952,98.31951297654366
98.18869087367088,98.18328739169866
96.38573679393693,96.36210639133064
96.74586630433286,96.7154101978341
99.18411379193157,99.15919304491895
97.02515676141937,96.99864597890277
96.9824471284506,96.92387045229891
102.6054716503836,102.591438690113
96.83536004459125,96.80183677265903
96.15054380083023,96.12905412014315
97.44029507955382,97.42717652285297
100.63341217575088,100.62383620358645
97.21549396447901,97.1805601829126
100.8213610306061,100.81796915395111
99.09758487175763,99.09350984896925
97.81778137453304,97.80658845558075
99.7055203566663,99.70131334679051
95.9640899341372,95.95259332054309
97.17477449446802,97.1246328265379
95.60349889524603,95.50566159402149
101.24749264845805,101.24309396135455
97.8853159412755,97.87414459009598
99.09198469070327,99.06560416407775
101.21834394445108,101.20005528789449
99.15271842950922,99.12356732602294
96.97283683125707,96.94951178036048
98.34080690019715,98.33084308621308
95.29637190723919,95.20727899062388
96.23400454794788,96.18818769564393
99.30936846440727,99.30004863678123
101.26284288951742,101.25970964520621
97.4162545807298,97.4069088527632
99.73452455405013,99.72876140779604
94.62194608593529,94.5727279666945
99.52444917295097,99.50469670953224
97.982658012256,97.96909295088265
101.78663634363811,101.77926609015464
98.05418404350394,98.03870188006076
98.29398552788541,98.2847262794279
96.38927330112466,96.29460108849565
97.53289699601432,97.50797791853451
97.28352499016252,97.26045520993813
97.74575569036092,97.73433384551171
98.46245533226285,98.45498061097706
99.16381764732805,99.1560163079522
97.95364700211444,97.93976209490131
98.53733366483075,98.53137706203653
98.41344065969668,98.39338075485907
97.32373417099781,97.2895826449589
97.52721061282253,97.51070086402265
96.5618506422177,96.53943717532432
97.13389042625711,97.06480697848039
100.9819575246523,100.97307439410953
95.94512066050254,95.89573058544929
100.2632635731309,100.25774581690933
98.59301159187544,98.58644510998224
100.17990962795457,100.13188917093265
98.95710137304009,98.94578890768864
95.94235250454444,95.8937142650424
97.7930848876015,97.75356269150554
99.25939412634656,99.25366842133302
102.12940076257551,102.11088906620994
98.120008088094,98.05720249351116
98.45691404541387,98.45246366954292
93.74277036863273,93.59736115352644
100.96600908219078,100.95763826051262
100.10248306650433,100.09762954221497
99.17570756569219,99.1492315257236
97.94664229680355,97.92317710494683
93.67429696303911,93.5881438670378
96.37623808414851,96.35661259434245
98.42231391505511,98.3982530979285
97.86039402699355,97.84831409477087
98.00093771337406,97.98671262575826
99.22412165354983,99.21932081987195
97.67975260018639,97.64611503854908
97.85086974520085,97.81686704632122
97.05446065038423,96.9760973845684
96.8488096977054,96.79701137999749
98.43428642250022,98.42136248369847
98.25902896698042,98.19860863963181
95.42368444825541,95.39073840720862
98.86958337328673,98.86025535513707
99.9522444336429,99.93784879734991
96.83623436695083,96.8229188396279
98.11084359564518,98.09650195656819
97.86316775879789,97.82895027054212
98.86953295751073,98.86424534148881
100.83529574554164,100.82176393739896
97.85858802668851,97.85267967639193
96.03249366765125,96.0092576916688
98.87358934544307,98.84536729227527
97.40001703013898,97.38731640587797
101.39485749016839,101.3813312961264
95.72806494650403,95.69065788395852
99.74763829321643,99.73512005125016
97.45710720922902,97.44421352034489
96.38375799952122,96.35033783463804
96.29974889281402,96.22417127994159
97.89764067316646,97.87941302532352
97.65506994971933,97.63332763526394
98.2242855272604,98.1909625741226
96.998812846851,96.98939976169106
99.6642359027959,99.65896254894976
98.33991368319403,98.3273007902946
99.80990370861582,99.80075390212164
95.09444327088141,95.04516921058881
102.87123226567172,102.85189185798345
99.46343910430858,99.3996788219318
101.75460012659155,101.74218504578725
97.27977075803445,97.23994911852887
97.46578393969482,97.45590873176063
98.57956617047432,98.57143054408031
97.3930593636194,97.37726404543285
101.46759018496756,101.45340831434517
98.31277454691968,98.30293126943596
97.47352275657809,97.42423287756922
94.76535036509921,94.6938289388795
99.23534899656376,99.22882955662901
98.02939090004185,98.01860207307448
99.73819689596314,99.73435060944074
98.3364266655799,98.32798130472574
99.33357158751501,99.32600344998409
97.63870168669246,97.61832095643098
96.87525419143846,96.84495429862783
100.13846946191416,100.13552564371484
99.71926607017316,99.70580492180487
92.94108127752463,92.85028847769574
98.86062466280778,98.8416048771836
97.7347147372654,97.69318394889306
99.17723764659671,99.16291655309374
98.24520270349869,98.23739645283311
98.69065950499106,98.68034565181836
102.1878838637911,102.13924852693634
96.73967314874375,96.6915318026321
99.46755968280642,99.45920629595886
98.12538990106927,98.08795953717221
95.56882289067475,95.52227625282168
97.21230715712085,97.15979334707626
95.91865487247429,95.86661473952499
97.28367554380249,97.25952827294857
97.6230835250081,97.60540941188901
100.55750206651729,100.54753925497778
98.22119613242289,98.20952050069829
99.31094286748471,99.28083707649488
99.911716521336,99.90741231250827
98.77075373038195,98.76637281448377
96.24695911285424,96.2265899966299
99.18557385598098,99.17300974836759
99.2508944348322,99.24248738683261
98.83889302234275,98.81472202466335
99.33780758823171,99.33206746852183
98.59466844579985,98.58653310905942
94.9613949798677,94.88700843611676
96.69283327174502,96.64057224701457
98.47689885682706,98.47180593986194
97.71057826446192,97.68347666560938
99.88066102378582,99.87437833183267
98.37757125057065,98.34844254261067
97.77820017825809,97.7544687350628
97.98185154561881,97.92333932829862
98.34288141279966,98.31403631477012
100.18599651800402,100.17925548252472
98.8864678803803,98.87941670038937
98.48353717102869,98.4373881574218
97.42479266639423,97.41441084672161
98.49618253019179,98.47831974839414
97.54751673157227,97.50485329055758
96.33874864700965,96.30596472137805
97.04879585056862,97.02376205217114
98.76631411435794,98.74368851537356
99.61922983602157,99.60759865957178
95.49122602079646,95.46864954712463
98.81317342659312,98.80747073642323
96.44175402880767,96.40718996940764
99.76537251419987,99.76277194787355
97.9534389291376,97.93326254247575
100.3584008626647,100.35157183031231
98.33062597591544,98.31287503412088
98.15349312858481,98.13664147311776
97.45235875489412,97.44007716981449
97.88456189472039,97.87720446461233
98.39613427764431,98.38838717575086
100.22535078775287,100.21856279819515
97.05249043167738,96.95572436562554
98.58589685914748,98.5596876113408
98.51603288034005,98.50857108484433
99.18072076487665,99.17176028258224
95.02173562187372,95.00053904744313
99.26435611258322,99.2301562635082
99.54648705730884,99.54366485843627
97.5124272397897,97.46995480621032
96.60824272572984,96.50174561501477
98.60280211106105,98.56729168800915
98.51007752328147,98.50031848388466
97.15668079293883,97.1373258180578
97.74413720732058,97.71202587340206
101.63961339614397,101.6291695700947
99.19560225548429,99.18973234915923
94.98887473636498,94.92011972204313
98.12061901121412,98.10881027260349
97.62952882071242,97.61915741384772
100.73698884561169,100.73103876910373
98.17697479365572,98.14504723022189
96.87277923275197,96.79784979177732
98.74936780483085,98.74522764442366
97.80072286436717,97.7885461279659
98.6945497203985,98.68798844531547
101.18647612145787,101.17841953708255
99.26758367264763,99.25374866759047
97.35014252994942,97.31561345669908
98.14534905575498,98.1339037284849
93.48379060180098,93.37321997472819
95.8742302600655,95.79562074081208
96.55034760871175,96.51235153593437
100.08869723502025,100.08155927595104
96.38582030118656,96.35956879417891
97.49748201159595,97.4870046447026
96.55025794524303,96.48630856159437
96.8632071535131,96.81658094098795
96.79907705468462,96.77299366191632
101.36553535567514,101.34696069541396
101.12160951709339,101.1010633033752
98.69168362995838,98.686772109134
99.25671606376557,99.24883046408272
100.37494252941434,100.36810827983342
94.77309943807676,94.65318645987026
95.38074807052311,95.33767783043862
94.50720463571356,94.34806412774296
99.73218462357404,99.72423589675473
98.4062845241867,98.39841357894134
97.56302312099473,97.54359980157575
99.17804067711657,99.17347558895187
97.30766081803905,97.29949825483223
98.76377705496999,98.75885260253759
98.50316489428205,98.49155895377568
99.07339058068885,99.03942289036439
96.90335102315088,96.87727412044269
98.05652814525257,98.02406736375002
94.69025156458764,94.64507810248394
98.23468071629839,98.22685665873864
97.28922119922592,97.26765351139305
101.40026490066222,101.39505458774202
97.78286684534693,97.74380046350366
97.9982306794593,97.99176625274062
98.71283541629359,98.70818490636923
99.0305912345718,99.0182805369368
101.0109129114033,101.00174911410089
98.70565464047189,98.68933405844027
99.97956482476795,99.9432367816903
101.08169519982552,101.07108416548697
98.66262310819738,98.64938815110511
101.10010807586566,101.08305314922396
99.51656551798813,99.48531538689643
98.36123011927873,98.33746903299419
101.64702487059161,101.6372255430839
100.38212305461137,100.38029047839343
97.69590780172223,97.6719918311649
100.52938792319108,100.52505553843264
98.65000875054106,98.63887425093901
99.56325939586962,99.55007251664136
93.41093523823878,93.29728178030777
99.4118314577994,99.39733771013442
97.67582072398993,97.67117410082427
97.1153954279732,97.08971139843561
98.97508438631009,98.95522461980347
98.59162116709791,98.58022023499264
98.12100827597378,98.11670892286574
97.1277154774521,97.0824473501949
98.87057248932516,98.8621551787595
97.52867258318658,97.50851512271029
100.1283401415495,100.12257238315603
98.04755380398625,98.03376107171617
103.01847615691803,103.00010777912244
97.55593556141689,97.52355346537165
98.85157817599008,98.84053975544575
96.18358455374113,96.16135456445849
94.44496517667054,94.34606657180906
101.05614209324776,101.05113891642907
97.44908921167554,97.39885523118893
98.84178203395521,98.82237807712507
97.23341042690713,97.19647281791318
96.32032829193096,96.25493238565136
96.8790768625476,96.83901410203725
99.66314005840502,99.65751300279973
99.18545530709129,99.17957507682779
97.80397178118477,97.79600777976889
98.24330743206127,98.23259073995696
98.16148975656368,98.13686728166513
101.18749314639626,101.17523516281886
100.11166544027945,100.10784583186474
100.82814540295112,100.81139225246221
99.16917708937297,99.15398686836818
95.02841787722214,94.97818191112664
97.8156168028233,97.79489312870844
95.66853970843815,95.63462604447517
100.05660139573364,100.05174201595715
100.65092155465584,100.64840815544942
96.69449566750171,96.68208708657174
99.15569225175763,99.15303739050589
98.12319498702328,98.11535585756056
96.8373254587583,96.7959462685094
97.54373962947457,97.48579008274037
98.10103794427752,98.09078024584342
98.3083692306628,98.28928023536443
96.66716291843417,96.65483021473322
96.3134374930175,96.27031746742173
98.43035098735048,98.40236731468042
98.10225792909998,98.07361281852384
97.75519821779142,97.74593836159043
95.30554604562174,95.24234668763464
94.64999544823688,94.55178600639947
100.61517622193668,100.60869875842191
95.70881762764768,95.69324147497541
98.70593483391973,98.6903661794807
100.95452993592347,100.94841698488156
97.75757077205762,97.73279543810199
99.84057161110557,99.83095623407073
99.86863145886025,99.86700709388643
99.0447261534586,99.02182284937238
95.22921268424278,95.13582729101812
98.3082199985456,98.29474331386638
102.23160365827717,102.21911278520484
96.60418321513752,96.570202465687
98.95454329898661,98.95045921002159
96.38576152156044,96.32740492808331
98.01553209832883,98.00823000277856
97.09075565117014,97.05542609288547
99.6385501682826,99.61051525670705
96.20536628843887,96.16887520943209
100.55218130707745,100.54684278668599
95.59156343737108,95.52713171663517
97.56385222570783,97.54350305705505
98.75329380991694,98.7320267296997
101.57988950608615,101.56297858362275
100.69788692631532,100.69324644656916
98.52980998470022,98.50100649452139
97.5021199134137,97.48115136740415
97.36885135315602,97.35576618162402
100.82113304986015,100.8155192453033
97.0616614837502,97.0225980395685
96.36434264967149,96.34408686694853
99.86952877070809,99.84279707967907
96.01034323427946,95.94265574648573
96.64087395052081,96.58609512692763
98.06525256762069,98.051614375957
98.84653581566387,98.79757724333666
96.54152196069889,96.52795351352646
95.3960138139906,95.29213059335818
99.27682878673768,99.2708405314098
96.30989672178633,96.28781107047817
99.90119655557142,99.88191900815316
97.23605744879438,97.22324743902949
96.6236344220916,96.57266390423223
98.75703668770268,98.7504722928966
100.54798939552182,100.54402259443916
99.69022016326744,99.67741601342631
101.41993760751677,101.38586951289284
101.09207765779166,101.07139052928542
99.02738358656798,99.00323170954346
97.19171345045963,97.16699635296955
99.26307703565136,99.2516989268627
98.35537217054565,98.32954683158921
98.44245300623277,98.43131639748702
102.37642595511471,102.350741674329
97.24488773107137,97.19574810195796
97.25850612736431,97.23948125538028
98.14977517019716,98.12533487899294
101.34564338286927,101.34387627934333
96.81534439578532,96.78606289373984
96.62962472111886,96.58986171885124
101.90210123189199,101.87545875331816
95.1458494536833,95.06364205662219
99.6180210135042,99.61215075534035
97.78093924816761,97.75696908696338
98.17468069781994,98.1250938045699
98.81718306214523,98.81212327271471
98.23556375684133,98.22985082700178
96.0024375600934,95.95622432674382
96.06920468310264,96.01472745388568
94.36030148547519,94.21196987624536
97.99385362021899,97.94902986038265
99.23987972218734,99.21346817836142
96.44631540717533,96.41937895077069
98.13397821569191,98.12494626726983
98.3779386513518,98.36161594596538
98.1672198214531,98.14862486162957
99.89534933934317,99.88934124702695
99.59432946176891,99.56165152787695
95.81154002632584,95.78418697352649
97.91465911210848,97.89082929973912
98.77958934155684,98.75495957552755
95.76058568803609,95.67535889598453
95.65649542560182,95.59271690736854
98.93944838259384,98.93120885026154
96.43985050792007,96.41666428696836
95.0339065124666,94.97345661729341
97.7637304836105,97.72904068629403
98.7317191715189,98.69926226524065
97.96949673882084,97.9518165131642
99.4410492776377,99.42556606911214
98.96319446822835,98.95698391569675
97.9747328530138,97.94841108743799
96.76522191209747,96.72621715621747
97.54588795514252,97.51877121956858
102.52711082818409,102.50016905292739
98.43704160471627,98.43103975095393
97.46994478285258,97.46431201146382
98.49540898836364,98.48557472145056
98.53465847473423,98.52375036233036
98.29562414046526,98.28025451617144
97.51849473571933,97.44161564866687
98.4133679832874,98.40151240070158
97.77786876079591,97.76528584853075
97.75783485415633,97.74519816869969
98.39422464988121,98.36891135321969
98.344015643739,98.32774144492805
100.02202964039316,100.01653327906956
97.00067402572205,96.98403696796169
97.26461082898419,97.19863592208972
95.60540510741792,95.57485415109726
98.37127831848882,98.35158503617363
96.59452539526359,96.5609490720094
98.3246039938453,98.3163137369286
97.96703017559017,97.93903475955258
96.4728236029784,96.39951652441948
95.81658845425007,95.76940148984514
95.51179031441733,95.47133148034038
96.75412172235093,96.72221684552085
98.47339469321213,98.46931443134478
99.07350667865433,99.06553518868863
96.84011185916887,96.81834223988638
98.82162632896018,98.81787805559948
98.02637111408869,97.99980346998082
98.808857274734,98.78840830065069
96.49558424826617,96.4869750658083
96.85618912328454,96.81200370628729
94.49250372364705,94.34582079571098
96.24633099752758,96.20178142433204
94.46130553697759,94.41606985972263
96.74809092625382,96.72504248777965
97.56067166684677,97.53513358290584
98.88706026156784,98.86966542392572
98.58257132452005,98.57937982120033
95.82491557709812,95.80391779121227
95.36514731580091,95.28591090621615
99.65710830068579,99.64757992655524
99.78503410358655,99.76395891111022
98.26144308145534,98.20484053999452
98.65523691573664,98.64322884373402
100.74979209871513,100.74600594726408
97.39405932069563,97.37835833714006
98.3112355309094,98.29978538673129
93.71206501667456,93.63190448518567
96.78434964355007,96.76111972508438
98.77932438661966,98.76482898550836
95.11370302154315,95.03585033143456
98.6696532502376,98.6650828537761
96.84715624373872,96.8117696081491
97.72323071391844,97.6878522482992
96.65799960503246,96.61503157787796
99.13874685132095,99.12857384918625
96.37496573129678,96.34616201991875
96.45066756709635,96.41278986465132
98.80013048313836,98.77203598049725
99.34180031562994,99.33228558955831
96.89633726176903,96.8661547719764
100.5718058474292,100.56541749256289
92.2866009630221,92.19441395027165
97.75335460393815,97.73111815863477
99.55200187285568,99.54103162699509
100.52156752335384,100.5138045080606
97.27031970106599,97.23646369557113
97.37502035364541,97.33874739405604
95.77281030185291,95.7158079488068
99.27769615589197,99.26805054460935
96.98888588685467,96.94433158897388
98.59308201915124,98.58442668769722
95.54321151081558,95.48755476739886
98.14781975257257,98.14146908120509
97.30570303491037,97.26781834374472
97.58757311100864,97.54966915498434
99.39123503478564,99.35410060811657
94.95191984232758,94.92595336225726
94.76046672413804,94.70233721625463
97.72153834701672,97.70294638139502
98.93971620216165,98.9328167801061
97.92780257896442,97.90773342197254
97.77603346385462,97.75220127352878
101.64521668959742,101.63380478701673
98.13331177887657,98.05852166444593
95.05850038378904,94.98946594087415
99.29244983444076,99.28806094161754
97.0601664429138,97.02804694984471
100.44016820779875,100.42938857181784
96.1276506888058,96.06991252377986
97.54489336642014,97.53599300793051
99.36138592680217,99.35529850354807
98.89833681889176,98.87082576022395
99.69421167197078,99.6911868286532
98.96587124198174,98.93150072143315
98.32586564631237,98.31259533489889
99.57769467943585,99.5745209522714
96.49351505236213,96.45971425836842
96.6715644030134,96.60999289836248
98.55332641662991,98.54644461499865
100.66720276724294,100.65401569945303
99.30676369250531,99.30104266035808
95.33177464245857,95.27313533059946
97.34297806947073,97.29897415300285
99.70301995945479,99.69660004494247
98.57264315657824,98.54790166212562
97.21202913985483,97.19541457510928
98.79032042248616,98.782074688592
95.6074457893115,95.54958511329822
97.88468911598868,97.87695401796408
98.39109735731451,98.37181891782137
97.57677090794283,97.55086115328152
94.92822752514374,94.87403054018554
98.78879726702033,98.7738735444201
101.6544474348458,101.64433311299558
96.53844415203677,96.48984538855551
98.00508820121422,97.99741705371011
97.32144734026716,97.31390515219472
97.4954776412501,97.38344253375028
98.41809783876195,98.38403998230525
96.26516823125775,96.24562816575737
99.36507000343948,99.35366198801461
100.32673859848177,100.31408511202164
100.09415812827054,100.07510253335568
98.85566872769674,98.84127770635389
98.33229567306437,98.31868879248616
99.62938741770624,99.62333905221092
95.21680018274289,95.12023817993013
99.93976682069496,99.93711899932359
96.73750880020918,96.7209714771193
99.7687658767445,99.76463642309619
96.72609435814404,96.70559527153067
95.63765484754018,95.59163578734558
98.12639341579474,98.09332522382704
97.8622296887154,97.85727431549758
96.92252514578409,96.88693168361274
96.00674350254104,95.99188772101668
96.49195707409952,96.45478336678354
98.49574486918915,98.48143135930808
97.19949185773072,97.15009973923756
99.68545099971914,99.68162058633834
96.6282576620247,96.60678029367772
99.44307022820236,99.43619621983646
96.24680863240519,96.22358688791196
99.43563649610553,99.42308803973167
97.6157473208819,97.57509986745303
95.95334491728943,95.91527578045331
98.00003323224396,97.98204344689556
95.84732118251428,95.77464603253202
97.1789467448368,97.16230799082368
95.51658917704249,95.48417276638116
97.0300920867754,96.95904604738884
99.12210318168772,99.0999827395861
96.32845206916389,96.27273190691186
100.01374359826434,100.009306207615
96.9857173643205,96.911173528795
99.23567705352447,99.2315317388819
97.84851048566263,97.80369447898131
98.02580622358607,98.01481217401087
98.68353544251703,98.66976135388894
99.88927847597424,99.85511781176791
99.60202363122477,99.58491959266874
97.34213773353929,97.32259957239398
100.53096898678383,100.51322915268608
97.87230539325492,97.84339311996001
96.59424823111,96.57456580224276
98.9712845352149,98.93552426952945
98.12180972841992,98.09608912289728
99.623233120233,99.6138092375625
98.88826302053062,98.86976181766921
98.14728997057513,98.13340059710757
98.77774553702523,98.75936104658585
96.00555762996112,95.95297781789449
99.81020783847907,99.80559687703436
99.42754121864681,99.42050207699049
98.58665763667153,98.58337699008399
98.88568341101936,98.87985094201595
99.2634159901443,99.25147400911352
95.53296772276956,95.47823398894614
98.19308492759741,98.17684459635683
97.64183247905208,97.60126987234956
100.43469863411569,100.41910804560631
102.84578816267452,102.82413198948244
98.38547157395689,98.34201465543708
98.681195315095,98.66301307081359
100.05936437644661,100.05665398979258
95.99645508090556,95.96816033406346
96.50407008768562,96.466820938362
96.77770623047383,96.7453611588483
95.52992091465192,95.4864743158678
99.58320439901256,99.5768684976058
99.44708022522778,99.44224095223105
96.43288392592741,96.40704821446445
101.84592159621556,101.8239896531597
98.023620107301,98.00708766637787
97.13353172309832,97.10913172660402
97.36379361031415,97.30103077103584
99.63421869851287,99.60141251611236
99.15395387000095,99.1415456946554
98.06461246262543,98.05438808195653
99.21074965228772,99.20554020568737
97.05930640259243,97.02689107106983
100.04284275867283,100.01183902061007
98.73041982742545,98.72289751342844
98.35118330389456,98.31760346025102
96.8371072052492,96.7686790822765
95.65866725511918,95.60199040329171
98.60922802537709,98.57178133637727
100.7720592555201,100.76785742077001
99.6630428780659,99.64383982161829
98.90299915809054,98.88025795392217
97.86914649683187,97.85469677221565
95.94272948059006,95.87120671665426
101.26595145751469,101.252395841257
99.33929803066792,99.32882929991115
97.80289062529457,97.77182872326738
98.27702808287012,98.27217004190295
96.03183763629033,95.975474284997
97.05349023906379,97.01063305910495
98.04393681435147,98.0276319563787
99.50206206438841,99.49487478151352
99.4928380772405,99.48425185669521
96.92904903027399,96.90476352579904
98.34445174255131,98.32002502222062
97.38597713357407,97.32226782847776
98.64506073309802,98.63506397612416
95.48508226365018,95.43709390312766
99.40812719907419,99.4033145667036
99.26340053615849,99.25108042833455
97.27743881985523,97.24598605294482
96.8000532684911,96.78395668545494
100.17376261482475,100.16727780196264
100.1383547658713,100.13104078463405
97.87594715695947,97.86081686460933
96.56999538740072,96.52237451608174
95.5696769041567,95.51555948939118
99.8951836945437,99.88434162507794
97.47580531423213,97.46409648578391
97.33119224794751,97.30517632675947
100.12009735914786,100.11064052567183
97.50434827512954,97.49408095061122
96.80349911526653,96.76915506537114
95.87712492744794,95.82848872493236
95.92161677312716,95.83853093790141
97.18005481856818,97.16459600521384
98.47790569899253,98.47050858719022
98.27718946224377,98.2640239068767
96.62759425578597,96.59427658496833
101.60248838201265,101.59639145122578
96.67651455184601,96.58811702783251
98.2183633076119,98.20695190877314
98.66306732033087,98.64009254457432
95.74553797676977,95.70554915815931
100.56880070142755,100.55351879991473
96.624783165659,96.60453007619319
97.84024219113215,97.82430489848281
99.26652773710782,99.26418605866974
97.05982921893747,96.99031861265983
97.85667178308236,97.84863777764984
99.4124755974282,99.40508469406527
96.09934965677647,96.03693531396219
97.1190991820286,97.03249574402565
99.64543407561574,99.64120032057049
98.03439288400392,98.01762703490589
100.00527396090285,99.99726064988576
103.22207095671794,103.2095607873035
98.19227762903631,98.1821911008318
96.80396933698272,96.7647590899245
99.26768370640481,99.23806573741963
98.35246723889259,98.32816911729405
96.05740186464526,95.92117763411689
97.00868617414498,96.98288573993928
96.63013676523543,96.60968753436212
100.37499580325982,100.37015903460484
97.82390053486085,97.81232710491551
99.79584782961501,99.782087958362
98.61497830114298,98.60396574125774
98.2295957650569,98.20852565210001
96.72155022408268,96.6865484234921
97.45962499991819,97.43171006981069
97.89388836437341,97.84150624048935
98.12266956268877,98.11255607620325
97.11119271015532,97.07120630046994
101.81099344968413,101.80447986388027
96.60074001761677,96.57935401139626
98.86978234167553,98.8583905750619
98.30689577034607,98.297688146735
97.66439712999292,97.62675528263875
98.72656860104912,98.71125795720411
99.41681467872178,99.39207794796398
97.12796121176078,97.11924196042702
98.18272120568663,98.16407183898806
96.44233762954431,96.4215544605112
101.5619267883301,101.55274705436611
98.48618988873878,98.48043484012588
98.14356555555818,98.13715770041782
95.10537890697053,95.01770819007913
95.60283226001303,95.57339065729428
97.83547448485363,97.8255702801488
97.04962501014967,97.04156724860866
96.95238091416235,96.91446269310613
96.19128694589322,96.15526186489832
97.5451065993444,97.48419104250293
98.81275493355024,98.80185431482369
97.11220645678114,97.09714378943742
97.18307656088446,97.11177666623466
98.82173371739755,98.8159563490587
98.67959365381057,98.65432596533967
97.96600463771476,97.9482284497917
102.80281033258434,102.78366546338128
97.51022903988724,97.46907791055614
95.97496150208411,95.92997951750581
96.59501393759551,96.55764462086061
97.39324682107925,97.37494652506402
97.89061737004864,97.8848991942406
96.0400943344231,95.98123024787715
100.76871808885993,100.7640643303022
97.06735837641747,97.05521835487633
100.47675026356585,100.4721864570905
97.49642981377283,97.46273435778824
99.9421776071999,99.93202989130776
98.7530485152469,98.74717405553953
97.77731958395745,97.75156842408023
97.97955065501003,97.97486294082779
96.23570802731616,96.19442776492465
100.9238749762027,100.92002377346402
98.74893368709463,98.73768941526201
97.62586410326345,97.59984113222006
98.91665497845804,98.905613154549
95.40059103302221,95.36137193677885
99.97241173684907,99.9666157945738
97.99521384242989,97.96488909289225
99.76535033845461,99.75306518808237
96.2550851920894,96.1813880869508
99.60207057437147,99.59851509086741
99.08364635877678,99.07838267959916
97.18444468760725,97.16798762040196
97.18009064837075,97.17035881388479
103.66693966534524,103.56967171659191
99.12337253024432,99.11672319368712
98.94324646167081,98.93227449179048
97.47321845448451,97.44076667647467
98.16675311023286,98.13052587767018
96.80829610917068,96.73155308498991
98.81865586521482,98.81181166142717
97.99656258120336,97.98020075300188
96.61481135259366,96.57695111825339
97.8826644048914,97.84639046036759
97.31700750642581,97.28686473641464
96.35984859385562,96.30909102543974
100.69606293189374,100.68633939252763
98.58939386266606,98.57522838466241
99.66928977586953,99.65109490131641
97.87352372426808,97.86304032913303
98.97307255506219,98.95578249922751
98.16636836590573,98.15931509729427
100.87366642590307,100.85909079619067
96.54694202285322,96.50928074035048
99.5918249502547,99.57125635462954
95.29635161412912,95.24490072944225
98.34559432001852,98.32942577695529
96.19404459194558,96.1507335660583
96.7582908088537,96.74081229964658
99.28497000566553,99.27809133705048
98.07256151179516,98.05871430596079
101.01324808378219,101.00467360706853
96.79275966063982,96.77080403270881
98.78418417270295,98.75999396319659
99.58506693967455,99.57787312218366
98.23479437062142,98.21860566795866
99.57999880403682,99.57243417291305
96.9943553156526,96.97627263592555
98.46806616002532,98.4574381414567
96.83244218297106,96.81185475708268
96.12833499397631,96.1056858486291
99.29127165720406,99.27439550525732
97.19075579452706,97.1678510607027
101.62907414741159,101.6173347897927
98.5862498214902,98.58106240233182
97.20004508529108,97.16216514098524
96.04831120552173,96.01222221311632
98.67157290893356,98.66765364785175
100.00711964748021,99.98766793087246
95.52127559350753,95.48483340217547
98.3057459761907,98.26388100836249
97.92624504313964,97.89662414990823
99.15506578638588,99.14955061306398
96.98687624595304,96.96480179476536
96.65950096925201,96.58089876984069
97.73003774224418,97.66575890932687
98.08708185627458,98.04380560742953
97.28620401800694,97.25240815980784
101.83976315998974,101.78734586369927
98.53542153635298,98.5215995544531
93.38596882729519,93.26136025990594
98.46824825748979,98.46393880716072
95.78168504850095,95.76341320400076
99.32457153244633,99.31610926950047
99.84390013299459,99.839900952831
97.66436496295927,97.62818720778415
97.81628120283877,97.76498000918944
97.08660686508016,97.0545542957615
96.34612763051655,96.31703779222046
99.19342787884838,99.18458079402296
96.29144613676486,96.26189201568695
99.95460451602047,99.93914779493477
98.69775671427317,98.65600008081576
100.87456953979273,100.86739926301496
98.53831378394199,98.53088680310415
99.44564062873165,99.43468718407992
95.66572300749321,95.60417644325413
98.70146875762418,98.69087544272824
99.3373694690113,99.32635641976634
98.48136627536644,98.4538416416717
100.20883845576913,100.20274547310754
100.67606369217836,100.66872967365231
101.05156426053104,101.01542025220243
93.87339705749669,93.79388557750036
94.21754178903606,94.12443676552135
97.83062981313078,97.82478155323939
96.55639809280781,96.54072603982047
94.65455217788964,94.56383640929388
96.05927086173868,95.99515492204745
101.62965279618876,101.60436300099033
98.53571107635653,98.52821319136777
96.10784825117403,96.0251557418638
98.44131017604813,98.42981876668827
100.45656278878849,100.44100507647055
100.09139044229792,100.07160590603543
96.03664865611783,95.99739455172285
98.48012011821004,98.45854535440837
99.5098009554115,99.50618721665641
97.27474571260855,97.21442938355639
98.49882336816238,98.46645743534357
97.63709888340998,97.62817030635296
97.78584386579118,97.76256975803634
95.33238791515205,95.26955017971397
98.9129279760399,98.90692036847949
98.75272266343669,98.73766160394905
95.37129053564148,95.32726572714618
96.14984239851488,96.13000621926405
100.11509641668141,100.10723490901889
97.08686756619583,97.06725690692453
97.85078995863606,97.84137230051324
96.70418959987651,96.67187414017907
101.91689161393396,101.90862322601849
99.446930968444,99.43945674581151
100.20244986667016,100.1948439290983
95.95098657404056,95.89658420899208
100.11748557189384,100.11378577419154
98.9499895627458,98.93444318043991
96.49766337363359,96.4702003910838
99.11618633712021,99.10183307882069
99.96863150902522,99.96378807245466
101.00821028462157,101.00346228867916
99.76656840855593,99.76115137967918
101.56002073065119,101.55449920590762
95.64603084569183,95.6066876484561
97.08438294681244,97.0602466723201
97.92084340612085,97.9106347388293
97.0094934970358,96.97102892457158
95.36294017032854,95.32688081287138
98.06618052787522,98.04082859617792
98.36841691614276,98.36141297777256
95.16669757147288,95.12009843968266
95.10043617303478,94.99549155818961
96.23901238867447,96.16148825084683
97.02908010148067,96.98117564020578
95.84736080935426,95.80768269743702
98.7872938517794,98.77496874556257
98.8511849386427,98.83498889349354
100.48338510241985,100.47881372715408
100.16268597291702,100.15942516167145
94.36382609830426,94.28559967052847
100.0787229862551,100.07265049337536
97.22628724706621,97.20897755868988
96.69183178203812,96.67162416283045
96.94357224470156,96.87027018347368
95.96605951372898,95.94704315952939
99.3437193121295,99.31603188740608
97.93775285160318,97.87962649929511
95.56744462986572,95.53492607300949
100.95747487292951,100.95329174954304
97.11642986716443,97.10449784681282
98.05679648777804,98.04124553282257
99.8723005591698,99.8410489406541
98.89379219146907,98.87899019018488
102.13044458913973,102.12336636434114
97.44385897105843,97.43273743677108
93.88261040838684,93.81739838816337
98.29740487838066,98.28226292573657
96.60138533053731,96.56582929637945
97.3431491028487,97.29584172524778
98.4466315659086,98.43595174723261
99.19436095598134,99.18856488295052
95.26431934232997,95.19694634562592
100.52423840588185,100.50818263796374
100.25207652300291,100.23753116404761
97.75334853857125,97.71738397707806
97.8072668597765,97.78934123165088
97.60612653810986,97.58266865904889
98.90298700444121,98.88092970711965
96.76361740212602,96.7005180593386
97.28415208246135,97.22932904529141
100.99771736247457,100.98916372483139
97.34929132803737,97.3342279893527
95.34833720563861,95.30523360146242
96.88010429181594,96.81236596492876
96.56112080742737,96.53714222745432
97.30145441418853,97.25763947324123
97.95136200693943,97.9145997025438
97.26268532935828,97.21305400596145
98.84244631968988,98.76558218919459
96.80973911933694,96.77499997648654
97.7180920235748,97.68892615414889
96.33527873294321,96.31310159912827
96.60239886303232,96.52377811715299
97.37133592416014,97.34774845016034
97.06373216215401,97.02223617482679
97.79239327397238,97.77487469255522
96.56873098285755,96.54185002721731
99.17489909029415,99.17068609884092
99.37006941681719,99.36653927508915
96.30479084664115,96.27580734340478
97.12248317529786,97.11139924159558
98.12837629453547,98.1046005446801
96.154355323696,96.12147594432496
97.25352509351393,97.22080188804567
97.38829394253278,97.36259753092838
99.43315842723159,99.43000916777939
99.93651050905534,99.93016751839596
97.80169667937838,97.79118721448232
98.82051378571026,98.81666298974258
100.04025963604614,100.02624090290365
99.5385133181301,99.53422792426107
96.82955713151497,96.78568933457532
97.82886734603251,97.8163431332053
100.34269786717161,100.33591748038474
97.20982861292508,97.18913407325324
96.85678348913736,96.83347716580214
101.56780662490065,101.54538176417871
102.7762549999016,102.75521039294817
99.05631549798292,99.04278320908301
98.43298176710952,98.42817297315455
102.03354154418986,102.02026298654883
97.06510483783339,97.05910134092922
95.78065214537776,95.72181550078871
97.80320180953214,97.76690424953662
98.25602609827575,98.23802102497416
96.95002082153887,96.93443187712727
99.34701879120041,99.34031139127038
98.74394320119465,98.73678737894244
97.6544452210048,97.64230212722069
98.45169864780364,98.44640127822699
99.66119519830687,99.6576958781523
96.98291957041172,96.97291385670385
99.12387328181812,99.1102507688233
95.83048689730028,95.75078327922387
97.17091821567061,97.12810231877681
95.949059774924,95.88265023817127
96.81756574512583,96.78501754428575
99.42048523484411,99.38442226399727
96.60594724290095,96.58334988511507
101.6306979112167,101.61064422418764
96.37051789742263,96.34665533237556
94.64069919334464,94.58440698439681
98.62353013264483,98.61494439517095
96.73184408370636,96.67621338508083
101.40395743971426,101.38114631413858
98.44093479023054,98.41791744639455
100.06033728281963,100.05401761895293
96.76420593695624,96.71636807694334
101.17713282025156,101.16457535134386
97.97828678715237,97.95246819699977
102.5648489864383,102.55023570446876
97.64580355001308,97.61360249158719
100.11256090385528,100.10697139776521
96.9014614858288,96.85802528572752
100.751327053823,100.7297698004841
102.07060023233467,102.05487993757548
98.17562945324359,98.14959957289717
96.92070082087719,96.89400681006612
99.06260323948825,99.0527688211272
98.21259277855138,98.20133371887142
98.36771189340054,98.35016185720491
100.24694093533424,100.24173111227239
99.88279294669532,99.86460542164602
98.25569683756629,98.24864588791444
98.45934622063992,98.45237690501382
95.99870399706747,95.97621690321296
97.0882366694343,97.06102870159836
100.67253473783121,100.67047020661674
99.30954513929112,99.27433195255617
97.95052567481416,97.92039689952956
100.60707767975236,100.60223526423134
95.23701777355062,95.17169311561399
97.53977036022425,97.5054600788386
99.34811185433844,99.31540075210576
100.10806009213776,100.09785516796487
97.45550141001333,97.41373590194294
97.98938927082497,97.97384421736352
97.29530892256244,97.26413985208441
95.28812097953953,95.17413716342809
97.84191100628433,97.82165548255178
97.51514020400197,97.49052528042442
99.38147939928506,99.37555374929055
98.60881171649957,98.56812914610393
98.36754014988297,98.35245254483931
97.82416454813028,97.81913729019544
94.91828316302853,94.78708945652365
99.7856161836944,99.77239854449356
99.38086023728654,99.37423319297366
98.80918435317972,98.79779265078687
98.88087625935285,98.85765565507015
101.27063703887602,101.25491524853051
100.55676448480129,100.54829073163665
97.26696148515077,97.24864909210974
94.50671705743011,94.40277645182438
98.40677684124894,98.3445664320618
96.29018270659635,96.25461029058421
99.09061696751391,99.07498592516383
95.57109925867559,95.46834591356657
99.38063453846522,99.37610762673721
98.48408522439495,98.45896095029583
94.23625736590085,94.18072969757164
99.16279389559917,99.15609919294378
101.8133380194341,101.79914337646011
98.00624275772414,97.98848867989783
95.76258164899323,95.7126993920779
98.37259796260138,98.35850176884956
97.53942135300593,97.53089239850037
98.40740645662171,98.37752100010513
96.73312496476449,96.70881555197143
97.03410168316448,97.01272672343377
101.50670797500281,101.49481699691171
101.13219316943449,101.12826567324765
96.80128082541324,96.76698048069487
98.06864070160283,98.04378444745923
100.18377749323345,100.1691965219684
97.4918056001762,97.47441477198515
97.18210202932302,97.14558217759296
96.55262356471256,96.52744796743823
97.8410033878244,97.83426626808607
94.66442789612614,94.5140427979871
101.03041602022475,101.01958899337619
99.63261343768852,99.62472685906862
99.14801774735207,99.13867360732912
96.80793409964289,96.75390194162662
100.25536819942276,100.25228584470756
100.67477431535126,100.66554072585002
100.42945217295826,100.42357565282778
98.23308532665558,98.20744493493552
96.84035967330072,96.79865505545136
99.0059499589479,98.99807973256728
99.94439807282569,99.93506330885859
98.58894291897974,98.57772615674465
96.6312849198394,96.56282776690674
99.49908302709164,99.47646813464078
97.73383737286238,97.70889098085695
96.79103654577816,96.77047478140369
98.37323063715047,98.35430486044469
98.67784915021322,98.67384721872537
99.52123075088404,99.50494815953788
99.42951274461659,99.4179145849421
100.69909564530025,100.68643710955651
96.98635934261335,96.97206349000624
98.67213471478006,98.66211510457482
95.85652041034406,95.73878128369068
100.5712526633969,100.55882931485047
99.70319978933222,99.69653451837469
98.38803809036595,98.38506730780792
98.62269695251086,98.60531974817557
99.13452064148167,99.12878739753336
101.15807686632533,101.14752791219865
96.64947762446945,96.595116774137
99.49340766567448,99.48729258084201
98.77594308309206,98.76490451209929
98.80143914799348,98.7806166205014
99.30079654466935,99.28004815339936
99.00054796842532,98.99674808838266
101.4210127250393,101.40516061111114
98.75172728558238,98.74468669277576
98.99940868238927,98.98355149859182
94.6398828074245,94.58457948914538
96.60098249071385,96.56582084436114
99.22103819583306,99.12937523696498
100.5027251606946,100.47398425113683
97.48475710224062,97.44304678800509
98.98296727343157,98.96977337405735
97.18627507366267,97.16679708518112
98.32425615104559,98.31573317235127
97.69540332798462,97.67715691010146
98.44547124418436,98.44327611822715
95.07537489779367,94.99042591418716
99.38504890246577,99.37398356269411
101.19075117041379,101.18514452493262
101.48857408221596,101.47742399085355
98.67897940598421,98.67041447741683
100.29611325465434,100.26482292739361
98.367603758969,98.33468216115926
99.02342280475749,99.01627299248969
95.18290326574686,95.06183450388363
98.8250571209365,98.81599231058621
99.48034842793652,99.47390968339167
98.8297512053836,98.82219828924212
97.08369528702993,97.05637657312522
97.27598071573026,97.26410703193014
96.87596717335602,96.80314575279526
97.74440829224382,97.73839149945708
96.6934115531433,96.64981911830617
98.03477716123895,98.02311022873177
103.32627892721398,103.31055209955588
101.62441185951455,101.61747103969498
99.39077362657314,99.37418361550434
99.5414794798561,99.52507471646892
95.97663676952693,95.94691094634284
97.66314486935947,97.64357237499001
95.56537628835503,95.53428162160084
94.64747908215345,94.617613952731
97.89012138868779,97.84896011578061
96.47745896557522,96.43604203323763
97.93010086154834,97.92223304685493
97.94702596771239,97.94157099689758
99.65711209529978,99.65186926050328
98.8635161887184,98.8569733390541
97.66969596576959,97.65955588599894
98.89226899538738,98.88368268946742
97.0299377171448,97.01168646704755
98.27153665069736,98.22861579285241
98.44829355810518,98.4304213049368
100.89480241749806,100.88853882735349
98.78266799737472,98.77262594852562
101.69806941537132,101.68566025715351
94.70872811532796,94.63810113062873
99.06549033378458,99.05983597384352
98.12761928105337,98.11899919429007
97.07266364608847,97.0471832018991
95.57224376927383,95.49356350352258
96.38633146618741,96.37076763241919
95.76862675306036,95.71533468375816
97.89401164304681,97.87757943632027
97.21694125740194,97.19857396860164
96.59741420880827,96.56398447420551
96.57900962912034,96.47102439191923
95.8733808624968,95.82172901162723
96.188680809459,96.17481299475662
97.33309181925557,97.3049898631384
97.27433055513478,97.25086630238809
98.89587474122978,98.88771270071207
99.69512293429506,99.67700287746192
96.08881923040339,96.0480792893847
98.27337476304945,98.26679614319859
96.61435648118197,96.5842688852128
96.19952915899425,96.16605113758004
101.45255739366985,101.43353786959031
100.8272281972463,100.82094629777842
95.53574868883325,95.47520818764066
96.04444315714423,95.9838516835628
96.12275197272162,96.10986068825959
97.86889304826225,97.8500013862045
101.37762623695996,101.37512590838442
99.46736725143427,99.4361111108645
97.85329731552038,97.84260979115764
96.92698535320446,96.8920290728041
95.49334120189313,95.41790600849933
100.54554166361797,100.54129927025478
100.23893088670104,100.23193799191495
99.6796991198334,99.6485460087102
96.8490395710156,96.82136615273212
97.7724008220771,97.74794924279942
95.61151645318317,95.59212936796797
95.42318861470453,95.38826962892698
101.27985425226012,101.27435325583629
99.98095351935912,99.94471885853618
95.84595633631363,95.82521293842765
96.16876572258563,96.0555779180492
95.7711403557023,95.73815590753645
98.18578457426162,98.16618262463292
99.38135233156444,99.36389247599902
98.8953498141593,98.8550886280075
98.95585772962625,98.93776881346739
95.54371605290571,95.50320562923916
96.24693727984447,96.22287423666175
95.70186071160279,95.65046846047274
96.92714036566832,96.87911433050971
96.40699516173957,96.36126875440078
98.21182009253566,98.20335956040054
97.86973675486388,97.84749090997536
96.78900213135647,96.71804363507071
94.9563457617638,94.90079309642667
97.02702126839948,97.01471797759632
98.77459171737497,98.74175736688468
98.31305184365762,98.28147066870837
97.12340952575555,97.06162643263428
98.68928326194083,98.67382917327946
100.09522012210948,100.0862226516643
95.42455059797275,95.35216448510634
93.06221992447146,92.9635690881685
99.71065306349057,99.69491423776346
97.32321165126737,97.31215751775278
97.37269717538848,97.35746736592773
97.44416875555687,97.42207689643408
100.34159966981584,100.33338212660543
99.53516462543692,99.52206570863564
97.02915368512919,97.00714458305225
98.46585990579601,98.45412401362526
97.08264476550669,97.05207062798873
96.85137509697682,96.78098376442264
97.11740654968877,97.03597619352779
97.77501098537101,97.74205878602537
97.02755305887433,96.99109380605782
97.8555702114161,97.81897407068247
98.45368551072137,98.44144686125941
98.11593714713257,98.07572026930008
99.64973394559827,99.64568792200915
97.87885256651217,97.83810477732774
98.05075690614642,98.02433800166338
100.79954570293143,100.79654899185202
101.16900331190786,101.16244169039088
97.22310309537923,97.20801618304603
100.53675951305253,100.53322840925381
96.68399442290502,96.65216203471623
98.47491297038952,98.46898329706248
99.80448942455641,99.80205388128834
98.15587508456548,98.14357832173359
98.46288350784295,98.45327753860636
100.20581925607668,100.20358459619297
98.04185330408143,98.03519798989744
96.55927854592359,96.48455635063371
98.2235235777632,98.1889905625168
98.11665036462254,98.10929170323978
98.48710756006578,98.45712996315127
100.96623360164847,100.95489345467234
97.72452155878729,97.70753175620196
99.48577180369801,99.44173821757144
98.55294103865737,98.54188423622351
96.40101697666461,96.37139222979167
99.10440752705256,99.08600111225206
98.39419759158956,98.37806360123687
96.28667227126874,96.25802006946785
99.36293268847152,99.35779583087846
97.191920819346,97.13629472967223
98.30802809059067,98.29273984290589
101.79531385238457,101.79019842375374
98.0865606014752,98.07873033607932
98.22706211357614,98.20472120806104
95.98787878432002,95.93073716686979
98.70689524925366,98.69226228422174
97.29971336919009,97.22086862895041
98.53038026855053,98.52249148432884
100.01450030663881,100.01106901363697
98.70124898056662,98.69659857275984
99.31076407420247,99.2991955312447
97.16678185552902,97.14407939248291
98.00227189961612,97.96455939139898
95.79465899184075,95.76134547637852
95.63287873597781,95.5830239426417
99.56752854462047,99.56328735109689
99.3335203723856,99.32941626387814
97.43932521656495,97.4252235603602
97.2601375364562,97.22571356894825
98.18363898015528,98.15507579521935
98.44728701909962,98.44119172190284
96.91235574094664,96.86480754564414
102.03932974589812,102.00129025117546
97.01781998797296,96.98446634186128
99.14596909080245,99.13322576662061
100.17789756772378,100.15683714329435
95.23765844333015,95.20578438090145
98.60810791509901,98.59181417519979
99.16529750806265,99.15421335272612
96.49611280989271,96.46543953876268
98.60913956827471,98.5874275212965
97.27764956215023,97.21662970772323
97.1745552180798,97.15682995593112
98.83965138253743,98.81723880902582
101.0335280002134,101.01350565152683
98.58272086309483,98.56991875352463
98.2886294276717,98.27733308893083
97.60009255632026,97.5719993541207
101.26819019051061,101.26151616559208
99.37935919560174,99.3745853809286
97.64209313331384,97.62470963029183
98.09651366083354,98.0895684215163
102.48172670483298,102.45916089031476
100.21819161547091,100.20645825525816
96.62874072737044,96.5412059635494
96.29101346936575,96.25488369917001
97.43232838962625,97.40176215644406
96.59761580422713,96.58473571108874
97.88922231186528,97.83882775631191
99.13977530328921,99.13226618504976
98.10069751821395,98.07322230683766
98.35556770289097,98.35037316344165
99.52315237460343,99.51512662847139
98.53496181865981,98.53137967465011
99.5066796750194,99.49960371484136
98.57939729681088,98.56818522293139
99.71289215341068,99.70982075392017
98.07266067126515,98.00884256147818
97.08333354507127,97.06842476484658
101.52313042269257,101.5186874854333
97.71899025969779,97.70867881398122
99.55205284610766,99.54899213196965
94.9335115885047,94.84041522990613
97.39144559796264,97.34307463221398
99.89513183383293,99.87960039477065
97.57928413091017,97.56379838684703
99.62347702967432,99.61397893969985
96.08521013700509,96.03699316371359
97.55871270193362,97.54175175371633
101.35393418268717,101.3422528359633
97.66223177071932,97.64016893703074
99.20218482873841,99.1756269294829
99.40994573873373,99.3791589703446
98.5243555378924,98.51283888044398
96.71976236403344,96.68489371691504
100.10657147726386,100.10110530687986
98.19560519443024,98.18215384932381
99.14934163830107,99.14645260069935
101.99329339003093,101.97792182273139
99.38255518674852,99.37586885441446
96.1002376323506,96.06227796804878
97.13806350472868,97.12520476719078
96.4675917488176,96.42011570635745
97.40227686294917,97.38644709551097
98.98928618163812,98.96967230450929
98.5481176895577,98.53959151662117
96.43173173073373,96.40449603838364
98.33082923119551,98.30341010395836
98.9412725059442,98.93698134881191
96.14928386504775,96.10843389935043
100.09985377996219,100.09160020708661
99.86918617289427,99.86534745591997
97.19537434055414,97.13402099854281
99.68016978573763,99.67465694821128
100.83560168897866,100.81194450684946
99.25263941950354,99.24809622868668
96.34025268730916,96.29236456471436
97.18253013082986,97.16954660536753
98.0293719167121,97.95662935035517
97.87620825364266,97.84501142263173
99.98590712780123,99.98187112543596
97.8520962778776,97.83053228599603
99.0589423639656,99.05607384016564
98.99422229243282,98.98905475121452
97.28259282009196,97.25303562746626
93.23762293008845,93.10156154598278
99.50918060391251,99.50180399942948
95.3672119631021,95.28528807998653
96.58134775373702,96.55022524575114
99.92537852404261,99.90893175718176
98.65767076683044,98.63144765177789
97.69191872744997,97.67910364641911
99.0484209458167,99.0400045321145
97.08801916795757,97.06862310452203
100.08329140065598,100.07784761958268
99.06792227350665,99.06200862513501
97.46528490853437,97.42595590048239
101.01941941666954,101.00671351110769
97.72950828968031,97.71833704206219
98.10265503194205,98.0921982203534
96.36170488297402,96.33357034402161
95.9040864193495,95.87015043112787
100.03865054319756,100.02169050564466
101.6882901966882,101.68028984140187
98.21941394421114,98.20535386873122
96.9188872072738,96.89046092327936
95.69638291307987,95.58702734967467
100.84173975781736,100.82858525720506
96.2769470501154,96.215677983271
99.71398142531449,99.70841191947447
96.89699586362543,96.87858233654566
100.0272176169738,100.02361508508464
101.3063727162805,101.2996288808106
97.82138383028003,97.78872939860267
97.83891745743132,97.7913357519905
97.35159562122507,97.27694472706419
97.7379444110685,97.71500988210647
97.93961141219232,97.92968210289004
98.90710931976231,98.89697603549763
94.89509674608449,94.82318114070733
100.10918697700747,100.0986741040988
98.28905606012918,98.28594311919052
99.70660231503669,99.69995321876623
95.59569435425854,95.57032147761286
100.71497568059314,100.6843699265081
96.6931854761226,96.64191945784894
98.29590272498577,98.28617337001826
97.6325810089374,97.61702016679426
100.59537443530743,100.58263156327983
95.68385225007341,95.5803874133559
97.85987500060503,97.83746827516975
101.49762324168121,101.48370437320665
97.0205453496033,96.99734667373968
96.17227288326377,96.0993594504777
99.17584441378312,99.17177381602232
98.21368800320107,98.2001581139043
99.62025485832463,99.61062114128994
94.83529644121141,94.8081444944261
99.35430033515395,99.33565920439004
98.57002822358318,98.56626349226052
99.48457195707579,99.47895905710858
100.00746329897987,99.97682518470044
97.92991788700274,97.9121075899343
96.3200682486459,96.28478676714232
98.22315526631631,98.21507950226055
95.81217220250865,95.74467617837323
99.60445049294245,99.59936879430892
101.7807890448805,101.77716794600919
98.97749839143547,98.94156819511272
97.81364995884933,97.80150350199531
97.25323147636763,97.20888083064598
103.40145954408746,103.3402452319526
99.62011081973911,99.60174934407648
97.72219228897126,97.69404317499793
96.19767715323599,96.18863427372713
99.8557124085142,99.84031481690863
96.55571134820464,96.51640632886348
100.61860742055212,100.61130383493027
98.69416680354671,98.69150871338158
99.22875746528474,99.20008033302557
97.26713042595145,97.25175764064616
96.21623210524662,96.17215120332752
98.4792328490334,98.46515998755103
97.46403175666131,97.45286300022967
96.63195768160476,96.61228470657171
98.09965084876578,98.0918764829626
92.26494058910178,92.09292638523556
96.6128634757919,96.60558918099781
96.66479686341583,96.56013930385852
96.63191190289871,96.5912344022342
98.25105670822761,98.24587881215331
97.77126235099007,97.76388954756274
95.75538475861697,95.68595501233962
100.5047013670235,100.48546874691446
98.85438986679844,98.82176278253908
98.71094449902922,98.68926560313022
98.98336107850048,98.98055328765781
99.1680220099944,99.16155495260305
98.07260579523046,98.05550720066383
99.84325260229414,99.83723749375386
98.41183966178816,98.38838432570785
96.75039482478134,96.7134416997242
96.24526437824244,96.19597930046713
98.86499624528605,98.84702947951574
100.90694177394408,100.89645109676115
100.21110066362671,100.20673748805234
98.93607636261297,98.92177613330396
96.79701134015458,96.71772188388212
97.67094213008994,97.66518356672732
97.64503872626119,97.63552332654888
96.02979029450887,95.98549755648203
98.7260027700057,98.71928629090728
99.53631479717446,99.52652596700757
99.9466706478581,99.92837856797868
97.48916847652072,97.48606403103675
96.97229328109604,96.91011224894075
98.8182235729501,98.78725271003745
99.93140046432198,99.90537524333395
98.02400140467076,98.01926550033114
97.51754757576853,97.49719415773468
99.95481359037356,99.94986863248441
98.32309691134185,98.31557487740979
97.4044794677535,97.39086272306557
100.66281262841714,100.65717210702581
97.53341028968529,97.51506524075471
100.60937255446159,100.59306145000758
97.96817882664018,97.92844170121947
98.26109268124695,98.25160077379746
100.24943819262597,100.24234229026939
97.68329148733548,97.6513172962365
97.07212697781533,97.01202096033907
96.69803578585875,96.62000195760882
100.45084767836545,100.42245884086778
96.9984774238271,96.96558125107644
97.95774192583075,97.93696952330036
98.23819470546186,98.1804317447649
97.06204594718223,97.05185051058783
96.24460204317664,96.21760758358397
97.98864500067174,97.97871587118578
99.14180757215858,99.12780932429307
101.24533794227332,101.23468632070661
97.6731245141066,97.66241936286318
100.1955313673475,100.18789523012495
99.55242828952309,99.53409107480114
96.18919340555335,96.14362507628549
99.01712724961682,99.01246668182006
98.60216894502635,98.59235309852491
99.20296239507864,99.20076924263057
97.79508204884762,97.75839497421074
94.90262102522522,94.82389021525198
95.02298572116862,94.96608692560305
95.55838707481077,95.47974516530977
96.657963774737,96.62752681076768
101.91012317100862,101.89798881420818
98.2315032440519,98.22124333706982
99.67356624493979,99.66632438780852
99.18255634219362,99.17717355329351
97.70565957595277,97.69157068172451
99.6180174774389,99.61176032768498
100.12800773089222,100.1171295727319
96.56151572460783,96.51639494268925
100.32480934506701,100.30912189913437
96.3821945503687,96.35992644882235
95.9466309033265,95.91230960627638
97.64917705647629,97.6265395165254
96.1357171140076,96.03349872450418
99.56083987245535,99.5559592861313
100.26936997479885,100.26494962926913
97.44853775819473,97.40559284792079
96.27163482573405,96.23193903395835
99.09207461920724,99.08224410591244
96.25303539906814,96.23124647223212
103.15098852450451,103.1411559913644
100.8711298334365,100.84819907222466
95.46604370716713,95.43818076936287
99.82556155982894,99.8018021812632
98.31173409831572,98.29141166499282
95.55806800676238,95.45472366161334
98.79254986384595,98.74653079426585
97.68137798621402,97.66163231963247
99.20237106382714,99.19562891786725
99.6195235108775,99.61134451373235
99.66455324011967,99.65690723403674
95.93970655164328,95.85164186095817
98.89068497126047,98.87348219408116
99.06011783479508,99.04490378594485
96.8473875412682,96.81996876276813
96.20313192977723,96.1485688650794
101.4325628548621,101.39873461051234
99.07790924392495,99.02114397628915
99.64380512363749,99.63027011711131
98.4985770940186,98.48254169613655
100.12978328528237,100.11595296364976
94.50680617487444,94.4316394301002
96.1899685977745,96.15181601002418
97.75063385285387,97.74269911285259
98.49265030671523,98.48565367871409
96.39114559297894,96.34613731979226
100.40597870366555,100.39048327956246
98.47331964883331,98.45540740733752
101.20790138044816,101.19268241560113
100.43704187821567,100.4282458044847
97.72610685563708,97.67665814474964
99.04444039400984,99.02389162153857
97.34732330698796,97.28893213534964
98.16071330604883,98.1527342606553
101.83910258088605,101.80018039167255
95.57008001121031,95.4922204158292
95.20966051120062,95.14487674157897
98.44072321677997,98.43475837524403
97.01532495671955,96.95428974636533
96.75978969650036,96.74830948145987
98.45041405153583,98.44147215068672
95.60628473302968,95.53445845750265
98.84076064083786,98.82244739735077
98.03685661276253,98.01629136831323
96.79515874094147,96.75405146236687
96.5509130290454,96.51277515621817
100.44438586313215,100.4339924386968
95.53575542254463,95.40785129164594
100.87328899873968,100.86964465352044
96.67420714820622,96.64908330541056
101.42230012656067,101.41722341536243
97.93999540938384,97.92274793693794
96.49409017947346,96.46734084712577
96.25133149845492,96.19599628527253
99.07940843606039,99.06501682420088
95.6601952927265,95.58267383900076
97.0047526723393,96.97832562385662
96.06704499515503,96.02282310186501
97.68725822261757,97.6357416530572
97.27458366010244,97.24879452516134
97.7718031643252,97.73848059414934
97.9931005004665,97.94281504828793
98.16268741116943,98.15157067774469
97.2152342056636,97.20824326761002
99.12393899174148,99.09687642903741
98.97276609320203,98.96316634134642
96.30138050077149,96.23741645332042
100.45295719196682,100.43987151784799
96.27761894764784,96.26682081027181
99.54010975829678,99.5366258318007
94.89837979359291,94.80949860374145
100.44175995079564,100.41669823983679
96.76684017327665,96.74620928760744
97.85371663397493,97.82930787444867
100.0383418129659,100.03431931663094
95.67820365845232,95.59277484617924
95.9672401123721,95.94250164741257
104.30961121808774,104.25972687144574
97.30329363594119,97.26219122956083
98.03088361455981,97.98603091562967
97.77430423804702,97.765153937257
99.81561886096566,99.8130571333636
98.0507458713028,98.04333466482817
98.32294528033994,98.30058029842496
96.29202165203922,96.26879479049038
97.54517260314789,97.51036968021272
96.29678006814211,96.2667274033054
101.10497919913053,101.09913729728387
96.76284164349332,96.7492953558757
97.86364935184105,97.8548218683386
96.1224754627702,96.09754886812941
98.76212864589644,98.75695956471172
100.47038426017902,100.46461015321086
99.99897434775761,99.99549464085506
97.96096000108493,97.91839815176898
99.01164467491475,99.00504938731481
97.84440501310829,97.82673435620062
98.61853795955624,98.59682070505771
97.2274975439786,97.20994252226583
99.3829113451192,99.37857000529232
97.02996343769217,97.00721385566969
100.11677819065628,100.10872898097114
100.21901001169655,100.19840825293385
97.62781874594239,97.60906670963757
100.1908562485547,100.18701797581966
96.74751746294443,96.71690881542273
99.33413972899041,99.3222570525378
95.99083123206623,95.96698800357098
97.32695411302167,97.29917097867842
98.40407566904,98.39232843364137
101.38636222643089,101.382150272529
95.63262911199148,95.5756900198324
98.8385395261398,98.83085687041162
100.96732745723776,100.96021875731398
96.01560117908244,95.99354080552119
97.25028483201301,97.23940736677035
100.14575173445148,100.13907608066523
96.91855220858423,96.90176641541173
97.66747337902339,97.65095924699898
94.09705622392785,93.9815552473728
97.64227082525088,97.61459557875806
98.29435943786096,98.26449446390863
98.46562970025583,98.45642933952062
97.1946753283062,97.16737000974625
97.9600837920744,97.94857647842811
98.37322934032586,98.34205264686211
98.52079851567537,98.51558871170022
98.1788275432844,98.16438282826235
97.66961858176964,97.6455333920653
97.5907522812864,97.56656952358306
96.00146672632783,95.98312292219835
97.72999808435524,97.72302546485633
98.76439452662953,98.74494018425106
97.83236219806344,97.81517130888274
96.68221236762194,96.63576596384702
98.67718618535106,98.66777463629332
97.46251794721884,97.42957395217697
97.29120392570353,97.26456736182342
98.28880695009475,98.2699671935795
96.8303196904755,96.77769993368139
95.84747938256268,95.81899474540438
96.76050826436462,96.72695650018056
98.67913197263093,98.66013296749084
97.65202968249598,97.63602800118825
97.71156714935549,97.69384731496854
96.0790479099601,96.01420377787991
99.75248386351237,99.74816431644933
100.37390586065348,100.36949741986227
98.56910327028938,98.54928546829976
99.31016091429896,99.30036629613947
96.68969428535253,96.63931084698473
96.47157599484531,96.45387125223216
99.2056193231587,99.2001024094221
100.12411152983364,100.1097946968807
101.09627271761521,101.08828975499027
101.70793905886313,101.70200312181433
97.91076123967626,97.89204046819793
98.69079714481364,98.68447983542247
97.18116857043653,97.13933870117897
94.58337279928769,94.51997077186026
96.10961566999421,96.06431635698829
99.77656519534429,99.76850811928234
99.81575988050795,99.80596032760563
98.5942559989093,98.51926966039301
97.02628541110522,97.00795118465838
97.077886000462,97.06704815502586
97.77441216376866,97.72168381281611
96.3908474165841,96.36715561594245
94.03620420771614,93.97916687074236
99.08132940021565,99.04476315996145
100.65012294723445,100.6441597724495
96.23782532942136,96.18357601342771
96.5685542027794,96.51229099817797
99.19414186685273,99.18595893218392
98.99638704033741,98.98563134189477
97.50629995196194,97.47790962797514
94.57172273615102,94.4862758065967
101.46039376529576,101.45743379896041
96.44364969319174,96.42010406074313
97.73418531953551,97.71695373844925
98.49092972253969,98.4576961062341
97.73080548749344,97.7191776973275
97.32297211560001,97.24606002211475
97.6526670011458,97.63682617014202
96.48937926330946,96.43373904756622
99.36252809274555,99.35082462660166
97.65415218703663,97.59127393582061
96.07782933163408,96.05453878442948
99.10295083675291,99.0770113860531
98.79412170774901,98.78953560573255
99.93485632290125,99.93224559130181
99.14222139889762,99.13232147120954
98.20585970214826,98.19264972656974
97.71908551024688,97.6870064191053
97.96151380227073,97.93213787953898
100.01848661910275,100.00785579414766
95.32594080715981,95.26622354507026
99.81819215544927,99.81079408350614
98.2056366638889,98.19750056824425
102.6664058508607,102.65536029521743
99.7210130107212,99.69835540703133
97.02369759835287,97.00060164607036
93.95984693013438,93.85925391639968
96.23601404846576,96.20796409308426
98.88318542142741,98.86835494318063
97.4768262314677,97.43418553478848
99.87657835286564,99.87300116591476
98.31782154127438,98.27537750370011
98.81921068211295,98.77633462217014
97.75276167034858,97.72295218033767
101.91254186568489,101.90608032527932
96.61908204800292,96.52682407905817
102.59687069578267,102.5881206303002
97.51443841541077,97.46658392232689
98.07292933664336,98.04403501958764
99.34058839296806,99.3294627478355
99.84881734080163,99.83897206757817
99.21458489763427,99.19190972410091
97.75973409122032,97.72673166441359
98.47576873530848,98.46954458224606
98.34576305244508,98.33144793307167
99.5716502429422,99.56934586539954
95.735761590863,95.6829298489226
97.56096579036802,97.52222550199939
99.53554352227702,99.53084699784655
96.10655840758099,96.05745830435795
97.9408397225278,97.90527936312634
98.42157431870002,98.4117148355137
100.04134510182584,100.03366324871877
102.08017357765911,102.07221692245345
96.81800056279928,96.78901020037996
96.90704127908832,96.8856317255155
98.0287005034243,98.01718245018829
98.42324970490036,98.39527383966141
100.83161735105432,100.81935597297846
99.91421456967286,99.90818493375916
98.67833800360049,98.66511134091368
100.87154460138113,100.86265177419436
94.83822694630776,94.7284312158957
99.30610266057643,99.29857526818046
95.76368181412013,95.70010096966003
97.77940978818069,97.73323584439304
96.49424813065741,96.44821921981344
97.23893771009358,97.2250530743819
99.72344806627183,99.71155801573799
98.39294023535052,98.37258984994791
99.41633165602559,99.39438125840478
98.30535783213054,98.24655778320954
96.55336273680976,96.53349411574506
96.68385634086827,96.64151662822385
98.8876522545518,98.82733440217724
97.03573916386,96.98398946025674
96.34600327175161,96.29179801758396
95.37139527646464,95.31925843438033
97.74886776537471,97.72079141058067
98.30682020984712,98.29659639276207
99.129177209836,99.07754065022407
96.2796292956221,96.25161162905752
96.94533174480452,96.84466948560808
98.74508251960846,98.73008502039507
98.3309252509076,98.30906047954461
96.85368016196675,96.81464849075905
99.36925700847992,99.35180787068735
97.429781052121,97.41285702369817
97.91374207106101,97.87999547121338
100.442543542225,100.43509724105502
95.48694427543431,95.41415776862742
97.06088981343208,97.02500878862774
98.45726238835799,98.4525276872276
100.46443401320147,100.46089705640438
98.31443908075127,98.2985489793307
95.34681327847044,95.31455825544697
98.30234008817654,98.2941062225146
96.93426857139566,96.90190991393861
100.45479154656786,100.44589844813716
97.96794841538129,97.95742640096068
101.12882236066778,101.12569553320671
95.45348026176654,95.39545375288915
95.30229891023048,95.24564904581867
100.11026266990082,100.1049229218937
100.27393203797506,100.25287686870016
99.23538032917602,99.22622225665974
96.50520347922826,96.44828794635329
98.53420480826124,98.52306426686798
100.12557932226272,100.11488877014801
97.8121844322449,97.76978508703957
100.18865565513714,100.18272503642412
97.10323278082818,97.09323291345444
99.14101100042996,99.11754595745438
100.98229477635392,100.96486148287742
95.42486576971909,95.35864268843618
96.23379660583657,96.16068454673817
95.44441041850429,95.38436401918432
99.72035685578214,99.71473854999446
98.35699536470993,98.35255862664602
94.9666394403283,94.9298715108646
96.33448158280464,96.2996052126084
95.22468157138252,95.14189723956555
95.59322077370717,95.56454320481882
98.0966567807464,98.05607203531403
97.45576581235113,97.4222726748818
97.22956939176927,97.17239275067826
97.79553794436586,97.7635142357049
96.7535751614664,96.71972403159626
97.9301632349844,97.92496548514866
98.85474937400548,98.83787874095142
97.32768466236932,97.31315328251915
99.71680800079626,99.71266804571351
98.35081490052464,98.3480114599483
97.78339601689824,97.76948883525526
97.19534290101983,97.15757611928066
100.65735272188387,100.63621230070315
96.5788018812087,96.55357334146129
95.49224634348462,95.45736017904949
99.80059236348892,99.79622579886131
97.18449281129841,97.15330958517742
98.90193095012002,98.88577902421291
96.50601821960117,96.49062786766697
97.7652050725414,97.74069174520706
99.91314625200233,99.90504904644418
99.98524104555399,99.9502764495087
98.8517291969404,98.82990276356023
95.91478131475287,95.86884939972116
95.96295964381306,95.89323926572368
99.38026741825543,99.3699499121913
98.38779108450093,98.37098274862278
100.57686904770082,100.5717289094227
97.18869524393516,97.15011765091782
98.598490011615,98.57118810587633
97.16048197413737,97.14009297046707
98.89329778789671,98.87098611096557
102.31671612863043,102.31256173835169
95.79006067677234,95.7608332948495
98.38930319592761,98.36561538335094
98.33609114048683,98.29098076740327
97.98625546213646,97.93187155901884
97.77802198226973,97.76826005926769
97.82981292785627,97.78990779089781
96.65702709620493,96.59510394679737
99.9560711043306,99.94597954400565
99.18043705039656,99.1587586282261
97.47854156406635,97.44381353884646
98.01607819397056,97.98972749526457
98.9894198727018,98.97845369494068
99.59720271394264,99.58927389449049
96.85887032078831,96.83639196070901
101.36495914482259,101.35442130392035
96.87943584449582,96.84711071363482
97.02602645917648,97.0033147635363
98.23705130532602,98.2142411879285
99.57738040747961,99.54934469420729
95.570397836856,95.5464998476337
96.98362438461771,96.95473861370756
96.88102930943211,96.85898758345785
99.22655822932455,99.21699505218568
95.95727723305824,95.88743568481078
99.41683478496994,99.39660490388282
98.04078181933617,98.0245610698985
98.81575996956443,98.8008656589286
101.0495828586436,101.04431249325025
96.7116723462368,96.69512850271492
99.74722258955875,99.74021340984551
96.83265010161976,96.81134700377935
101.44658856152144,101.43278092896172
100.13829229432558,100.13107140546366
98.15134607758628,98.11578427833902
96.26657372187285,96.18432743393896
100.28872912369997,100.28636427098958
98.55193977593052,98.54609985572064
97.92725395049214,97.90418793719208
99.67408033217707,99.65986737490338
92.24999455876903,92.16029225576591
99.51144054014456,99.5041266269124
96.89093377631936,96.83274303945444
96.00744683418601,95.89083739078382
99.34946462625327,99.30760466134826
96.17629648287874,96.04382464441676
98.21922460865366,98.21208960578765
99.18199802504898,99.16661953972472
98.80688254477356,98.79071882149071
100.11517839850505,100.1080403233759
100.37796854186729,100.37272003758278
96.83975987719018,96.79731950326058
99.73850486186069,99.72575765336953
97.21562422716588,97.13493526682947
97.66115867390499,97.65310317843823
100.87482585356493,100.86944505824954
97.24468860505581,97.19802724704412
99.03904598788074,99.01326369921588
98.37765476681474,98.36873559717594
97.02785943167872,96.97678811014141
97.48430741363634,97.46405309806892
96.6884731565538,96.63000114544813
95.3370435429641,95.27964064794047
99.19029769551994,99.1850843844663
100.60357763468815,100.59863546267373
97.90742232111255,97.88570409562139
97.12902238542482,97.06662191111624
98.88254621761519,98.84515535035602
100.7174323053797,100.70558528727014
98.77889264143363,98.77472619151342
97.82367887677351,97.81677663353699
96.33627861575425,96.30843223007726
99.21268070020261,99.20007383226158
98.25122257668538,98.20193885300733
93.090489921171,92.97799403504652
95.4268165134887,95.39708423847702
96.44597933242788,96.40936420804485
97.38954515109512,97.32885223122541
100.62762339220879,100.61667230706097
98.06892535720485,98.04811050115306
98.65089645142618,98.63728589764487
100.68431313778513,100.67801477087346
98.4108113433097,98.4027915641659
100.66668207879971,100.65780869111144
100.7066433200037,100.67514289566984
98.06138397406241,98.05450495723919
96.77703473763344,96.6974762599499
97.57831246322357,97.51619852582203
98.1606824871481,98.14512219294417
99.18698612282536,99.18071161286224
96.49924299240821,96.4580404111498
98.38009903993152,98.36825236408013
95.55584635829668,95.49750293265042
97.98173227597462,97.96165186622098
95.79723517983297,95.75436940147613
97.6005838284468,97.58562783791328
98.5204567950451,98.49355453394351
99.07293537920836,99.01173648963231
101.09688460247818,101.09289708953118
97.91095841854376,97.88424946781744
97.8302494807139,97.81283123932738
97.76300788674047,97.72111054219019
98.98167852749408,98.97383129395672
98.45304490265373,98.44940532060447
98.32538988446895,98.29597081238978
96.86237966472495,96.79369894237026
94.68299176357915,94.61766201403312
97.18120125025905,97.15106363099736
97.89903539708199,97.8812819567531
98.17787570526939,98.13956992861485
96.19405417480026,96.07987755101747
97.109614379084,97.08312814718518
97.4608007390054,97.42825100226074
100.36817462695358,100.36307543022761
99.00957046088598,98.99229932592615
99.97246580795469,99.95761707982444
97.02582339764734,97.00430359585042
98.01674452888047,97.9757180838751
97.22632406371848,97.21495145535265
94.26774162252038,94.18647262594465
98.09826214604392,98.08547577889553
99.68020122444385,99.66003046259209
101.56886378726425,101.54505693112363
97.67619999806183,97.65759742088235
98.11616733301287,98.10406561296894
97.49065242971203,97.46437087504798
98.8455667688765,98.84208753079358
100.03870796630196,100.03257586361123
96.73906303722335,96.68756966139782
97.38133260019772,97.32084681854963
97.89693088605003,97.88974037636598
99.7161773711731,99.70767742801767
94.80235197051577,94.76308122652114
96.04646722530961,95.94105518815633
99.05979118510294,99.05553923774735
96.02975367351598,95.92500743375155
97.3851561178793,97.36892587572203
96.60807952779702,96.5496875411691
98.21856179575542,98.21288048768213
99.41452056870088,99.40834581997971
98.73165859181172,98.71685990398471
95.79089397733237,95.76541757117732
96.81650661805261,96.8069539726652
95.70761763401099,95.66835618846709
96.56525208324818,96.52845778148287
98.99694068775061,98.97224545844666
100.36965734831777,100.35862832817261
97.23023384713733,97.21297796362546
98.71922673459704,98.67101077400763
100.52649215701025,100.51403584105609
98.86965565598017,98.84544054594454
98.76337752292142,98.74901870870042
96.80855077407155,96.77196266770349
96.65878064568753,96.64277169486567
99.2625607234653,99.25667045196484
95.92049271104344,95.87821848689661
98.74506511665051,98.73764271922346
98.00071500801285,97.9761649530667
100.21936965054556,100.21339018830312
101.10347072797515,101.09294233478145
98.35549791552836,98.33891055972768
98.99480948662656,98.98804091060444
98.42922839236763,98.38952370669953
94.91525750622264,94.8142613396607
97.81938618236738,97.8133175133468
101.5455880913119,101.53843820137473
98.61850199665203,98.5524836278991
100.9470530542959,100.93902858784672
98.88153898442975,98.87833785387802
98.57073833913466,98.56358691412123
98.75292037560978,98.74206220301632
103.58907424822051,103.56594267808282
96.88069009098984,96.82037142481141
95.31626450263875,95.24016374463635
99.03418507874187,99.02533895406614
100.29291188268981,100.28148917289802
99.8725431144623,99.8540963054281
98.47373587822476,98.46857486167366
94.97707430547116,94.90398861093679
95.17486894042474,95.10564800963134
99.60440505206138,99.56355333841135
98.47723266493729,98.46663071363696
96.82708592575557,96.80842537975525
98.0939755991098,98.08381124008021
98.7562852838381,98.74868643931174
99.99668924521511,99.9935808794388
95.52646109493487,95.48126789847515
100.84175486057411,100.80993550374093
101.9598921515498,101.95269240661464
99.6963475665002,99.69259427051767
98.07466654742807,98.03389849463146
97.55282690729018,97.44755287153454
96.75829481890945,96.73005033249437
97.67250083331508,97.66449040308524
100.61341569934508,100.60489807040412
95.6473685941738,95.6108292523252
97.80700003982918,97.77595410892337
99.9255625663566,99.92239926907341
96.60591738340412,96.59224874658068
98.79658248531273,98.77849033244618
98.30427018238339,98.28037409334544
98.55679996117561,98.54393526868265
97.11083103012623,97.06448494176104
97.3666039948828,97.30284747810182
99.471844957477,99.46544730238054
97.81290092370435,97.78823216744586
97.78748813787301,97.74751383201607
98.90818753713562,98.90050496559753
99.24611028032164,99.24152779822977
97.7042900106403,97.69187363400722
97.57180477531489,97.55375435047478
98.7151942011258,98.69230976764948
96.61395862862672,96.5895001862277
97.99373377523598,97.94735940062098
100.01162665142125,100.0009839424301
96.45578124546954,96.41651636773318
100.06542548803043,100.05602651114278
96.80384423162754,96.73816301476133
96.63664873151224,96.58217564714558
97.7202483090966,97.65740982663331
97.522764387456,97.48037342158976
101.21857166738899,101.2134942104403
96.90334020249892,96.87090447135186
99.43936162208358,99.42285099761575
99.0772915328494,99.0742680563748
94.08228193518644,93.99476912181845
97.10477974204156,97.08495044211917
97.1476226454206,97.1092031079969
98.19447463354001,98.17807359639656
94.39076675103962,94.30068513358385
95.70835755792443,95.68365937894785
96.97227698478316,96.92930103012138
98.07756493515357,98.04939925778905
100.51204540992549,100.50158527897052
98.45604240281071,98.39493950967135
97.94530140852538,97.9067966991928
96.07779651424863,96.01872353206572
99.1879007474223,99.18256232977285
95.70585517651993,95.60411721584666
97.36628392652237,97.33865877430247
98.87976589529303,98.8701375402228
97.10570895746677,97.08022871105254
98.07665008939529,98.0575270729587
97.20087178018761,97.17289898703454
98.56770941244845,98.53476452417273
97.14645558843769,97.13770297594468
99.80539479585012,99.79566772746772
96.96733247482139,96.91741576618014
99.2089183179523,99.16874478945688
97.91283103173453,97.89707280874876
98.14159206806393,98.11593628361287
95.88490823405748,95.85407215861665
100.73273650699511,100.70346234731066
95.2127039038507,95.16877123840044
98.94808659706715,98.92773255844705
99.06314023332692,99.05313749732137
96.27412228642683,96.24516296266243
97.57998132895177,97.5524570856022
98.86803787863155,98.84235265234086
99.36282599369524,99.35265514525884
95.27963161664584,95.23866800088392
97.47495370402231,97.45701921768823
99.393840216475,99.38193311003381
96.62116525306651,96.58907769510694
98.86100782543353,98.85225102372623
95.07238055710694,95.01877629704664
98.38058166028627,98.34242325589484
101.62609898544842,101.62112712301781
98.01780236375966,97.99349201528871
97.69689266612527,97.68796133266639
99.59701042107571,99.591111031541
98.44430226220754,98.42446306857231
98.70052177418194,98.69495738148505
97.47407553388797,97.4557264843014
99.90926201470211,99.90503046380336
96.10959538434592,96.07504623031934
100.41028934847917,100.40499091734252
99.92018581466878,99.9096397870479
99.21577206793887,99.19678450242598
95.00582866346733,94.96627344363753
99.91995671317598,99.91248847487245
99.54893723590781,99.52545325460925
98.028753646352,98.01767854341834
99.6603130706348,99.65549887805588
97.79855275114393,97.78876495263442
95.68375790563799,95.5740281738325
99.33339647677154,99.3059696939124
98.92841443829731,98.92083680347297
97.91884775441594,97.90495023944231
97.35751920662642,97.33278019683398
99.27678694977266,99.26771246836947
94.86313859653339,94.7954378658558
98.26373940855103,98.2156029051982
96.10971271476501,96.05328610711341
100.56599356636696,100.55267337803008
96.05917283961487,96.01992334539007
98.82642394298972,98.8057291682375
99.80948410896255,99.80510333008513
99.99099717754854,99.97459867038205
97.90849902980041,97.89475200880366
97.50026587773486,97.47977940392181
98.24623645397584,98.22567016506831
98.03120210068339,98.01386930662815
98.26709278202708,98.25403391506198
97.61030811456172,97.57205380978456
98.5953309173972,98.55352306731551
96.3536391470679,96.33432936381783
95.89315507646245,95.84735601227601
97.53479134958205,97.51429001074519
97.67552306117919,97.6270469372893
98.8528168943969,98.84721477983499
98.04571791131461,98.02455348806014
96.717517715853,96.68101083199709
98.839118709173,98.81004282975076
96.81799483360386,96.76975806403168
96.73236614160378,96.69437301543172
98.72949609741922,98.70837531077649
100.32840109416551,100.32066163365934
97.25607737826451,97.23627059351962
96.84680299970024,96.81833564346395
99.19011852277626,99.1816376295513
100.76044093131533,100.74984330108869
95.5633482990457,95.49990733881137
99.06347266149278,99.0606730622349
99.09035476394328,99.0860419302927
97.9324408987392,97.91968615390519
97.90241234403848,97.87380819968305
96.09743227785542,96.0506046061077
101.46411444360761,101.45768435257375
98.00868486252585,97.98710188714983
99.01284577970931,99.00373652615471
98.21578863262363,98.16578646404548
96.35331665520148,96.29274097084787
98.95886978311732,98.95104992567845
97.2645485169452,97.25513731013545
95.18298114487692,95.06769039579957
97.40588814057412,97.39002955661154
99.84300388064213,99.83272878935796
99.02379502706181,99.0181579858257
96.55323477161305,96.47215121458153
101.41242220353539,101.39956284827643
96.9407690147617,96.92122986630886
97.09994855620717,97.07580831931048
96.31408167038036,96.28430871822904
96.24412888144356,96.22271746248394
99.20414418013492,99.19799641446194
101.52490958021215,101.47761203014447
100.05580747431272,100.04283804779027
96.74278527588456,96.72510988605659
95.33924684045036,95.28272930817649
95.95078485442383,95.94090232125683
99.0921740212294,99.08023234180985
97.16612379853173,97.1218921426422
99.76944186062836,99.76568157076984
96.14505959246921,96.1263860511572
96.74372325760437,96.72472755278767
95.29083534141226,95.2587745750815
97.49646751969003,97.49118474826611
101.23514389702684,101.23125835890538
98.77650668496966,98.7499853789418
98.32907229025153,98.27678203356045
98.3068583674283,98.26535769023822
95.42116492660779,95.38583006127881
96.06302426873383,96.03140602579737
97.03619505489712,97.01824404388563
97.16877566600306,97.14622197940282
96.33103435045508,96.28257931051778
97.32253742355414,97.27603391420043
99.00938829550425,99.0036530270035
98.68481213256267,98.68092600852671
96.93510367003353,96.86508793931279
98.09852544661386,98.08501915344972
96.93083779201953,96.87818409133646
100.6402524225243,100.62930564035108
97.93605816988885,97.9052984151999
97.04123050846074,96.95150371351167
97.4264321681692,97.41856243517219
96.88766673236262,96.86225587192884
98.92754388045834,98.89298118802593
96.86125538191862,96.83054844416482
99.32486313907786,99.32013932505053
95.54690700644532,95.44493035722532
98.48378380763285,98.41540156741084
95.7598517442551,95.70216420305246
98.0979980522293,98.08520970718527
97.66631710075647,97.65371040650257
97.3968855300591,97.36728287003683
98.23131718258303,98.2073036978514
95.72892846022643,95.69879358049218
100.15668452425957,100.13588040064154
99.09770082613262,99.07905939545765
96.25350782538888,96.21767067220355
100.00423457598353,99.96336796735596
100.90431972048674,100.89539578864974
96.03942566565988,95.99417251900566
99.50947110429271,99.49140119893153
97.66462726622143,97.64202632120089
97.86056238892326,97.847363905093
95.77237378483824,95.69864415965621
97.23532772946314,97.22783131018721
97.61634139243819,97.58401673325045
99.02675111795097,99.0108709713225
97.15005229480856,97.13309520354393
95.80955484236816,95.77762519708944
97.13676671799352,97.0612303852176
95.26487253309398,95.2029476573439
100.94247955004441,100.9318312678035
96.26187505834027,96.22142557338647
96.63751056111687,96.61751355373006
95.88914359217262,95.82324233987542
98.94098544625729,98.92346142148617
96.39977547221115,96.36938080458194
101.04655831099977,101.03454686214883
101.00585539495869,100.98794339687797
96.09397514773129,96.05786648422334
97.98280163723348,97.96110901930744
100.51534895267363,100.48638325663158
98.26916931584071,98.26029058213783
101.51787494479285,101.50801198861889
99.93423019303059,99.92415882369603
100.00595356570544,99.98760034763804
96.61107754312329,96.55193795912483
94.98054998679356,94.9024436153008
95.7019608744156,95.66031057852486
99.16009723067647,99.1441089948531
97.39544713638729,97.3817349644981
97.5088016304364,97.4815423877068
97.80133101025409,97.78775451522088
99.43522746560356,99.42377300703181
103.2023463487871,103.17972509793987
95.97006803597588,95.94944448565143
98.27547553065138,98.2577090371623
96.70677163795591,96.68880237194834
99.44873657642385,99.43537993455489
98.51259687606826,98.50540962336626
99.55821590716228,99.53366651330434
96.66086108697168,96.64926063715312
96.07089395866727,96.04355499724382
97.82437502444114,97.81891018365297
100.06943286659424,100.04819743436241
98.20602423918592,98.19097958998266
97.97124203457415,97.96005340525065
99.00294083985041,98.98724862825996
95.64933893041572,95.55412294555389
97.92703216266364,97.91131730800042
100.1725937068979,100.16676098377701
97.21779408457964,97.20293907403574
99.00719098080155,99.0035079935647
99.55966483128404,99.53736833034881
98.82462377640499,98.80339551050051
100.7036514880104,100.69753280329641
99.29043382007595,99.27234994662695
98.1976216408605,98.19041811087753
97.16792903732161,97.13054708031196
98.71373880902445,98.7092817967809
97.62081441956087,97.6105944017649
98.06367357703168,98.02412950756023
101.81699588637868,101.80466325155658
99.53984355182386,99.5193884762024
95.46646030645587,95.42990279539859
97.176999003018,97.16913656177927
99.01422936907565,98.99906948629865
98.69003087768635,98.68300049737482
99.63754291359746,99.62631529815206
97.78302828125257,97.76447040538777
99.54841874916721,99.54341852959523
96.80643189244007,96.7686248548811
96.68999037464606,96.63774489087231
100.79185977411818,100.78920533808042
95.35533525727493,95.30367565247684
99.57331076181326,99.56655313829638
98.59102583076718,98.55427471071643
97.96474878145602,97.95196662458001
96.71948383035547,96.69716390088927
97.9744562204328,97.96811602218519
97.87051136560935,97.81970583362161
96.48983103278623,96.45449893332741
101.12933499805396,101.12076238600056
101.47818775534115,101.47031561275708
95.0011257760354,94.94129204094617
98.78716675124271,98.78243376312493
95.87138992231172,95.84782323586194
99.29423192518581,99.28416089679445
99.31062563050091,99.30781178065808
94.30384453573559,94.20828717450757
98.48248143397568,98.4772962144228
98.7476988747122,98.73336999995865
94.62082169525071,94.58792872250471
95.91890227090401,95.81598250400114
99.59297442482543,99.58025556672447
96.31781872778097,96.27360778249732
99.66711879158161,99.66113169163557
100.4526717389379,100.43479057713292
97.38534513972176,97.25939137466187
100.10705602266898,100.09044656083171
95.71164456114657,95.68507552326697
97.7429908320226,97.72246052979816
97.16156936216711,97.11577224145948
98.61810826473636,98.55041898591655
97.2010100099453,97.16977588991038
98.35188426230161,98.32737646834262
94.7433340561568,94.6471489365648
96.58799414068191,96.57542773086814
94.58741649209458,94.54146084505159
100.90612526140455,100.90102410173085
98.50132174384277,98.49342070474071
96.07474351130367,96.03515488224598
98.18625641996512,98.17093754637195
97.69265260598839,97.68558779918423
95.89027298881672,95.81808810900993
100.54028185562505,100.53616156496561
99.18956343064383,99.18356224246827
97.31546736829095,97.27011442954029
101.73875669919055,101.7261153431339
98.0324264580991,97.99613559403268
95.77836727241842,95.7569426105596
99.78950621897548,99.7841261556769
96.98242835087572,96.91522564769016
98.86585258731077,98.8595901507537
97.62389441708892,97.61447808130993
99.14435776448653,99.08781543633637
97.35589596135988,97.34288868164572
95.53934046807527,95.43862354866738
96.89369417872678,96.85165093148991
97.01557044773591,96.9834317935449
97.56737387998999,97.53991747450205
95.13880563704828,95.04758361488523
99.48345305824705,99.4649129469731
96.83385614157162,96.79969409560502
94.9168697391583,94.86137433620077
95.97260261835775,95.93125046324805
97.24024594682099,97.19264852635955
97.49027378132591,97.46704535212405
100.15337714388825,100.14667922225375
98.52082729762309,98.47994188168015
99.12707459620451,99.12233477547103
100.29674620358276,100.27944479868016
99.0405909959041,99.03000352738484
99.88619014494914,99.88212932511095
95.9708128965166,95.93238716440347
96.53116624238486,96.46987460986611
99.16844320328241,99.1637378716357
97.99919011280669,97.98946703010871
95.99146692832478,95.96279902357713
96.24677686976021,96.17255741991737
97.10299605918735,97.0342701410383
96.24931219578201,96.18538118600355
96.71076799881415,96.67007810807002
97.89901904470129,97.88397579488382
95.91393551505048,95.82774756014516
100.31356255893725,100.3094588842615
95.2163617364819,95.10952825377001
99.59491079367109,99.5846316690949
97.50197150528682,97.41842165080237
99.52142562889627,99.51454901779572
97.31292335946756,97.30055408565175
96.83535485575256,96.80922641184932
98.87535398678436,98.83342608720818
95.39176022106746,95.34941341860089
97.24062570512737,97.22857849846196
94.32742192978179,94.23044740021514
101.88867449847896,101.86219902855883
96.62323241024616,96.59408903956367
96.7492461344524,96.73673552742191
99.83816209273309,99.81761352366583
97.00891656754733,96.9770069765486
100.20617686847041,100.19106856746747
95.54667414588101,95.46124327780095
100.20505834267938,100.19738281198998
99.19633617159748,99.19011309707967
99.2487947064404,99.24405383407291
98.87103617165089,98.85665916675323
95.61234551841777,95.57521135122744
98.06912724108642,98.05007933717029
96.88468955281503,96.86037204625458
98.69944308712293,98.67141591056696
98.67904664719856,98.66532188224917
96.69850051501273,96.68877857880477
96.92422946317473,96.87339942794029
96.56084083338943,96.51909648666398
99.36986309296097,99.36277419894022
96.69963674868443,96.66441222718095
93.77033762632222,93.71963069527631
96.29010610685572,96.21612601318357
97.45272046177583,97.43027804167994
97.91186559205491,97.87577318034826
97.77782694640098,97.75752483805161
100.96946531511462,100.95440614420593
97.46713853410198,97.45429551999591
96.58269098397632,96.54615831909483
96.66275150263913,96.6115021283523
98.84093119781727,98.82165666671402
99.52962506762971,99.52177626205962
98.22077296100957,98.21468049445332
97.72300449652226,97.70551104895674
96.35775134927624,96.26500962256581
98.02423176630171,97.99480568015555
99.17617812453827,99.17244432366354
97.1243190782156,97.11017397095152
100.53985455204221,100.52430130097495
99.9887040847802,99.98275956991331
99.34433537137078,99.33583621207136
98.01395375191987,97.98006714128687
98.43097211987677,98.42339731066694
97.24359741725613,97.23407476307622
93.29724277013946,93.21815989212664
95.55684217507847,95.52175067791248
99.27847886357789,99.26980080860358
96.56348894718253,96.54553627549707
98.09957658713274,98.08165328582511
98.13483395480503,98.12454126596613
98.24028233785938,98.23287243721313
97.90983124345411,97.90155873368049
96.78002536260925,96.65665574183181
101.13473041051928,101.12657074278182
94.8531041392042,94.7847690870616
98.53225491644149,98.52589443934825
97.86630571554089,97.80429665527281
100.21421471692844,100.20705364090014
97.65514354708344,97.63529515356758
98.52907183170797,98.52060817238609
97.53946722164147,97.5174589197454
98.87088183311386,98.83263828810644
97.01227898206129,96.97002229995854
100.34598851536074,100.33845176436091
99.23506336553856,99.22454290863809
97.36319322607447,97.31689474125214
99.00812593338462,99.00206069750794
96.54509850790122,96.50088851927377
97.15591448031087,97.12172804875246
98.242496089957,98.17501344282152
97.44107985468823,97.42290543420899
95.68917616155817,95.65461753363749
98.6059122804,98.55889901453897
100.08039295212235,100.06286835648203
98.46374102023896,98.39213403674701
96.29144648080658,96.25624784188763
95.84363275196479,95.81510708843767
98.1886512728882,98.16378221747267
98.67632859524709,98.67391602865916
99.39545842801748,99.3926985829945
97.17119751140936,97.13744157310511
97.5105215935764,97.49756397065819
97.19411667083767,97.15148450155168
99.7439549325829,99.73857996018168
99.2205593799429,99.20772787350099
96.04167822483045,95.94706791760619
97.6501950029999,97.59688712443626
98.66647058292052,98.66037739869715
98.90673855570166,98.90142295698654
99.48081773509323,99.46042247666425
101.66311236853227,101.65688464012767
97.44263208029757,97.41809115520158
99.83284295827194,99.82572031687299
96.97331923743045,96.936489879341
99.72391306632859,99.71782356238359
97.71116819516857,97.66477628965201
99.66759316681362,99.6390093559666
96.52097681618358,96.49501544387755
98.10992379293529,98.09345421439917
99.51825489124224,99.50225284184465
98.29912983382441,98.28693934812803
97.06916589031417,97.03521024431177
98.2378362615226,98.21042379473585
100.35984267436442,100.35401589564519
99.99867065431492,99.980529770191
94.85658283934502,94.80803198227588
98.68831828919674,98.68059689699449
97.98437035439727,97.97354610145382
97.1451697266045,97.10813162118396
98.70581887540189,98.69591278549282
97.71843087901158,97.70187494051449
94.58107576100865,94.46333362323067
100.47365288534786,100.47053881164875
99.47114484620442,99.44560889554603
99.93560353924379,99.91811720186324
96.84522052684244,96.82979348649387
99.47474913434256,99.4719784879771
102.27096461360291,102.2640605180365
96.63518340682641,96.61041341739472
98.03835484565467,98.02514522887252
97.2227402230162,97.21177354219073
97.0214293662828,97.00898241013007
98.46380977211692,98.45698194616678
98.66136802132608,98.64330334930315
97.64465506415152,97.6158093540383
98.2073517878116,98.1939948208409
99.57117036763071,99.5385411409739
95.58448334170126,95.5468357954324
100.08754535748187,100.07565082585592
98.89644314304537,98.88475144280011
98.36576878274795,98.3534736745573
97.50726292185793,97.46932467269515
99.54170303853275,99.52605544863987
97.27140031488038,97.24308195346076
96.69855778418442,96.59766623039559
99.50190248235756,99.49685292146378
94.78246609845826,94.71993549308245
95.45696512874643,95.38723032832388
95.63622021982545,95.58060563771079
96.25569148151334,96.18394410356147
99.87475198376191,99.86281334377477
99.83552124560492,99.82803943910062
99.38205325516,99.37258020196636
99.50211790587477,99.4964133229744
97.9992963376088,97.98921189111175
100.14058523958197,100.13383687512516
97.70473475313922,97.66901498578217
95.31774105614132,95.25894947878407
100.33932449573489,100.3357316604853
98.23221634480055,98.21757564612857
98.14235691579279,98.0946374875404
95.17225363225184,95.07655258825022
96.81218702459213,96.80152645019957
98.06849804608152,98.04200666019192
98.62293396927627,98.61552838099107
96.03633395065295,95.9720842150418
93.33941366809292,93.24784805976476
99.47757241844671,99.46065883566696
97.62196432311593,97.56593058101723
98.57101348491699,98.5290646244575
101.15171565480907,101.14799620099583
98.29212976609149,98.27784603526125
100.64500371250374,100.6424660127132
95.94506064213054,95.91741695674658
97.65869310474307,97.65254456621567
95.44539360529842,95.36325579463065
97.88640174909831,97.86562064529463
97.61311480169712,97.60120750233557
96.2703195236309,96.2581590273166
96.43467753472943,96.40572032306652
98.18034537495218,98.14990204620277
94.92337378360291,94.86870947212748
97.6661722253071,97.64092985383635
98.63485580461305,98.62834186250635
100.48490551813269,100.47695203829608
99.42102537748711,99.40912052065744
97.78662525212285,97.72783383083696
98.60595591653683,98.59513751430553
96.39298396774021,96.36612481952079
94.46596203737609,94.40363932982281
97.29677609240284,97.27680268475726
99.82699005917677,99.82029059290852
100.80290062963968,100.79272191741163
99.43755073386401,99.41524328568117
98.22431895837227,98.21051496998686
96.80593501289704,96.77065992494695
98.70000497534848,98.67106989162515
102.04807700579092,102.0344320779585
102.2241528879136,102.20363008048535
97.4183444838325,97.34794622741275
98.57687010636047,98.55616703314466
98.61216769762454,98.59702044258114
99.26569923173973,99.25748339609517
96.16242865474959,96.08911415391368
95.00161900982559,94.92717774384795
95.98017870968305,95.92132343176358
96.5211826436192,96.48587665270226
96.30654095562673,96.28339040426766
98.16729119085058,98.16079281100566
95.67220142179633,95.64910417483053
95.15511201376475,95.12110175138186
94.57598989750639,94.4815939440706
101.9141779104927,101.89755918552673
96.49174419913432,96.40249340414893
96.50450545177729,96.43241237126378
97.19452907958484,97.16141494654897
98.79234108669037,98.76738106961385
99.64540598821254,99.63362289924052
100.42012649442071,100.41181895289857
98.98965674860717,98.98380989544835
98.99460256957309,98.97943555695649
96.35591813192404,96.32286360763104
100.467168600853,100.46263569752031
101.74396527936474,101.72299684211193
97.8309185615266,97.81198570967177
101.49460314341567,101.48604998828984
99.76572950514277,99.73411796373195
98.65603329035491,98.63552039883972
97.60787079148666,97.5911812801807
98.67947355226059,98.66901557839047
101.05401135242944,101.04181905518776
96.4888077225413,96.46056542738948
100.42539145280315,100.40610886583495
98.05882556083344,98.05312462575931
99.78674746889651,99.7591767984961
97.50606294057829,97.4771384122484
99.22395866466474,99.20308256589195
96.58060349104528,96.56275399748445
98.27641077965305,98.25301228249829
99.31848947979648,99.29371599772396
96.99047377503355,96.97012374565514
98.35243911614685,98.3208737796611
96.21439861665579,96.18472121645702
99.53741497320884,99.52788322989869
97.50956694706976,97.4800021552312
96.88126181953214,96.85090312770411
98.9290775088683,98.88747622838457
96.1612523988598,96.1338898273244
99.26268701087766,99.25260734923485
99.66803906586267,99.65793983791225
97.51626420541999,97.50795057892812
95.57815641273557,95.52345180342537
94.70949814746194,94.64851793803795
98.6739102194424,98.64544814146262
97.60662472859373,97.56461580603505
97.5248785663747,97.49498749584038
99.16120830605131,99.15196467787031
97.76510566442606,97.7300660942221
94.97800995250653,94.93559820827554
97.18958550310954,97.12197245769562
100.36701054209216,100.3593486755576
98.80065610092277,98.79103052836635
97.97043344349673,97.9532860342467
95.46667599441376,95.40640480071518
97.51676264196325,97.47476238893132
93.92930205299288,93.84027906003323
97.8545361317632,97.84668840506377
97.91607435074476,97.90857327929024
96.69581495747153,96.66193945841533
98.0586076470827,98.03416297913083
100.33327408540228,100.32683019746672
99.34213174699947,99.3223641743075
97.47787531079567,97.45627929731283
98.36887942081634,98.35638764587931
93.29238173530973,93.20247682942058
96.83764078587038,96.82345567589246
97.72653299087662,97.6894811049839
96.45675020426957,96.42089169733958
93.92708094093138,93.82167201058056
98.14737899108619,98.13472040755016
94.20365660660413,94.15599915587555
100.22545859934247,100.22054296189667
101.75398242130794,101.73085592792198
97.92759349605956,97.89064765850847
98.4893581781035,98.48085442720792
97.41737891951891,97.36461836354472
99.13444454555905,99.12285810219322
95.48731814918159,95.4549299349308
103.54015087307855,103.51211646499534
95.44077915288601,95.34691883549462
99.71997340877641,99.69097904391305
100.44574656090246,100.4402634694398
97.55312267443816,97.49128313536133
96.39560539275098,96.36003535863641
97.33513686191536,97.24370650664736
95.6192195000792,95.58524969008752
97.85789955101173,97.76690438494633
98.65314677355106,98.64471766309818
100.41093509651509,100.40419623237827
95.28151993561,95.17498749341868
97.40648913662905,97.3934069944983
102.03755511810438,102.02629567358763
98.1770316485402,98.1666759673738
97.19312288168413,97.16795162187269
97.86775684320993,97.83111392983358
97.2851270674052,97.26047729735245
98.36500393459087,98.36042866836812
97.84721397355075,97.81338442446636
100.26556905573776,100.26101024467022
101.71190329075783,101.68216368483603
96.48984218128868,96.3677721532952
97.99070942758728,97.97716030679162
96.12637788349275,96.08306005775019
99.49922684712502,99.48725285710415
98.43050680835273,98.40518876944755
94.10238811735476,94.01383397818928
96.35817918684593,96.33242410693727
95.68435401332728,95.63370024646217
101.35336749931453,101.33764390201766
98.68163245681585,98.67631226682114
95.16788285820431,95.04609879638076
98.47987040457056,98.4675143285166
95.94800506720544,95.87101400894517
100.2582710666061,100.25397809750586
99.44950885278108,99.42813273732243
96.92243859682392,96.90355091038603
98.40424420475917,98.39572578953874
97.1043419083776,97.02782727522131
97.11354112148801,97.07637560100127
96.84087271455397,96.80365225619707
96.22380644447028,96.14735393054494
97.77679674162736,97.75563586942957
98.0121189677526,97.99661021994086
98.10906218425643,98.10025481731817
97.68179953281077,97.67546988286956
98.1336955458716,98.10269759751169
97.53238661609207,97.49856427444192
97.45586260469868,97.41123770938238
97.34143425249802,97.32376689191993
98.48497143696306,98.46909201610038
100.4192247598516,100.41548483554537
95.6763006543926,95.54729852404519
99.27859485721045,99.27307697170723
97.97310554399148,97.95294705756166
97.73459030532173,97.71253550727756
100.90263618337168,100.88763340555681
97.5204190986621,97.49433369165354
98.73334527871305,98.72464159392099
97.67586100718773,97.66563218983225
96.35138419338118,96.30253536479823
101.98304525208017,101.97553718573113
100.84837353941529,100.83660879382741
94.83037361152999,94.74441393935393
97.28056282785629,97.23140303478267
99.93542044685968,99.93209496024963
103.08649351904114,103.06532230224687
97.56717559417153,97.5381233019981
101.40820323524544,101.39679932041028
100.2374813178815,100.20781281467332
96.1771754834734,96.1072466212979
100.70308993996146,100.69459070377401
99.45424175536402,99.44728819117272
97.08674893953054,97.06616534891378
98.64274758532754,98.62973453161362
98.80225211807029,98.79428830384148
97.64588147516378,97.61697300796462
98.53465521371201,98.49789070067311
100.07285624329283,100.06657703807471
98.02013742232371,98.01568519812403
96.89377903069442,96.88011048230216
98.53842936210995,98.53106142716149
96.2349593793914,96.14652959100853
99.43900798976888,99.41909848105652
100.56074015482558,100.55058121065026
98.56705664172108,98.54981623444353
95.79386861543273,95.74529374305548
100.56541330294662,100.56159690259544
96.34614548681857,96.32351418519947
98.59946402579631,98.57155154637928
99.62912814958364,99.59651836874009
99.32567414717643,99.28556782499696
98.32787744622476,98.26913888167046
97.34088532990661,97.3259416368582
96.56004583066984,96.54080066432081
98.49269642274301,98.48172736594465
96.29866048476379,96.2512193438604
97.22325926919906,97.15580136393197
100.84402557405416,100.84048120833124
96.97791338464793,96.83188366785916
93.40714330086386,93.28594161496152
101.9524032888913,101.93837804947023
94.95281107589145,94.9034605884636
97.3403153474113,97.32358676360884
94.73861625187122,94.67077078642295
99.39269697663623,99.37898688345594
99.68259063058399,99.6728799061435
97.26965788256996,97.25279365026901
100.24579903061071,100.23758826149638
98.33187394753205,98.3183178787114
97.20073180149477,97.18740352369187
99.78196893029137,99.76911044144687
98.56048011822043,98.54108848400669
97.95867615862157,97.94169022139737
100.58316135927731,100.57473824230607
97.54998529946178,97.53909700823247
100.24119289119167,100.2299182879218
98.84405291421326,98.8123422864586
96.6639098155536,96.62642858328446
101.7660158831924,101.74639664424357
99.3678714289206,99.36458701530813
99.95655466447232,99.9450170189467
98.26542110878191,98.2308884959286
97.21286686980253,97.15436777666622
97.46818974472426,97.46221707131083
98.92258367838285,98.86923273511168
98.09913289451625,98.04002337809455
100.51188079988579,100.4990557477412
96.9007045371396,96.85005416375763
99.23356488101523,99.22404502960822
95.87199716411615,95.7942802729331
100.97126082897313,100.95545116024047
97.11069105111393,97.04513325689848
95.46652854677808,95.39139505004334
99.86382487509144,99.83741436121102
96.88601267929752,96.81275203885605
97.0075506750998,96.98621112992635
96.87425362510339,96.83766794269623
97.5760110174275,97.53969808895314
98.40435400790773,98.39500909205852
98.60414853412671,98.56936090334567
99.75592737966605,99.7018735234356
96.41547409288718,96.36364173917802
101.81748875141542,101.81232834492849
99.62357592097125,99.6160110401787
101.86128717412898,101.85318948362007
98.04359779002358,98.03853763814166
96.82709546229658,96.75966733614572
98.81770497892643,98.78553389336317
100.53575161891499,100.52880884464675
98.6096094557043,98.59830109522083
99.64786003091186,99.6368464187138
97.46767794366538,97.42965075487918
99.2433696881441,99.23984878356343
98.24321389952534,98.2327823809516
101.15120148131064,101.14863166106856
100.89686492990285,100.88717797587499
100.98530960211056,100.9773336157842
100.99614261765224,100.97807457541057
97.73985669414247,97.71632854666697
97.79184492862102,97.75823997449586
96.91463602057345,96.86535522160632
99.84925399502431,99.84425670676636
98.84568880689145,98.8366829913562
98.05178251571209,98.02561924858654
100.74437091983852,100.74028139284546
99.35765320375484,99.33041715674109
102.24505389620838,102.22591962782644
97.75457648069525,97.74355897086403
99.27937078264809,99.26491090061087
96.78405675907572,96.76593251829536
100.76301554695625,100.74004713493979
98.73145885652237,98.71453014268523
100.15344330067352,100.15115660665548
99.72899901429587,99.7086408054473
93.63048625082439,93.51110858531237
98.51286153305921,98.49823870632906
95.04283871681633,94.97646662372306
95.780309583055,95.7096440093499
98.40900413245382,98.40531150032201
99.50765842359519,99.48430411807111
98.19501249099453,98.18945174992824
101.04139806490956,101.03234617830994
96.12918744243936,96.10720065625695
95.63037286103703,95.60252795100514
100.4014481589961,100.39566521891696
96.54035438350236,96.49703353536596
98.7299906565807,98.72568434053605
97.02006431124808,97.00099817443049
99.46390282767801,99.45098986315425
94.57466522908231,94.51835631095864
99.2825552781059,99.2674895223437
99.8914072268419,99.88467101571933
99.39488963741717,99.38877832785087
99.54696815421391,99.53825760305585
97.30825940216049,97.28963378206709
98.88440610553586,98.88160579302549
103.49308989239962,103.47108957506165
101.20591299459811,101.19591343540115
96.27596672623088,96.17779562791742
99.42519333931767,99.40682472745966
96.12201797906106,96.07942966703905
98.79782480854645,98.7627107323588
97.72294865102731,97.70322903586401
96.13270725460914,96.1141134324269
98.96047839379482,98.92454255005802
100.1485029631846,100.13726156402309
97.23235105585542,97.19715075130907
95.54681187992252,95.51082814269455
97.91179951332471,97.89990367642433
94.52459754947131,94.42791151575238
98.5415521359761,98.51603356821695
98.8755173401936,98.8522508063484
96.78277920604911,96.76534135010701
99.88289993299134,99.87658472809582
97.60463220298676,97.58022970632358
96.86690901845945,96.8336534140601
99.91051829520738,99.89788474040012
95.55962302855032,95.51990694470533
100.18647371890555,100.1768600456436
100.18290621720644,100.16575507666904
100.20334830013954,100.19609012859591
99.47337231617406,99.45683322359785
101.8769663711225,101.8654539095276
97.72011648724893,97.71078033866345
103.20566425272884,103.15333299873636
96.37133382471433,96.34330536623142
100.72173313978683,100.7122795946363
98.31785176423949,98.29631228422494
98.40888450173459,98.37158957499402
99.93663260248307,99.93158308636944
100.4393773910725,100.43210018080806
97.22673359829203,97.19225480432218
98.35640009184591,98.35357953844317
95.64680651825414,95.58864288783897
100.83371471866019,100.82239606271759
97.50326458710555,97.45797595771337
100.98664810289219,100.98139365816289
101.18156195063139,101.17649624390945
97.31347658819902,97.26136575452715
99.77933849851122,99.7600350706054
94.55111915159951,94.44160392191273
97.40993595388818,97.3896044565543
97.3317360433004,97.30631797048368
98.39952334959926,98.38126406719398
95.75200502406474,95.71980935911877
97.17002738847064,97.12022251191574
100.36696076351274,100.35004554713234
97.71102561242516,97.67111024890775
96.93757904428803,96.83489644843179
99.0177835172773,99.00205984379545
97.24272536934357,97.1957739492139
99.68164095338436,99.6471691464596
101.53506706752921,101.52706989850925
96.66299157128746,96.64168772637633
100.93099378769374,100.91460490278233
99.52590130642432,99.51884062000576
98.98525297686159,98.98014777609318
95.58323711941857,95.51386060898052
98.11627460582032,98.10375480496
100.95946254311188,100.94096881791411
96.73673378872874,96.69171758793213
98.94921710248194,98.93677556483719
97.81062504612028,97.77431874126464
98.17088465922801,98.1582606636101
99.28578106228346,99.27577249142045
95.65499241864711,95.60117428651748
104.54672253552752,104.47796757555734
96.21665314390964,96.15882751671282
99.66145343961315,99.64588405477244
102.48090908903878,102.47139153010774
98.19502272851106,98.16951922641006
98.73136241965071,98.71439298817994
97.00981050348194,96.99981639400367
97.6672626526736,97.65199077496965
98.8744542462967,98.8654455197268
103.77351571534994,103.75896893234426
97.62566150388581,97.61904747184592
97.73946595838133,97.70602624076037
97.09818741825713,97.0791505744782
98.10900626131041,98.0859523819338
101.26056715075897,101.24450207218808
98.77494891129382,98.75327057202405
96.61006967531544,96.59499990886023
98.5630958440741,98.55712801148466
98.62249192473298,98.5990197335391
101.76630730063356,101.76116370761179
98.63624757684818,98.63228153889916
97.15050760237062,97.10970605399899
99.89864072117369,99.89022904338248
98.22631424961276,98.21558986040114
99.01702916292709,98.9551823654304
97.58781633719836,97.5490404927028
96.86983248073044,96.85505441412843
97.61504927817664,97.5889973589411
95.198603913253,95.11369330401156
97.34939873717082,97.31426526900128
95.54599548013164,95.48665428894309
101.60506471021039,101.59339660296386
99.12621448941037,99.12000029145842
97.38052503098362,97.37094558674698
99.84507282286052,99.84226608484184
99.74521512727486,99.73624017346017
95.65423285977182,95.60761273590056
96.95022854460336,96.89377582389356
97.1101673873405,97.09852295099506
98.0430001901445,98.01717999178521
97.83601003598704,97.82773263679954
98.21962600899315,98.20993869403537
99.6197657956321,99.60721250951092
99.11957105970909,99.11110583203174
97.46290707449823,97.4579344590303
100.29822225431204,100.2849161622239
94.21924966067424,94.15356621174115
96.80588364574723,96.76901159100974
97.79982307258166,97.7820651987316
97.66053875906566,97.63224112391892
95.51309380428827,95.47427099692146
99.91420350710489,99.90848941401238
95.04805006777744,94.94328379711989
95.56899002966802,95.50081800547504
98.06048216206324,98.05372941911448
98.94061466225274,98.92659108531329
94.11520465032437,94.02492809070365
99.46813601524914,99.45545247588414
94.76543391728464,94.69366391034474
99.799735490232,99.75280064492287
95.75191539491378,95.72039068393252
97.12782591478154,97.0687232306305
98.79486311577334,98.77759265164521
101.53646565288942,101.52699160397984
98.56080074896505,98.5430489550304
94.0757567569839,93.9716071087804
97.85020202294845,97.84277859782976
96.93008996133149,96.90393926018129
99.28148669993607,99.27076967232624
97.46824140063931,97.45548951068712
97.28176021783993,97.27224892421684
100.71733127327855,100.69672642732809
97.60346776729135,97.57773117152423
98.75066247914562,98.73586892244978
99.62079397078176,99.60266368460505
97.15264397200983,97.1189992334623
95.69371995549832,95.6593561423333
98.62293758405187,98.6024117002145
99.36189307057846,99.3476436087791
97.7156331243002,97.70311581349866
94.7951342755736,94.71047040471122
95.76520881990707,95.73882891536891
100.08100467173517,100.07733907119248
97.95446137668401,97.94029084239102
97.92460240592223,97.91783561052239
97.41919759055371,97.39761195018548
97.75953919897307,97.74560973554186
99.00554486125016,99.00109568465395
98.47781194160665,98.46979186256958
100.19909919591959,100.19318969686407
98.70127194223844,98.66364563450357
99.57903708530809,99.5572399450339
101.11254985701535,101.10146976012942
94.79868464333045,94.66388097131032
99.82154231518354,99.81778489210103
99.3766991544347,99.36404069337328
99.52375340936521,99.51241282893706
97.11589035981979,97.08334613777137
98.86003012263504,98.85079138643745
99.56420931068077,99.55582681192917
97.73309902348672,97.72440363059212
97.1171222402758,97.06355793718313
98.3630501813521,98.35790469341194
97.49437152345176,97.48579930497077
98.28495258677317,98.26508674873331
100.27406370851011,100.25772334609641
99.33000807996878,99.31140759939385
98.59958916632333,98.58388822781961
98.2716936178414,98.26451658294938
99.5830667276137,99.57981936311516
98.56142672446651,98.55649322819279
101.68682640850407,101.6660820814674
98.6992451006401,98.6958289986346
96.76099829928,96.74178076269604
97.52521738922995,97.5172580381509
96.94389683910181,96.91383227565018
98.11234804319929,98.1068193555836
97.68765972665737,97.6249427174652
97.71782853096742,97.70199886906127
96.37781224603428,96.33780607892092
99.52046812284598,99.50890378118567
98.67167981453241,98.65306860210514
97.19379671611541,97.17990915805447
99.61202953164742,99.5899508630845
98.73736490892071,98.72904367962548
95.83021794153981,95.80105994886685
100.76984669023179,100.76183571252848
95.23213016559166,95.19818802352911
97.55866077885534,97.54214392447138
97.11664609164713,97.05752853360266
100.61961519592883,100.61001735734705
96.88777733041786,96.86183475813827
96.61229087787933,96.57895066684434
101.45589743826044,101.43836837410815
99.48321742348021,99.47788690574271
97.02031596299756,96.99798536626322
96.48464717614188,96.39555665514547
98.57785646725326,98.55885556667869
101.75298192806139,101.74116432059272
98.37793029183025,98.36946925823028
96.68872743895628,96.66387483581615
99.83040961025148,99.81968684229912
98.20350063880409,98.17479824557964
100.39474289686079,100.36087121102831
98.501688022068,98.4954654913975
99.09616559998119,99.08673604040753
98.0189802855887,97.98108822746015
98.2004588126426,98.17377826738377
100.07656630398567,100.07179497427575
99.91722647343528,99.908147244851
97.75713258439306,97.72527339248505
96.60713937100759,96.57201073734005
97.90995336514588,97.89493228997367
96.5581733494138,96.50651935198269
98.50889854150456,98.50670642498334
95.29846402157001,95.25400239883507
99.35117942030409,99.3399173360641
99.45401575332944,99.4490006702031
97.64375576467236,97.56239410156935
99.76637483672225,99.76374526599785
99.32039198089632,99.31190989538577
99.6399355900963,99.6328826302361
98.83646140989396,98.82763623477906
101.15754256586675,101.15344702051522
99.52080874605484,99.5163293457397
97.84466223391706,97.82339035269939
95.95516654526735,95.91274001623266
99.39176376044239,99.38750293372432
98.52465116107265,98.51749510205971
98.52664569353064,98.51352118908542
98.1748389356728,98.14841596694185
98.0054442443658,97.96310433241517
100.54497678373652,100.54049323636616
98.75397502031548,98.7406648183719
97.9743434443174,97.94792810770538
100.67199187067841,100.66218645760014
95.6208796380612,95.58681522363496
98.83530994317685,98.82953690765872
98.36744425448632,98.34871634660466
98.81983218729634,98.79326858872156
100.11653958213306,100.10988017757215
99.24709976113212,99.24223096738206
95.61635255227863,95.59331987681767
96.74110292432941,96.7140585732261
96.33100993088006,96.26985332967828
100.85680518287444,100.84675084640236
97.52159313872596,97.50625778803554
97.27090070899501,97.21465353247272
96.23095345585948,96.21726129335833
98.85732729682424,98.82934746056173
97.97766384434719,97.95037382635846
98.2918367564517,98.24001573687856
98.19966230420049,98.19094020307512
98.29178189013984,98.28630042399995
95.81218621599017,95.75616018572057
96.78459792872985,96.77224119374097
99.51092049071622,99.48815819882726
102.04964635577116,102.03670754433773
98.49106782347661,98.47425213869333
99.06269895616049,99.06016149919604
100.37960148660405,100.36883557482822
94.77392889163711,94.71485521093017
99.60362674963454,99.58544706200952
99.82487287020125,99.78841919763757
96.78566286144378,96.73543746065407
97.58470113151476,97.57236985578093
95.64521981063453,95.60640744003838
99.45124485551754,99.43866566803283
99.38673598625924,99.3677004545809
97.4701778522777,97.43245732790866
98.83188758448381,98.79318824604184
98.03830114732102,97.9618787855911
97.28057645206641,97.26975441069332
98.21990476107301,98.21458012015331
98.94173446551193,98.91315985687396
96.9569895801775,96.92547896601988
102.59681003718717,102.58012073668995
96.31153549591016,96.25512983335925
97.29917106464634,97.28017985011644
96.81598140034117,96.81004376386605
96.58524425680883,96.47282009794475
102.77258088093396,102.72183485382914
102.63939261411107,102.61945583288545
97.58052705156453,97.56668486038512
99.06448621040339,99.04944897156052
98.01259584240505,97.9962957220399
94.65756020326455,94.54317656120688
96.95187781099398,96.90065967818454
94.53510331780329,94.47060150719749
98.99813029153232,98.94001332413167
98.55158976703189,98.54415998800334
95.61649745616523,95.56660131817152
100.72672552154037,100.72371579386625
97.89305752222612,97.88406279736833
99.36289240069858,99.34712234203491
96.36147656480021,96.32665512826235
98.04607842024735,98.0238552032639
97.67930747121768,97.66115326588098
98.72482659938804,98.72260723077488
100.52293740778599,100.50672196072088
97.2212555724521,97.17961479781994
100.97741214955569,100.9731381943761
98.30637592258446,98.30217547877325
96.21712878451692,96.18369581046139
96.44147665240561,96.41654940770161
97.93065504813661,97.91614011846794
96.3684908543726,96.27210975577559
98.62462498704217,98.6031610047852
97.13719799179418,97.08886958502357
99.08460865513494,99.0708038160999
98.56488425573592,98.5602601524978
98.10406373605014,98.09551288301206
96.1861282704295,96.16177519691666
99.69931062208306,99.69624350625648
97.90678452349228,97.84782233743663
97.76067169157398,97.68813832903554
99.20278604938184,99.19816198869046
96.59819105646224,96.58628747587588
98.75324525465058,98.73842415995328
98.88080792361842,98.87155974324142
101.11411032605814,101.10470780667066
103.12554729599171,103.06924931238977
98.55867050546365,98.54584852185764
98.46457382710291,98.4504822884965
98.57895344732526,98.56854123125112
98.68325138633946,98.67657235706085
99.28331755862413,99.28045163359899
97.53914049699368,97.50491898590322
98.88756248582183,98.8834204507184
95.53568195739362,95.45173140929003
94.91113028859118,94.83246011750126
97.05133752602686,97.031838438531
98.8606431382777,98.79335665309397
98.5374072297376,98.53068309797449
97.55893585177618,97.54632434140251
100.37245579433717,100.37047631776389
100.20822189266086,100.20109694003129
100.58430606232349,100.57867346495738
96.19390294263127,96.13194560888587
99.89467439641261,99.88705941461008
97.32011465813693,97.27884046399674
99.49682239777896,99.46600358974612
98.51722128652129,98.47740122192299
99.38600052429302,99.36180762875385
98.39292051315795,98.38234302039538
99.37744136725274,99.36519922892884
101.72526927076198,101.70466454693907
98.15134219022225,98.13077911501722
99.40068440467122,99.38518317361373
96.90602746239932,96.87391145202253
98.20140057030791,98.17721720021834
98.76734777998252,98.75551387993053
97.55599547212245,97.471163654037
96.7566027588204,96.69410812609314
99.70277681130926,99.6980334538295
96.22028884226256,96.15917266797844
95.14545708352756,95.0953857444818
98.92936173155444,98.90687816567532
98.09645265785107,98.07677925471242
95.99083601592942,95.93622703718506
96.92234383131968,96.87808988473357
95.88262346392997,95.81247925306168
102.39451665676279,102.38695821973438
99.60062319104199,99.59795691026628
95.91072578356574,95.89385048138435
97.32668789816228,97.26879483344635
99.97848711415962,99.96687740202687
96.268496763135,96.1690067325572
96.1704289351063,96.12423258411052
100.24407520761693,100.2389517785379
98.94286298067372,98.89651391167823
97.45339821824913,97.43292674993735
97.44492795312162,97.38435828848415
97.7285348857867,97.72085487111006
95.80268226317615,95.77153885911171
99.90580517180037,99.89349657717217
98.88462938028592,98.86561289673982
96.11395837642948,96.01843998282651
96.12710872094331,96.08131192084926
96.63497431766486,96.61187627002873
98.37889215923816,98.36335630081568
99.72165868389284,99.71691561678357
99.54198813775255,99.53345836944742
99.2068896085056,99.19808017529756
98.4974140613132,98.48022595887373
99.84035565221083,99.83151497193606
100.07683926738827,100.0679156258774
100.0221245972523,100.01778348928161
97.23025969197596,97.21856247207782
98.16688457530812,98.14030437432876
95.57015676712716,95.52151175095855
100.83115963598013,100.8069935898481
98.29281422509379,98.24685770463032
101.00146618830618,100.99231721067125
97.6465367851894,97.62004644314426
99.1622157580444,99.15455898847554
95.93606596383823,95.85550393509564
98.1117475705785,98.08141665026254
95.4438491490639,95.4094575222891
99.76743570574965,99.7631971242677
100.22666040993563,100.22024683816745
100.14926179229893,100.13863973053655
97.6594364270481,97.64049743164853
96.95181074026459,96.91851480197884
97.1637353867076,97.11364583549798
95.52768386966746,95.50470069362473
102.16655828807174,102.12042370651969
95.25769843539703,95.17827529800131
97.42484109040795,97.39950721708789
100.39667220100466,100.38320933533885
98.54057095331109,98.53560364773472
95.89587258088412,95.85345433431348
98.62289283654441,98.620215719288
99.90455612709016,99.89405706894527
95.44152369909546,95.38138763239657
98.15357849460283,98.13152452234715
98.86503733024568,98.8197408777262
96.25135180924508,96.18879897584499
98.11064490828493,98.08012335424857
98.18208955872498,98.17124826787817
101.13960801440446,101.12934726319016
99.8655465720519,99.8554299710744
95.74239947274579,95.7101617285951
96.59763637163384,96.56948095039472
98.90830436782736,98.89299549178163
97.09868206547497,97.07940984682804
99.81523521935526,99.80029657964718
100.00814744847023,100.00196824435956
97.44027107608315,97.43154919601264
97.40995920850199,97.38670539738631
99.84972970003166,99.83507461093772
96.85437840132685,96.79019272483043
98.25571189887894,98.24994752636553
96.30063872888545,96.27855577477753
99.53797628817702,99.52563350166254
100.81498343931423,100.80248636923753
96.13274888426442,96.12306822633514
101.2660471862711,101.25842209208024
95.46942446452087,95.45349251676788
97.91559218309631,97.90005081404769
95.68741192528547,95.66304742217866
98.49004047398657,98.4527399528895
99.08116819559527,99.0754216120237
98.70379580613782,98.69751500968405
95.8047724922122,95.75277029368209
98.73081113681796,98.72562139937914
97.36706220105337,97.33186673700024
99.09233088267776,99.0812743021879
97.77666919375199,97.75875913309636
97.97018913159302,97.9566298967785
96.12069949661101,96.03809798248682
97.41885471825961,97.39743368711837
100.34386603644435,100.34079177638688
100.89077610759828,100.87254935259861
96.38610343849922,96.34593664896946
99.01026100477858,99.00582859175309
99.5915471537858,99.56082177010805
95.43374044960416,95.35326753271052
97.62642556719118,97.6140924735594
96.7798891625628,96.74187315305521
97.3588116635787,97.33498672590993
95.8003493441705,95.73777709018141
99.92876908658553,99.92552185362135
98.65889196342984,98.6507230037736
100.78013556213475,100.76936343674944
98.72842446919356,98.71413306374552
99.09838982704906,99.0942292829428
100.48299761529844,100.45896509512262
99.20336170640562,99.19939388657949
98.40656299008177,98.40127548527947
97.46704988979641,97.45079123337723
98.68279776349145,98.67521064968233
99.38395722116235,99.378333095191
96.6951838233204,96.66639495471044
98.10942448502075,98.09185722578873
98.11814000804354,98.10779100706735
95.86678643519912,95.74960812756215
98.95574924636077,98.94293976427387
101.09155710110252,101.08492910120408
96.16017160447358,96.1258433091515
96.94253073196528,96.90514966599264
100.41232323575792,100.40835092739643
101.4563436255935,101.44417426070886
98.0811347003976,98.0642964712137
98.80433863861028,98.79207729640014
100.85022877312134,100.84179427681106
98.36149060491248,98.34305610095355
98.31945231787358,98.30063966457857
100.74608238843348,100.7134887672498
98.52790840227932,98.50245502171965
99.28367607473203,99.28032539339479
94.58903862461244,94.53841892798545
101.3194574003062,101.29344400238752
95.92964126766044,95.89095882254792
99.30490924400453,99.30135635278019
98.96048914389107,98.95289969569389
97.86246507743786,97.84846046793591
98.19755076684709,98.17774131883039
99.44607484853218,99.44458774794344
101.27849104605474,101.27057942001184
97.88437794378808,97.863004924573
97.9541894027827,97.9255083699909
100.1532578033906,100.14638556432676
98.41387902259721,98.41085341396504
95.54172645926207,95.50771919099543
98.94338353224808,98.93462367272745
96.63183625474748,96.61487951242063
96.3344846692312,96.31081157985409
96.11922288421466,96.07467337604274
97.42167112235339,97.40930367469402
99.7202398636786,99.68653372813746
97.90621221936783,97.89355618177505
95.56229921010834,95.53610483289536
95.94355289625558,95.92159310685166
94.9100406778904,94.84301406943196
98.79280682512234,98.78391795652361
98.4085849606127,98.40515246319075
99.01709685897373,99.00417159442685
96.00628033636308,95.9608187959226
96.71244443774054,96.69492227671164
97.02955188190411,97.00436515638697
97.00174789036106,96.97346389608013
99.49279299133747,99.4817748837064
98.68285630753782,98.6621695435854
99.36688361166763,99.35498869612256
97.50257636147485,97.47093474537542
96.28321064210394,96.26667615988113
96.43649024927964,96.38382001088527
94.25639056233167,94.17634893172212
97.91116283695754,97.90024794717053
99.38096344084688,99.37433915918412
99.03404239936337,99.02593775231165
96.23125483886803,96.20396541887938
100.78346899672346,100.77855991002242
98.18609265154751,98.16861462106432
98.7828394482743,98.76552010710758
97.43031990350737,97.41302675417329
100.65124427684813,100.63038267532316
99.26567260149932,99.26241727617284
97.85562640530226,97.82199266294622
99.09948760761161,99.09236659688867
97.1619322301637,97.06069009894675
99.54460064740508,99.53160457140606
95.09792563644363,95.04807086419507
98.23731991607318,98.21296187382592
98.02760305151105,98.01167134858171
101.72210578135642,101.70908027839091
96.2415043896466,96.22494230263318
98.38669741140295,98.36602988739897
102.57977440080252,102.57267401679616
98.42090105012636,98.38090931632227
99.83851362735636,99.83160966147686
98.62529329781914,98.61635688339662
97.19736996766011,97.18455874001519
99.05709243480243,99.04339811708367
97.00827174740971,96.99526827918119
96.83035748641394,96.82218007236953
99.73157604521384,99.72091897941243
96.46658142258498,96.42367928669952
97.0545830691597,97.02020173208831
97.4994494495423,97.47735259200303
98.40900131689764,98.3997394920904
100.36709355940022,100.35549313944618
95.22957154049165,95.17507964407535
98.71149219080698,98.70154725578405
99.45975900621679,99.45365484769556
95.99972033976849,95.95352013650057
98.20196120452304,98.18940395247085
98.85262943993463,98.84918723280651
97.36944540649664,97.34865409724593
99.47466576292477,99.46971867565128
97.6494117861376,97.62758764960668
100.64820383522418,100.64294240219989
97.37907634644249,97.33429846995408
97.14858271322274,97.11909065242389
97.2207572737658,97.20332173184403
102.20097562818508,102.1888521334035
100.44400603602229,100.43932761494112
99.55525917563794,99.55197556203845
98.38660846357065,98.37925711532976
100.56417094153423,100.54408697142027
96.35458107623558,96.33164158753114
96.94137491741077,96.92560429518606
99.87599528451692,99.87193961210231
99.0858038531867,99.07185994416511
97.10701455721295,97.03687603364425
98.13844616230394,98.13026894874348
99.72278480237237,99.71355753547027
96.38704362464443,96.37282409914108
102.74394201571626,102.73456213177927
99.77865473966982,99.77064722537385
97.10381961493175,97.06001949030261
98.34444807711857,98.32597250689004
97.74029953897261,97.70918801694106
98.04044532111816,98.01218853852153
99.13348967961441,99.11702443980238
97.56208633527072,97.52870135095102
102.57170303827455,102.55109426154476
97.36510869712563,97.3287064657259
96.39437722925913,96.37985464770068
96.96119591461346,96.94817939963328
95.88965491871615,95.85268684025888
93.99087833332209,93.94025162093374
97.76577938213424,97.75843427379284
95.57588288176662,95.5431293567598
97.06606623503053,97.05524328429925
96.71199230815171,96.65555586458869
97.3713846158439,97.3581850623008
95.96968210939824,95.92064851110368
97.02055892413517,97.0092660281614
97.44656530959934,97.42615459667604
102.22085208164161,102.2094476495748
99.38784670340911,99.3828239798618
98.92605300790592,98.91988147994803
98.83906277660394,98.83049036118648
101.57366091642909,101.56540776658959
99.59849815696217,99.54059481806746
98.2972693658788,98.27904009379213
96.00991354690034,95.96845879339459
98.93134856986002,98.92302944052723
96.5951231350527,96.5320886905309
100.6937920385024,100.68874056656193
99.25804227499866,99.25181638574554
100.50652580839221,100.49762688949686
97.31343630444377,97.29560153273071
99.11654316605433,99.1085283171346
99.26922041808464,99.25672478378854
98.42374580427375,98.4081480744997
100.08803412094734,100.06000051817671
95.57876261159778,95.54262516703277
99.33482812365202,99.3279534401555
97.53444624938693,97.49771331566434
96.924000817839,96.90529355950034
97.0472332139994,97.02682922250139
97.48028963806803,97.45820185673487
100.1969388481025,100.17131622845065
95.97993088492677,95.89613749355979
98.87007116086234,98.8536951966926
99.65512072192224,99.64179393483379
95.2068756960121,95.15885803025961
99.2387149693887,99.21755695941724
101.09280359895864,101.084935060391
98.71079298548733,98.65805550620304
96.66650744119906,96.6382051523005
97.59486244846128,97.57151556119042
100.52558150276818,100.51883577545604
95.97638239731845,95.9440525017867
97.80698279794674,97.77714009155653
100.764125071415,100.7588994483057
96.620456606837,96.5530799841796
94.35584145252761,94.31585319132309
98.9273887747002,98.91793493751213
97.62518403312907,97.61503347757433
97.15248462663904,97.11780290547183
99.32524506909182,99.31539461336618
98.33358347473117,98.32680192328063
101.51470161523237,101.50697667062504
99.59232731849534,99.5882164225424
96.81078886004858,96.77726639243328
98.34046165995306,98.33058686816749
97.48552101144759,97.46456341790707
96.17122482701008,96.09779852366486
98.47241423606825,98.4633156638217
97.84258773167338,97.83453980558863
98.41931427092493,98.4105652652521
96.9839091405701,96.94003830029993
96.67755874898182,96.59511200383189
97.9215692719477,97.90807550870235
97.27071127654737,97.25349283127802
97.90885178313204,97.85431332074315
98.2404209319406,98.21684833722905
95.3632026477527,95.29390885558888
96.37893656188834,96.33612807938479
98.00522625692533,97.96468875319574
101.14859910948513,101.13339522240592
96.67636717167983,96.6140909633687
99.5325475261617,99.52809107783335
97.52711610673481,97.52122597168207
99.37775023649212,99.37212212280141
98.06470891607731,98.0554564202762
98.0600492287483,98.03840227533689
97.90821752674306,97.87385628258704
100.42091446085384,100.41246140979983
97.58986017156435,97.56032441738188
98.7449774768025,98.73594662652542
98.962915485272,98.95652445775607
99.47663727725887,99.47140987527364
98.44396516990356,98.42225286060156
97.42162457779925,97.40079949642087
95.65061569634301,95.60934342146832
98.61127269511655,98.58786771184265
98.14695898000102,98.14061578780459
98.52979921084157,98.51670413666959
92.5828985111905,92.41689079641587
100.42016472808545,100.4125370428897
95.89164730134902,95.85979332609938
100.5101111049212,100.50467121802949
94.29821225066851,94.21111306413881
98.08512778577568,98.07602858093121
97.5513463648379,97.5152650597737
98.40727787449148,98.3983758512823
99.5482955514432,99.53668191434589
95.37693947094432,95.28051810342534
96.50772201035325,96.47059228870653
97.75164952510015,97.74664946811433
98.30380780862589,98.29279884233613
97.41825289159935,97.40629240076225
97.3856325978182,97.37268491721248
101.58822292474316,101.5834900275748
97.38849993505274,97.37930416953371
96.2277178905671,96.20115410066064
97.55018783683173,97.50358573275642
97.33988516023008,97.29625294152996
97.86936375707778,97.85612612253249
96.89979080693873,96.86675252029116
95.09413246391931,95.04911400353068
96.84058834013706,96.80337170662735
96.0491860854929,96.01128864091783
93.70521351228679,93.61677731490082
96.97744243949236,96.95471291323813
97.33676379664824,97.30573431159756
99.26041880949776,99.25333116416964
98.45936040560557,98.43311888241294
97.08621535569715,97.0729202810629
99.68167548380343,99.67493414327221
98.1612279735265,98.12716435842152
95.86723829919146,95.7843372702565
97.5771316626213,97.56038239834785
94.12118208780659,94.03888605914109
97.73062413388574,97.70717956675827
100.64897674251843,100.61736644300579
97.9203365466024,97.8921817004872
96.60694788807815,96.57104626844021
94.87958760395428,94.83396546597861
98.7622181267704,98.74676009496378
96.80831065579268,96.77828844439328
96.55374395137466,96.53804500921512
99.32006644939084,99.30460366633653
94.46166290776424,94.41540948945081
98.68515727615602,98.67486650170926
97.99422698773655,97.9819541944888
100.36679644773798,100.3627987634334
97.55169247059563,97.51277963748582
96.47667077925412,96.45908927402908
98.94660959207977,98.93976399474953
99.85153527827332,99.84643991232903
96.46397537622244,96.4189528172738
94.74755694270672,94.678971061884
97.01023453283962,96.97742103909181
99.17574111213155,99.17020576607646
100.42138883857608,100.41680413391867
97.82007942133298,97.80089456986647
96.73443991669663,96.66709912630587
96.32286346308283,96.3036140279065
97.41323608668732,97.37026022371114
95.68244599742445,95.59630623729397
97.39193235763587,97.3532428503357
98.54641232692937,98.53766774370604
99.6773556287674,99.66894845230159
95.67034970102081,95.5505011186129
96.5498784222721,96.50211357099712
100.01225464079775,100.00824387870614
100.54601768942595,100.52131284678859
95.97417951967425,95.88641537809211
97.56192455590269,97.50196841841694
100.42273242497849,100.41591107918356
95.72527595819956,95.65897710846173
99.3043993373241,99.29633261555253
97.78369444254778,97.71991970774468
97.70999100265585,97.65315202191414
99.05968825732967,99.0542378358252
99.32317830879674,99.31505869811659
99.18459257421071,99.16766772725599
99.3983814830763,99.3765261142331
97.55953875308714,97.54980427322677
96.67343113168842,96.63698015856372
97.19191398650051,97.12797492030259
98.16896922356169,98.1326223272718
97.3453838198455,97.33492191397669
98.85295126486757,98.83627292063099
96.54038939390276,96.48778636410508
96.33668076863673,96.29293948640262
99.21346560341844,99.20763993447746
98.13418851411816,98.12412716162748
98.37825047891391,98.35824262946004
100.81582688842283,100.80677427686557
94.49893785509381,94.31076389560981
96.24412099413207,96.2223492781967
94.91249372820596,94.86629357282497
95.24414250204438,95.16653807983657
95.60744291016654,95.57434421757273
96.59742571757896,96.55850840124394
96.53129051812695,96.47483568349506
95.60578851516168,95.5190233155988
96.77847538964203,96.74545127182336
101.47111087147532,101.46689694825766
97.25770381510716,97.24290745164818
95.68614584660207,95.63598942803165
99.30748717822044,99.3025352061255
99.85864516175916,99.83973364418829
95.0274570144107,94.97392975127151
97.46455973215902,97.44469243234745
98.36122164126424,98.34651297774512
96.34088149012537,96.30036391772538
97.23929525595155,97.17597195338335
98.14095963702043,98.1192850248632
100.79458107319054,100.77943385526073
100.47017068443296,100.44541335841141
97.9097678941168,97.88782091408869
102.47561484145061,102.46183609552698
94.19307474823304,94.11812803443058
98.25889845456946,98.24724206874988
98.25711466461895,98.18736217014495
96.89995103560041,96.86237084997104
101.17179219289238,101.1638429016551
100.62864349693218,100.622775083869
99.18074782610094,99.16327530372511
98.40283364109176,98.39985555214
103.22607202415469,103.21137401329015
101.00027899142452,100.99266515172673
96.2519520631669,96.20490317888596
98.518742511625,98.50534581396677
95.82742175444338,95.80385224032617
95.88328525588805,95.84829299591448
97.48342978298682,97.45420180192643
99.0650727431042,99.03260769910074
97.62348169058876,97.60606985268467
100.17968108452767,100.17309717691641
97.52811273259907,97.52271487760562
97.61569497388257,97.5999719266667
96.04011559649922,95.98978164003876
96.16687541088035,96.14774467699151
98.09357006576649,98.0571943784537
97.95908166506223,97.94031053074649
101.6096224713407,101.59690003563684
99.19674068766946,99.19022945456513
99.04564476011086,99.03177494624401
96.27935864464405,96.20983283698784
101.55548692855497,101.53808865114772
99.14402851166246,99.09156466798434
97.91280022101266,97.9012758446821
97.35392624496724,97.32981078423163
97.75502671186037,97.71033694882796
96.58482104835768,96.56666358080683
98.12932248823125,98.10038027113421
99.24302098653308,99.23229658569828
100.65020352870695,100.62646438051245
97.1103020381664,97.04648050416453
96.32489521533307,96.30552549104252
99.32002333954352,99.30767932343878
97.52762136180353,97.50460454060374
95.76601277320195,95.73401492554116
100.36889508857612,100.35845491591849
100.06364013653241,100.05957678132725
97.47459479071581,97.46140060442396
100.66424607138494,100.65950001032363
99.96903505558494,99.94303569931496
96.35074171338168,96.3212448729641
101.2262772388305,101.22267412895303
99.99974162457698,99.99276880673338
98.06076794359882,98.05226704466399
96.25571818375661,96.20551510672402
99.32944031232779,99.32498481349528
97.53954288888153,97.4858666938459
99.12705667465117,99.09745987993824
95.91979451089938,95.84077187595763
100.97151572891453,100.9567173270804
96.39387119000251,96.35673965029007
95.91396524258131,95.88993440224775
97.5857115061396,97.5282604143011
98.37616327394359,98.35937523625667
100.06298227858076,100.05446810771342
99.03840315236265,99.00447443504864
93.93442553247138,93.87891678460585
99.36059332303279,99.35185908540433
98.32305151255902,98.31429707685123
97.59608103904988,97.57566460892865
96.42712485086855,96.36611686654219
102.92469336581458,102.89646661403478
95.39121929843378,95.33586973556929
94.95656364759019,94.90685654206656
96.91902588083862,96.8963267413576
99.14435360796416,99.13777002497491
100.48594473111842,100.44296874854376
101.03772429413203,101.01054198171586
94.5422655312389,94.43861719724835
94.7136212465131,94.69350475021447
98.77781790642932,98.75234520630214
100.0467656610301,100.04176463353902
100.46699028435653,100.44256718686819
97.60322145193581,97.59697336119794
101.39915773532772,101.3747767853277
96.54604471944144,96.51724549027205
101.5139265336712,101.49995520817122
96.69339488847226,96.6777542517007
97.14552689424916,97.11959370330781
95.6167417909062,95.48355486486203
98.28953137504892,98.28257905858207
97.68525060062008,97.67017893104199
97.49661877688291,97.42632297056232
103.23434301495053,103.21172366574966
97.44989318871733,97.41062039996574
99.00889923240888,98.98801216236362
98.84092912168684,98.83552404057144
96.8994417760972,96.88287921316032
100.01860256316041,100.00122089651371
99.73542583398493,99.72687674141314
98.05016462281594,98.03517392374829
98.49843259294667,98.49621009094106
98.19239635470254,98.17887380394754
99.35499315465432,99.35229050025548
100.80847176713932,100.80086597751566
97.31601623349965,97.23641080424704
95.80723379655434,95.74307438038068
96.27561739054251,96.23765286461683
96.55116558790856,96.5247325699247
96.9785053613349,96.92538397060508
98.76971052961369,98.76367168935907
97.23286351950699,97.20864399926516
95.91581662105926,95.87192761171167
97.2601398192773,97.23729145499136
98.62636459784976,98.61970018378577
97.80756843641606,97.77759765284421
96.75670779348792,96.7120461975873
95.59099392569436,95.56740752781532
96.22885047179106,96.1596416364156
98.35444495083216,98.32783290656235
96.89599626689588,96.79147823606695
98.7462756744339,98.72485311664568
97.62893534284618,97.61052178208615
95.0067484647114,94.94052435637701
97.53975549450581,97.51946097792926
97.59434173031863,97.57024911141829
98.63471171735092,98.62285723281146
100.46787632999518,100.46325424688948
97.95698406291285,97.91236375644999
93.76916888081969,93.6685294849404
100.20366992573437,100.19060511064093
98.08171489732324,98.07118699214317
96.61814504465895,96.53745224591229
95.84383011482045,95.8138615465899
99.06740791577744,99.04449647291038
96.45194431442225,96.36822694839621
100.30849823194458,100.30315874184465
94.74589403665487,94.63995662641908
100.91168887471295,100.8969464323527
97.6422806110788,97.62174213496436
95.59288685468157,95.52922682386642
98.04245171398789,98.03028559028309
96.473359150589,96.42467281073989
97.49820060681188,97.46677775553417
95.9020123153111,95.87489120050415
99.05102121685333,99.04046356075581
98.70653983647856,98.64517415366171
96.24791483655275,96.18658552781118
96.68535629973016,96.64966635330667
98.13262347693055,98.1069614784324
101.32501962857023,101.31660736689585
97.87943238684856,97.86827409507384
96.57514149949384,96.52471425421518
96.60887326079325,96.57957936427913
98.72034395685861,98.70196003989906
94.96523758122977,94.91347515050828
96.93341821442327,96.90806560243229
98.91886899895304,98.8939307419641
98.52610594176204,98.51384739039466
99.27505449946747,99.2669158924313
100.54200362561019,100.53000935128371
95.83832946933464,95.75627723913428
98.64462748823982,98.61052598645735
95.51053827269999,95.46267034153153
100.31472904506292,100.29866836351127
97.99954728352792,97.98857611482191
96.87560047192082,96.80557279926492
100.0718644416829,100.06707466682398
94.71950966419689,94.67715270307217
97.95449656322326,97.91142358597884
97.64360016859624,97.63100707106351
98.54112451234452,98.51768116212497
98.17456264756133,98.15091532889409
98.72443462809674,98.70748733230516
96.40043678049531,96.32244878407816
96.61681264790178,96.5645354780198
96.4309851202382,96.40331401014096
98.19785246930626,98.17105575305355
101.43519235483153,101.38740509821116
95.71416241518864,95.58539651792135
97.77368548855586,97.7549725543038
97.58292754207208,97.56603031881997
98.03502788327823,98.01950903919018
95.9118336412445,95.88905440320605
97.43280028762939,97.42581439942903
96.63113539862917,96.60187361834532
99.51128065396115,99.50275747973608
97.53255252468952,97.46944588254894
99.66202179095576,99.6433423291773
96.2531400901034,96.2247825671293
98.79652030778607,98.78517349439443
94.41478502542755,94.30311444396672
97.51014369117883,97.49214259934149
101.36345400682589,101.31890031761777
97.91156559265181,97.88693807249427
95.73226655386945,95.69462315610258
97.63239477669659,97.60102268981156
98.72950810486418,98.7186803473088
100.48739040315245,100.48488239594464
97.11552506936862,97.0990825537564
98.877461562695,98.87185828360063
99.44128121691573,99.43492547128521
98.19402022936602,98.1792882548196
95.93206136735058,95.87526187092394
99.68649903780052,99.65088107483633
96.52635182949015,96.50579494389781
96.95221641453507,96.9128045894165
97.0820136826671,97.04374187334177
98.97752417776596,98.96113406719367
99.77180991770814,99.76846019329503
99.72659744999517,99.72061614268333
97.41926364119519,97.39547794274085
99.07452570211143,99.06691890157448
97.03074007210647,97.02181501624858
98.91861505639312,98.91404495894815
98.57626526006888,98.56624673268128
99.55777559261013,99.54420962531968
100.77691635695406,100.76875982188102
99.1734562404001,99.1566389194809
97.71725330739055,97.70082507799592
99.00768113111211,98.99960473907221
99.02407080316544,99.00685872491333
100.90776522148487,100.90400962923358
96.10275553151288,96.0779824610448
97.41840956584957,97.35789220959533
98.19563618249451,98.17505033490286
99.03100299874471,99.02706903024973
99.95082388586215,99.9347372125383
98.44393977423496,98.42924930366863
98.17474201286524,98.16641377894614
100.42265929661913,100.41640823845368
100.55469999144368,100.55032748283864
99.34664396093781,99.34132008235989
97.71884568726831,97.6933031799481
96.87906943980646,96.85826444996373
99.9418076341813,99.93846242582909
98.25505742683117,98.23682620898487
95.55664748957969,95.50577320941336
98.9317538428953,98.92812740695642
99.29033396887566,99.26062765814072
97.41736140926443,97.35529985424355
94.77955235913183,94.74038825361333
98.71524289967357,98.67878373044228
95.89320460375947,95.84343975748263
94.97634290864346,94.92908908101823
98.2793713722636,98.27434244218017
98.05630616362832,98.0052664520923
96.61212322056156,96.57612349126639
102.14711319079484,102.11996267027426
98.8330044392944,98.82762237304782
98.52416814402342,98.46745967733683
95.96399369911552,95.93671468645614
95.50105793996612,95.4515603942624
96.79814870756965,96.74957869580126
99.21290927591198,99.18882786079726
101.13919823047618,101.13482271375906
95.7588614067401,95.71636090759864
98.71825933778553,98.71460179598952
98.03693795049509,98.02907885061704
98.978061006509,98.9593752720739
98.08997179514299,98.0831788832065
96.890978224129,96.88126050692105
99.03114936134267,99.0250420046019
96.46223011782739,96.43895216959093
97.97227758763827,97.94095068682267
98.47345322748487,98.46555001091461
99.19676646916373,99.19218789435192
96.94408852516258,96.90672102098748
96.11140807658396,96.01461500714547
97.30430152305145,97.28590199957125
92.80741327254937,92.69146185125894
97.2390931191546,97.20246902271485
97.26832799875893,97.25032727360428
98.84812049084506,98.84583637336031
99.45551702925118,99.44883692593977
98.1708641785365,98.1311902590611
102.47130283576577,102.46081714204134
99.12867542896304,99.11063623141871
99.38754339835188,99.3485663830275
96.94475224517484,96.92781301346336
99.58371142207828,99.58043442015266
98.74201006968723,98.73435376264362
101.05317320845656,101.04636893185803
99.31415628038334,99.27240294650562
95.30259848195801,95.25244387945602
97.92353168335917,97.9129171277721
99.03390016332555,99.02435136667697
97.18928977183403,97.13914860533067
99.5506649553884,99.54552835887883
94.56673576741137,94.47809079149172
100.69832283579994,100.69440279876385
100.1328973380918,100.12979494823884
100.88735085933723,100.8721738492619
100.00888436427705,99.95051264708563
97.48841142562935,97.45796585070578
98.15111364809206,98.13556767504075
100.42671766440145,100.40505421845444
99.33022482435554,99.3085076419055
96.66340788241112,96.63727583828492
98.60357834390416,98.58387556720537
99.63696427555902,99.62436985592866
97.9494643917594,97.91339582250195
99.9450623857198,99.94074767481148
98.82251744661802,98.80075004426303
99.28172233700172,99.27274151813226
100.24308288453113,100.23638108093297
100.38173346888274,100.37154822022617
98.32712322008551,98.32264719235222
96.57136987078938,96.50419146013658
98.49084587664474,98.47369986077531
96.18760982998161,96.13795375892437
94.11513729913169,94.0455361199271
101.05596447604995,101.0328752084201
97.79082910682786,97.78563791493251
100.69347499995692,100.66272557822302
98.01388973955859,97.97494739381617
95.08836793677224,95.00906427103041
97.74363395747528,97.6941235018777
96.38532959763157,96.35385051754639
97.18561341514491,97.14128742112248
94.88001993423615,94.81987200517204
96.44103585055564,96.40344846863486
98.62467417010426,98.61451937587603
98.51656630952499,98.51007470646685
98.59379197812704,98.58952643282949
97.62124070231806,97.58934348249352
99.5781201005108,99.57197512456997
96.61885072219903,96.60322683025744
96.28152939512697,96.25774537209139
97.6896213557509,97.61638244273878
99.4883782699372,99.47278296890471
96.83181788287588,96.75526985693224
99.07876997435706,99.07483205909536
96.11794053489876,96.06268330889122
97.83437321266396,97.82473324760699
100.05823935776867,100.04894965592356
98.02787727061462,98.0111999837451
98.69881016592115,98.68995265435711
97.62140979842927,97.58954490161537
96.90092212020342,96.86909503396063
99.57072725239487,99.56319125717826
99.51109894446655,99.50495042207895
100.25304405961859,100.2459278059115
100.8941542955029,100.88193785275234
100.82828366760472,100.82395662968484
98.98514695968406,98.97590106049671
99.68983861960196,99.65266037299703
98.87697371291883,98.85160666870586
104.80896784529337,104.71388371977402
97.5369740463165,97.50274180785848
98.95209277761947,98.93922983577922
99.36739654037027,99.35877068113956
97.70017174221708,97.6681767492663
96.53370733840826,96.52192560143432
97.12321878463834,97.10263144166676
98.35833867980273,98.35551115656328
97.11925758302172,97.08720813471099
96.91730521691107,96.87752803826933
98.33004628527128,98.31650549983101
101.04782944144323,101.03951243717094
95.79024613014029,95.70922165159716
100.56315117101629,100.56047879464477
99.75024035495115,99.72490703295956
95.64980142575592,95.59841512563668
96.33525112795176,96.32289888960538
99.95274656141666,99.94892359719928
95.68916492322379,95.61376447346369
96.04172549434296,95.9893009830611
97.60562773359453,97.59881342971454
97.83412033722972,97.82855183266238
95.9255639656176,95.8335756291282
95.2917664471088,95.22986966652546
96.58252395898567,96.52377042624936
100.42130837837517,100.41178219232955
101.00159824647899,100.99832031254228
99.05917477526691,99.04823124323774
95.14395127937591,95.12008566931566
96.27354375792416,96.25093569895137
99.84667249299571,99.84182283447224
98.84178534321201,98.82367892202315
99.37575474693787,99.36160486700105
97.59362076522976,97.55397336037548
100.09803367101424,100.09465343545544
97.40443762773367,97.34744582024229
98.84375414220689,98.80725598328613
98.24913310256684,98.229570594393
96.64559585468582,96.6025237892186
99.33348084292754,99.32866103980334
96.79644902992533,96.75315628013976
100.04346988892051,100.0182469313863
99.12977087688972,99.12694551384541
97.6811172335527,97.66638217551882
98.45479865839243,98.4428922171243
100.27892192639165,100.26561284348278
97.5461670238879,97.51269900087993
97.89831690999821,97.88533937928109
97.00229037010577,96.95569396726941
103.54465997918243,103.52801418011428
101.68259198804543,101.66902379594478
97.06623293536363,97.0320616370631
97.35996460797116,97.35244075122874
96.54896489356716,96.5291849396022
98.47990293816008,98.46136304149623
94.8149220694376,94.67512083875206
95.74599366266884,95.65687937285793
99.08695734658068,99.0799667316439
97.62428933065375,97.61106451222223
96.81712847537881,96.79219195721355
99.22032942998169,99.20188340933555
96.24804817596963,96.18981246177184
99.38499648873614,99.38120227814964
101.40280647764837,101.39396483113408
98.57089731193823,98.54927145375878
99.2909449198815,99.27937139380583
97.44819147283846,97.43189727181158
96.63004491841089,96.58612760018758
98.33795963110956,98.30518837021157
98.77009349553231,98.76157410685929
98.45956970478566,98.44944172907192
97.71733587908429,97.6712566139932
98.54222908218487,98.53757163502301
96.73421057044439,96.68377386220871
100.1841975397941,100.17798895050497
96.78091866297473,96.76297805455859
97.83061530985238,97.80281100807316
97.99141911059354,97.98594471620939
97.33186966209378,97.32275234543829
97.62201954057699,97.59296957039764
100.76664462933319,100.74577319893369
100.32326800733983,100.30695747802055
96.15799772279505,96.11302908625282
99.69895164269812,99.68209387954956
97.39529804063949,97.35025692884267
95.94074502442616,95.88173848921686
98.69821192590325,98.69121835276326
96.62612615935787,96.60769697408413
100.27375076097404,100.26061500166466
96.33499626271214,96.28663945803851
95.53181028149699,95.50133977467155
94.6502948051964,94.61184880533526
98.47566959170328,98.45649753543755
98.9267332908065,98.91280254302805
96.61426168609978,96.59644640055241
95.73908246312646,95.66027375545075
102.34605770970106,102.3415830553131
95.65684276538481,95.56146910333024
99.04292439205847,99.03597612058071
95.41563428419728,95.38457408997047
101.93121182948227,101.91507789379628
97.5483049001276,97.4944035597585
99.50652799868003,99.49253394786193
95.78457359574811,95.67971139620944
99.64110599230148,99.62789896046182
98.3470272447841,98.29850733991445
98.63580908500556,98.58621696501889
98.76874960092243,98.74654526986563
98.33996501565656,98.3173668458162
99.72177901831321,99.6870491243291
98.03476725953855,97.98350357931034
99.86638493317217,99.86007307183426
97.2941765979499,97.26022053191375
97.73570421167237,97.70941860687367
100.32442082972318,100.32033908650713
98.59536711688484,98.58336268355572
101.75255677130372,101.73835446788327
94.90369611674511,94.83041260845157
96.57946898659213,96.48407516417585
95.821300820854,95.76434082510312
101.00586834074849,100.99651213197981
100.24573950227973,100.24139754798276
94.51833850007793,94.43670723082766
96.70523336070404,96.66077534362266
100.02174206797075,100.01818727745496
101.04162694678831,101.03288351891571
97.61626489439783,97.58511601132444
96.8978144833365,96.86820359330432
99.20566342419833,99.19950342191598
98.74529388810282,98.73440766014028
98.95925557683772,98.95501333870166
93.87465958670613,93.79984279677282
96.7932884749511,96.75703080291859
102.12755290790547,102.09990154178028
99.29164097735267,99.27669026799077
99.88636987636548,99.87740801052274
96.53505448000936,96.49194075041525
97.89107032446786,97.8620729717823
98.28616425365803,98.28280984346297
100.9707560222851,100.96527863618851
97.80695910908825,97.8009387243452
95.00148139370032,94.9145141535081
97.75390616376679,97.74290662225822
97.26554797108598,97.2552595739788
100.80072851002768,100.7964807070168
97.662767128468,97.64730231322902
97.71567525767405,97.7064637541725
97.52254296594703,97.46569155790603
97.78614340358192,97.77942046241377
97.18064199638282,97.15662128407365
95.89407448212407,95.85425401026087
97.87767700197043,97.86713522766439
98.22321882616008,98.2126252670059
96.84688944927606,96.82159563578043
99.85626322408139,99.83965005135569
96.5570478734914,96.48719593456727
95.16754142128102,95.10768170580873
97.23616217542877,97.21851055562233
98.24581226169636,98.23255392797098
99.28364223565062,99.27240299630456
98.79944103617038,98.79446341737855
97.41163592793029,97.36702762825387
97.75640274068368,97.74737290252558
99.32035751317304,99.31822694180025
97.55287000577405,97.53045747299174
98.14056959148216,98.13289549578546
96.48114421956909,96.4403507298615
98.89243378045214,98.86600227272204
96.7992307753799,96.75850752026966
98.11324974586134,98.08827774050827
97.91349981480276,97.90916388817425
95.323446819322,95.21986810170257
98.31354759231264,98.30147399825576
100.0266870955222,100.01900539064816
95.97908485327748,95.92762937159371
100.38175432683028,100.37557585194666
96.8839229881604,96.87360333604839
94.72697381781336,94.61681489630041
99.39650625838036,99.38841480357642
97.49478081502299,97.45877783185394
96.47775305977665,96.45109723044253
97.90349099149464,97.87225455834597
98.28159676243924,98.26413248039447
99.52863053873192,99.52209302337897
98.49800137437828,98.46866584212536
97.87186939008798,97.84030688148053
98.76633913464215,98.73546400464701
99.16433510067426,99.15904105849894
96.32022390300808,96.27520687745083
95.7292078909185,95.67558501495087
98.15783451815521,98.13523879463862
99.86401314533781,99.85194772005904
95.89702140777115,95.85977389802034
92.65523334235908,92.50633620432133
100.48325284280554,100.46402839829469
94.93534690987107,94.88423741314782
99.173274572825,99.1511119313986
96.42134418816327,96.34435151647548
97.36197064441313,97.34750430470682
95.98374796681932,95.93106582109083
97.3288263029195,97.30791331424065
99.89453996888052,99.89105922995711
94.72401981202641,94.6121484867058
99.37738274789882,99.34238373071483
97.64597214303005,97.63760780173763
97.35689883791551,97.33796284728321
100.15403320879233,100.13846113109913
98.65377208503844,98.62309812309731
95.26133083180684,95.14597333192617
99.23567887881481,99.22495886891922
99.74139426978782,99.72350857067626
100.89245135065204,100.887654556197
97.91706878300795,97.89776157727762
95.58608113336335,95.54736305944117
97.38979875142982,97.31497164685803
97.05519119885976,97.04241583420901
96.36988512814627,96.28437149092751
97.745333245594,97.70845490361664
99.16172645459108,99.1449651359577
99.34964878739898,99.33166853165328
99.00776988624533,99.00488449304163
96.35646611001013,96.3129760746797
97.56461416777574,97.52050632732751
100.36946378719405,100.36532500553548
98.27354565552605,98.25890247849597
96.46056503459377,96.41746000272364
96.39329678000124,96.32455889112929
96.40579566500719,96.34963391737212
97.50187376811813,97.47156427796398
99.27576203135335,99.26832925054234
99.24090335038335,99.23364106222868
98.30811668645816,98.29677853649628
97.67629179312722,97.657709417285
97.95719888533081,97.93188205201893
99.2924164948227,99.27441898687005
96.77856000241518,96.72916775933645
99.41076270787885,99.39499515388526
97.26710591252609,97.22447059716289
94.67453779076304,94.63851448015944
98.52736345573405,98.5156029178041
99.20654791260651,99.20127669281345
98.03823627421077,98.02196302020839
97.45559070456406,97.42056145263543
100.78865030292674,100.77999218850086
99.04735748089793,99.03487068039651
96.43070889753443,96.38356889952561
96.58713793850592,96.56146945958497
102.0870136350176,102.08049614890137
99.56758265887271,99.56260159138381
99.03906216245304,99.03096863204917
94.59499191314825,94.51764003020863
99.12342244637162,99.11029038147862
97.88513317940902,97.87481784603652
99.71138737210197,99.6906648177559
100.04957868211879,100.0432496286722
92.38080539443148,92.30513938076322
98.51579508481214,98.50170392071105
99.39162173648953,99.34929669057674
98.62430211530722,98.61710009109457
98.41841967420696,98.3942908971977
96.215354919505,96.19416174690694
97.92740097987297,97.89331209011658
97.21393518161598,97.18731780467444
97.38867214254137,97.37845288978784
97.2856286696598,97.2797090097616
100.38884365190741,100.37167208513308
98.6463230984959,98.6323018124646
98.18590152538918,98.17773491722284
96.52376611900158,96.47347193575462
98.633233702644,98.6228294187124
97.50088375747615,97.49171529502061
101.06273019726325,101.05794911370987
98.83314242349128,98.82635317769792
99.1922436724114,99.18192062494538
96.7009142116379,96.65477328443987
98.75036243404324,98.74218179071457
100.02004907640476,100.00988980818124
94.80907144451943,94.7047063267287
96.69457168051251,96.6393450751168
97.33283444300191,97.3004152690918
97.59524432083235,97.58321773378715
97.72194588635801,97.70654127271953
97.64359022351547,97.62717563985674
100.26367628676483,100.25357899855257
100.6123548401066,100.60316866658174
97.7231194955863,97.6697739089799
98.9614753939286,98.95701959897673
95.59653448152456,95.52071756783876
96.72684897033956,96.68700973660569
98.16584531588734,98.15498844682139
98.45956060796964,98.4488259735181
97.12216898685567,97.10631428023443
100.14611884478187,100.13594351220345
98.88328266742354,98.87455090315353
98.80759448841606,98.80337724258672
96.48057668617822,96.43205786993718
98.19913785658295,98.18284804443364
99.52669968981589,99.50860796430901
100.04006228380396,100.0314271812981
96.27718275925743,96.23282776292793
100.11333197569735,100.09934401583993
101.83261312507305,101.82608977345362
97.36049364029677,97.32751383330513
96.27025008358149,96.17762358538774
98.84537044939479,98.82283337956217
99.95019165415138,99.94119804365492
98.89692596045796,98.87845785509678
95.54205675099129,95.46250358778434
96.17747021151588,96.13719820634869
98.78673162113733,98.76825670936606
98.07172121782177,98.05940889810019
95.1964902446919,95.1373470624305
98.1789669820252,98.14706324678231
99.62431911860958,99.61777866061743
98.42885874660045,98.4178218592054
96.0937116740461,96.06969489292342
94.43676018286989,94.31959418564885
96.24491587183957,96.17794926835191
96.89162101787177,96.84631309660317
96.46449549680912,96.43902111394263
97.28918844664302,97.19522032713684
97.28177087503205,97.25166751731868
98.8142156544788,98.79794360640382
96.95277680933728,96.91952249022387
95.92165645042081,95.84934573177767
96.17200427679909,96.14901216532971
98.45582698961157,98.44645473948343
98.71732363555658,98.70756038331966
98.11531158232044,98.10305509252868
100.6437950946289,100.64034090858685
99.7387534371941,99.73415632163915
96.67749407725583,96.64458822812435
96.2477347438651,96.20576363131424
97.113210088639,97.07251914783194
100.1560559291631,100.14571531340945
100.14611693320926,100.12332017006057
93.98697315134724,93.90340766699404
94.63279111183166,94.57017717174976
98.21012841023841,98.19876166620337
99.13330558499749,99.12642080039721
101.23785161323808,101.22811483620993
101.27097808658783,101.25001802172349
98.42695769963466,98.41949686617929
99.01443329705836,99.00474188706417
100.58006345325789,100.57007087308841
98.22143103253165,98.19019487028822
98.47423990414369,98.45534566729528
96.69845352806323,96.66296710743428
98.29767649584909,98.27033549429999
96.88338774059271,96.85808848331115
98.67426215025131,98.66579485375611
96.11223460936957,96.06249592716338
97.25595767931762,97.24526247573954
97.57833316432634,97.56420512625321
99.19102063619953,99.18105285276066
97.56185648903539,97.54711191991693
97.48277924416549,97.46173532295238
98.7141162662611,98.70695621941061
95.395515631568,95.33736156077468
96.1010304799544,96.02431518486706
96.1326914812871,96.01850200061764
99.94323721175728,99.93343034617375
99.32161420030785,99.31173232681589
97.45330607961219,97.41147315981105
96.47066436607726,96.4564985721056
96.75396668490923,96.66253318762473
97.77716568206888,97.76724518991395
99.337992838804,99.33162768303188
98.5689882634765,98.53807555034889
97.48214105045624,97.4712116068836
99.6122991301321,99.60437295604127
97.1525025548523,97.13503832733483
98.47136845059016,98.43680949005515
97.6532115147527,97.57876798965518
95.81250787143641,95.76640871399013
97.78047703575399,97.76648583397599
97.51671997378409,97.44586334666839
96.99310040453457,96.95931290119337
98.42907374203399,98.41193330067308
101.27670618094585,101.26792061467248
95.6417301221236,95.58326140172444
96.61056207524157,96.54263590216098
97.5078581808965,97.43552795983629
99.74323857843781,99.73959861728582
100.9275764974491,100.92502062710116
99.50141082342029,99.49181535984675
95.94818300438804,95.9287543760373
99.56119228834454,99.5498354053087
97.11658385594144,97.08802802768463
97.71743072713575,97.71422683933389
97.21411280192264,97.20106913252835
95.7188181208514,95.65509372177836
96.51802968804908,96.40120621313905
100.24565188215918,100.2309687462295
95.62405536792927,95.56939612096045
99.9741986985544,99.96940770056659
97.08647991894611,97.05267130805288
99.94631891833394,99.93791474384527
97.9479342818007,97.90565967217394
99.20052179102193,99.19604244715285
99.08878155114793,99.08047874063172
96.80554967768612,96.75675810620378
95.6228309414383,95.58777060219288
95.70387395784563,95.62280925219409
100.86151939412612,100.84291694112918
99.27139516674208,99.26429625942986
95.67958128707929,95.61916623127651
97.74713522015723,97.71139313903822
100.03217492696318,100.02947857040625
97.15383623994155,97.11284444384191
98.22795814572179,98.21390259351647
97.48579948804996,97.34898267873733
97.9522330725034,97.91496413831663
95.50566769863808,95.39915635639736
94.03002980927151,93.92070418765125
97.22616478342421,97.18115848939463
96.33022017492638,96.29855912953552
99.57080789104188,99.55206900008017
97.73676914178219,97.66873023080124
101.04385245434766,101.03210982230303
93.24681746086944,93.17429707398249
98.77108281265038,98.71319710293106
98.286155073276,98.27502517564224
97.6826334904566,97.6528460480642
96.22394065899636,96.1679684614891
97.56347252154552,97.51126633167401
99.23297596618106,99.2240203001973
97.7870466631707,97.76058071704497
96.03100226308423,96.01004990063166
98.64045280822525,98.62599480579247
98.3427072584359,98.31697801691026
96.98243739103653,96.9594078064086
98.39097042847996,98.36335549326031
96.32445817042813,96.24112973309384
98.0224206931396,98.01166518795795
100.47104130302883,100.4665728306459
102.17850429254052,102.15685437739577
97.69866871701306,97.68646403059141
98.05490936264233,98.02697906459188
97.96480373158329,97.94720373319677
100.45872595332028,100.45312756220949
97.81066039102639,97.7537362223787
100.22810567839001,100.21435305162272
100.73803652445775,100.72896900398095
100.18919450765061,100.17586003617592
101.23008217094643,101.22046319154408
97.11549429451993,97.09838067840099
95.44408528564205,95.38100267100319
101.54359394812296,101.53332286042445
96.3786090627298,96.34450789717265
95.57528193183944,95.5405025735239
96.77101842253282,96.73573816921312
94.12014189274832,93.98741987193861
99.1237255804846,99.11621313019681
97.9826707490186,97.97449538557844
98.87234173335298,98.86169659648266
101.77518412188623,101.77085974694425
96.97302070798254,96.95396836932643
98.34229820494285,98.29657764221858
102.32163988426687,102.30484395186546
103.56261718213675,103.51882835384585
97.59503275646831,97.57772735874879
97.62036650816228,97.56086992773066
96.84208393866136,96.80624640843143
94.73449566181151,94.66809129130124
97.87039708191358,97.85833074875971
93.59963354081191,93.48152707179821
96.35809967625775,96.31151610954356
96.50727920035078,96.48510406402347
96.9094588661543,96.8836045545838
97.11843490803804,97.11250347472377
99.52711275640814,99.52007747996043
96.66194197947704,96.6187775887414
100.2353162650591,100.23030627491907
99.72772856995067,99.72414529977766
101.81617512150392,101.8042859551029
97.59392926704963,97.57442506181455
97.31197091155235,97.27658369618932
99.22004758060069,99.20640848572691
99.7839020883414,99.77390850016761
95.00707453434738,94.94349091227971
98.06364730151901,98.03987191978622
98.84924666091592,98.80541127811865
98.32743879327526,98.31795521020871
97.11857448149333,97.1092392356133
100.09758981266235,100.09397668083908
97.81818452614554,97.81117141467217
96.72262850674059,96.70593904128683
100.23838920190215,100.23443256970604
96.77458920669498,96.74851664316212
98.65806851488519,98.65390450018083
95.08796186328863,95.03931070823585
96.55684133253695,96.49625787614212
100.04443944981332,100.03779756848454
97.41324381754424,97.38997329926983
98.3751786736229,98.3694150212692
99.92570803018991,99.89497467260914
99.62889519718496,99.61925822677357
99.27752044831004,99.2552069675605
99.73108815723721,99.71564046179257
96.88448718400252,96.85802654304992
100.03949757528508,100.03691523895513
96.98801172430942,96.95793105827212
98.39255025365772,98.38174219310348
98.95518107533142,98.94297976725356
96.4586342717611,96.44825710788838
97.98398945346001,97.97887247312154
99.38010255966647,99.36977617624234
96.16365002668016,96.10509617580443
97.93386597494303,97.92567205347996
98.63390967459873,98.59934522826983
96.22408859017392,96.16967711784073
98.59142109219357,98.58358886607685
93.63134668136308,93.57647934234556
93.56369688812947,93.48596134703455
96.09319046119288,96.0600081805479
96.27490967633416,96.25096639587667
100.35871058260857,100.3346354331787
98.793120298553,98.78920205718804
95.66736640599997,95.56885982294696
97.0003186867595,96.95557535254704
96.00066669624091,95.9638515961915
95.6946256970788,95.63345317115503
97.10224366880844,97.07133225549049
99.70065673360574,99.69230741528874
99.76563340132505,99.75759601720033
102.01630020688968,102.00979876495113
97.25694687351303,97.23831543780493
98.64642270664912,98.64153608421697
99.10783254802638,99.0929852723261
96.52652040377444,96.49057346140503
95.62404680965524,95.5463210887868
96.92859823078464,96.87291346286217
98.54413658837922,98.52727695969801
100.32141363370899,100.30711417323764
96.90350137590136,96.88762315665382
99.46832021442246,99.45878564727273
98.01585108609262,98.00819375148244
97.47476541158035,97.4623208981016
97.79363586635769,97.75100683639072
98.07700638382202,98.0670438813329
98.82865828068365,98.82524946789637
99.13925752884168,99.12027197148807
100.3129575537535,100.26807803150595
99.7630971402043,99.75659579373236
96.46804876565518,96.4183793957443
100.9860431669456,100.97223592931212
100.02105629307785,100.01105926750522
95.61631678554316,95.53138127177304
94.12389248180679,94.0265572916793
98.77973226486763,98.77253498347507
98.75078189508504,98.7412699927728
93.2418199424178,93.1177245166736
99.20334407478563,99.19824425804973
98.84475425681218,98.82821915281137
98.63978021149582,98.63580113513056
98.74861347277766,98.71772804571673
97.9084895927232,97.8772622326118
96.49927394171961,96.48699804176637
98.5880565254314,98.5784577811451
98.82952067104898,98.80494159232238
99.74323541708965,99.73963513852526
95.92286517358897,95.90592158660571
99.3653767506241,99.35750271378494
100.18077646832262,100.16733113439365
97.163885634051,97.13873403518065
101.5633175267799,101.5588512158044
95.46963760312863,95.41438028321348
96.51527975081913,96.44269766705766
96.63726253098761,96.60775916324823
98.51697551450698,98.50994462014992
98.96922804734984,98.95821139174055
99.21103771587859,99.20181865044592
98.33034837638708,98.31741782252531
97.92387976041755,97.91681811706371
95.52137908203427,95.47347346227794
96.84619682005831,96.78655792650044
99.22700110913398,99.21778802059886
100.39810406740045,100.38986556695838
95.9827242464104,95.9447184579041
99.22371518783251,99.20517456493813
100.09569520093663,100.07592929486121
95.67583348302925,95.64555946188653
96.91375899266461,96.89404486655773
99.09084174898493,99.07790848493967
99.94187350280873,99.93653787340399
100.33261136765135,100.31916201441977
98.07246689610405,98.05652566252795
100.45504195869961,100.44004187183278
98.33885023298815,98.33004941121888
99.70280370936196,99.69909743944193
102.10063536022675,102.08075030213956
101.39269978640206,101.37505841903176
99.49797366543133,99.49206145101198
98.86116731729797,98.82922624563535
97.29965607813205,97.27501838385646
96.39816926113198,96.35600736211254
97.75691034328509,97.73958465211024
97.98489687686724,97.96936344019811
98.24410601238766,98.22593020126365
100.81608507895473,100.80027605908163
95.1140314377015,94.98262578597513
98.6160514017296,98.5756445165529
96.17563967443886,96.13471703559175
97.09485127944532,97.04348227409945
100.56927191149583,100.55757991824545
97.87619131878996,97.80826171355862
95.22789929620268,95.1436808722072
95.91923304073981,95.86401580652189
98.59859336250656,98.58940469642958
100.56183452247551,100.55666444883852
97.01455599086077,96.9601548958707
99.22548931531323,99.21361662114242
96.74016275491833,96.71795506413966
99.26931491446813,99.24437623935573
100.41368632068068,100.38995981022585
98.45901659342854,98.39259885456646
97.42914372863262,97.39773960473174
94.60382177239751,94.5084853250117
97.9525744888494,97.90555953302113
98.16503386869205,98.14620751556578
99.68242068329036,99.65568237928015
96.16146818526977,96.034384181498
98.67330843904021,98.66206814838567
98.71874686476232,98.68954916950925
99.04226902568223,99.03741708365276
97.60076454365291,97.58741253020165
97.728592833632,97.72147110601084
98.86191635603966,98.85216616060475
96.21499987448597,96.18627715653857
95.39604453917288,95.33744483782479
101.0221548804257,101.0042856737795
98.85267255429808,98.84551081539652
98.35681481313108,98.33783798278436
98.61203615547024,98.58342219011371
98.36082997240081,98.35033948950723
95.52799386884313,95.49068735356792
97.87228671649855,97.86098986540412
97.85824403281475,97.83946791995169
95.55601875381213,95.44105784999158
97.83078798666145,97.81910503526385
98.10567195350313,98.09809715161775
97.97153794487394,97.92089745748822
100.24285721648026,100.23715209157619
98.67074986052971,98.66248613412694
96.72477497121298,96.69859544012054
102.23744182819735,102.22892234944186
99.19805024257323,99.19093131094705
96.22012151321645,96.1860112396687
98.62315350470473,98.6044274814018
98.78945382566761,98.76375950537344
96.81390180959704,96.79664298003986
97.0496086599452,97.01834772278201
98.35350265983648,98.32319925694956
98.08468912600773,98.07284285294166
97.92073533578372,97.91398693069343
99.06070913059884,99.0537141844939
98.09782312631619,98.06135734802989
98.1481533203296,98.13920581709553
98.31264171732064,98.2994424714079
100.67127226416505,100.66739806437734
99.46755226937955,99.42769050588065
96.660742519504,96.62444319150077
101.0348400980221,101.0239722088389
96.89125203499638,96.86678952364889
95.20546784800236,95.13341429782149
99.10541678534578,99.09946899039463
98.68168203504385,98.65127321187067
96.68829569885852,96.65061573002261
98.64304036356788,98.61577063029279
97.84526409892891,97.81496386881952
99.13107141858607,99.12151284678885
97.43406840187626,97.41709322759878
98.89322096924708,98.87795926132911
97.2220877592044,97.1391965661251
99.14936143656898,99.13973416843602
98.86706960455484,98.8555610388388
98.63948011179835,98.63371885050758
99.70242714293579,99.68623458122559
97.24068785369204,97.2261929838587
93.71593898197224,93.5953320082348
102.08980590214564,102.0803550404443
99.13633500594966,99.12967226601708
98.2245729980884,98.20936534448602
99.28005216643362,99.27053148674216
96.0686945874416,96.04306467789196
98.02145708897127,97.99799616492352
98.16760074957214,98.1504294239685
96.75282177789205,96.72626856858679
97.94411382152752,97.93011719571645
100.17457626858005,100.16561184784425
99.14158059414024,99.1247475272357
98.12406771514834,98.04847009441545
96.47818876583986,96.43732476254856
99.36741564732375,99.36248907038927
98.44066042539673,98.41673225590237
94.18724756177713,94.12640763026756
97.33086821125653,97.31494721876597
96.54429746738714,96.51320440984118
100.91957978219003,100.91259023275227
97.79292342297614,97.78189478350215
101.57549304216317,101.57166770732248
98.15972289479673,98.14557649323272
97.30193887169872,97.29131692969068
97.49496831501438,97.46468306531868
97.4705176623179,97.41649476814015
95.70059469831432,95.59209510392428
98.69115608867838,98.68436714143348
98.43654583856843,98.42821997950819
97.97464502637357,97.92186079927838
96.06757766876599,96.00619229373518
96.05670746394351,96.02842400255489
100.36087567239278,100.3573451069576
98.43480040479349,98.41855668880218
95.62444496476631,95.54956788578801
95.59517188909206,95.54734919859848
97.8950126558148,97.87140959845375
99.39215107136307,99.38083131965433
100.76867996580052,100.75964852606886
101.9577117427239,101.9509174504407
98.10860366315677,98.09597081574032
95.66826382268215,95.62273022813693
97.06269809344751,97.02195887550494
97.80123108020844,97.74054335325668
97.65471988000522,97.62417727911712
95.56885619107152,95.47328271670301
98.0102760695858,97.98441573195242
97.85009524899631,97.84228846411467
97.86170903832549,97.8481581971606
98.55418746677417,98.54421672141748
97.4234738432754,97.38287253104781
97.44191963274308,97.41637130430655
96.1544164603245,96.11928575739456
99.44735716032146,99.43434430977165
96.77999733461937,96.7279976685078
100.41422289634234,100.40658462318825
101.31332647212521,101.29188528809048
99.53169274880837,99.51133838755891
97.41263256376082,97.38060872554917
96.41008693557485,96.3930626688291
97.885920531082,97.83216285547347
96.49115671807664,96.46569304524148
98.4663254757791,98.43198934671635
100.8673481339344,100.83751974487032
100.60994002958554,100.60240307028856
97.8821009391686,97.87254132773805
100.89713194683047,100.8907676683628
97.27385848107788,97.220805072034
100.28918230048163,100.27728675847742
97.16036286606081,97.12178636702272
96.04672137934564,95.99960140089047
98.15850933597385,98.13828832844916
98.71301275662623,98.70186504689256
97.28889390478666,97.27585831596086
96.51862244479777,96.49951916032468
97.49316259122536,97.43914477801187
97.37556616103967,97.35962050991795
99.36314498674712,99.35909218283945
97.28704306233878,97.20505043374587
99.42952805419657,99.42033298311631
95.55306852382085,95.5119577377686
101.46264161601654,101.45750215018582
99.2049753331367,99.17186547817937
98.49328582406892,98.48436225570653
98.65480552658195,98.61995715975254
98.59527309375352,98.56290885999151
98.03715969845857,98.0149437770864
97.79336457170601,97.77380535365698
94.73818578732829,94.67162045818988
97.35168195488977,97.33898695445401
99.04288042248103,99.03262711598734
96.79022181193135,96.75701759870154
96.86457886691109,96.83284949216537
100.12091049491275,100.11093345590662
99.98701087570369,99.97719905254772
94.67857682636095,94.64711135989552
98.09656873607636,98.0898461207986
98.69242682428917,98.6359323151439
98.82036223592648,98.81447121329491
97.48885882941782,97.4592826465602
98.4798946328736,98.47065492815345
97.79271401184005,97.77025310831323
97.9181308899483,97.90958183024469
99.08264694811814,99.05401269272221
94.25495004575188,94.21786242009198
96.36064166141142,96.31951776824877
98.39847499321431,98.36012465681505
97.92491430443468,97.91918728212795
99.68137937386949,99.66874509319517
95.74400740616011,95.69575173922613
96.7563346212441,96.72240367154178
99.1866519728691,99.1749839802399
96.60027709747172,96.53747928303642
94.19831853249339,94.13184045905007
97.53644749648208,97.50337293278757
97.90755176943905,97.89144213892637
94.72947060251596,94.69316279816725
99.05241782713492,99.04353979696278
98.22833911984031,98.2079997503393
100.98525443013365,100.98179551168433
98.40063741701934,98.38912416300391
95.82454573133803,95.76895221008994
97.97966778655633,97.96894941136928
97.92976306433462,97.88186382092131
96.27600877640512,96.21224530572536
94.37229700893602,94.34090380466648
98.10481760686228,98.09645937843912
102.74769994142447,102.74070850928582
97.74224654646248,97.73058462828428
96.73322864845832,96.70388976026541
96.95270900317672,96.93597166916929
98.10234079211953,98.08482158995606
98.20433263128761,98.1880970214783
99.14542248839425,99.13491734536629
97.87125600146004,97.85281652145142
100.52556873681863,100.5183419136949
100.3198666229779,100.311936130402
98.95213445292659,98.9428243255868
97.45363301533531,97.42233916346552
95.26831295182583,95.16698517062473
99.01628748712699,99.00930251958935
97.65039203170026,97.63750599794089
96.07770153747155,96.04639736909336
98.41558056836908,98.381645601409
97.7660554229778,97.75113744978705
98.22503352774193,98.1996629039534
97.9098005270827,97.899184371096
99.10307636442205,99.07691691748303
96.65280588475726,96.62297823908291
96.65572582226254,96.59746293842277
98.2130660853243,98.17750030459774
97.86794765098098,97.85911112715021
96.30104711506486,96.24018771980955
100.37501812682216,100.36953807265539
97.85140185031165,97.74619498311735
97.52638921909646,97.5076298413471
98.65169528208598,98.62294199110762
98.20275567293062,98.15676110023585
97.41987391756948,97.39464458240643
96.8403049379315,96.82127256882482
100.77478400406831,100.7439232613675
97.2485392041912,97.21161702916415
98.08316443750384,98.07366934830523
97.48969791537475,97.48121281676337
97.93452018696142,97.92022935986915
94.63950202363615,94.54111942362977
99.26286098328691,99.24250585901729
97.39949613545345,97.37030626692643
97.14554532572491,97.13092722945144
96.41898947276917,96.39278061766524
100.34239553361033,100.33778685253282
100.48028536617541,100.47686375160698
96.83575157389996,96.77868794803783
97.47730745146762,97.44382580021524
97.18571203928563,97.16282816877907
96.75071431977499,96.73809514127659
95.76997097474623,95.71772834351152
99.81705634763462,99.81414081306966
97.49054873106809,97.46786329117745
98.40973586474175,98.39811638564288
99.9274823594593,99.92488797197115
99.30523459056084,99.29945597016417
96.89894244855991,96.86284536277178
98.24428325868502,98.23715946777911
98.32841848520647,98.31276929685995
94.87777305151857,94.80329936579918
98.6264994792167,98.61215089023979
95.37901302305265,95.30932386615386
96.03500879815743,95.96966949687759
96.33412051514732,96.30247118545513
97.26457893614607,97.23747896237266
97.79742252926049,97.7769766826561
97.13392245226801,97.07061125755415
97.7644277912105,97.74060667281773
95.95094063716442,95.81200585487406
96.02087612479512,95.98109597423532
99.23441708147506,99.22047539388889
99.52610810128162,99.51610131737306
94.736908547448,94.644061510191
95.54231319791603,95.48728129615033
100.21129598545349,100.2030268646117
97.91858170975898,97.89940854889605
94.54444706365575,94.48634085413025
99.04588669066021,99.03439994475637
99.52110371208286,99.51706377927555
99.26306274438923,99.22972440257058
103.28086970624992,103.27144201349422
97.93311986690107,97.92019765161298
97.51294856931798,97.46851655274774
97.88066760711945,97.87062300321804
97.7523422881711,97.7100277340702
102.37553323934742,102.33826558330756
95.14808617032355,95.06785391737262
97.63670231289963,97.5956010683544
96.77552475236168,96.73532398913792
96.35866430879416,96.32014195134771
97.82093416022016,97.81196452778113
98.41834803998114,98.41104441615171
95.44670744567107,95.40669647559022
101.04138971982931,101.03779136268878
99.59684127385444,99.58241120674595
100.51454604509378,100.49641686352136
99.10889892100074,99.10621475664331
99.37705396391543,99.37168559490051
97.81200050118287,97.80203686814518
97.04145942361056,96.98545619567149
96.63977546353614,96.6050175357535
96.46612865653132,96.44434589181319
97.58611500284171,97.56289781655036
98.14148580972764,98.12783788996317
100.65910746457513,100.6336000685414
97.52579378850771,97.49817881714515
99.82229322941639,99.81178763533568
98.12387430844834,98.10006553517887
99.6015154431311,99.59410125806819
99.93261345266558,99.91736861965879
97.52770838686403,97.51497403022961
99.05578877195134,99.04413622415656
97.62445892124906,97.59743388307191
100.0841895055157,100.07725606194748
99.85691055235486,99.85212280578297
99.56606148625906,99.56182719450098
96.90350271200586,96.89000224052052
100.19745266232842,100.18417592384264
96.90429014284908,96.87306838087555
101.23414676039465,101.22788031274949
98.11002065056233,98.09759662396227
96.90826871532384,96.87488838755365
96.57723419424823,96.54334697861242
99.4970010902112,99.488589890588
100.05956951969257,100.05010233119324
96.02604576827588,95.96102934200522
98.45223267142599,98.4198756739391
94.55718676656652,94.49264741597959
98.32661929418472,98.31094912073414
98.04405986635203,98.03492104841898
95.86022088496748,95.8007269269052
99.87432974618812,99.84874087310371
97.9294983804641,97.91132065257966
98.31332401807985,98.26856716140476
99.80547945507313,99.7994031692729
95.34979800694249,95.3319083653826
98.07218324572575,98.0300326162633
99.17392365804064,99.16776345505471
97.62791056296022,97.59232801557681
98.04758242796883,98.03573576194866
97.72424101247972,97.66277913758437
98.78845643257125,98.77363232825915
98.28904207138503,98.26216500102491
100.18890365082969,100.18598223266727
96.76069643626123,96.7201317333375
98.24165959090648,98.22361947043342
96.75186011198943,96.70962633771198
94.38417174399406,94.30338845778337
95.6340519085214,95.57163607618875
96.48128991292268,96.45613272856312
99.52002310984125,99.5084735592196
96.83971927016893,96.79784134286038
97.73384074334848,97.69602474777875
98.9458521442079,98.94061411296641
98.24244225647462,98.23699931606282
100.79565726464543,100.79008945797024
100.56742521677101,100.56098958712755
98.09454874440124,98.08569161754983
97.6510760195718,97.61229801527163
97.03873420367913,97.00335544139195
98.65353596360214,98.64371775550583
96.52096942918308,96.45918979789185
99.32936714767115,99.31805987700037
96.29602266545855,96.26373283511
99.38589677656957,99.37791800280375
98.76378837368782,98.72254238589325
100.58571100214769,100.57779018849085
98.88568172532734,98.87571334020637
100.54359319292259,100.53926613028788
96.46934955186627,96.41283689996548
98.95385930113075,98.9272820436728
99.77653017435141,99.75761530107526
97.1069144916012,97.07024924811509
97.8981309649166,97.88809836089686
95.06642215177273,95.01933628993197
99.13175555809651,99.12424503022785
97.86283702315508,97.84149619926345
96.73810411433853,96.71803648704334
97.25441892756344,97.20164009020263
97.93553853949781,97.92360423315014
96.420128204709,96.39445168757118
96.27974978408201,96.24672615066103
96.01594997831582,95.9433257040049
99.44616185709383,99.43187604464413
100.496663866367,100.48705681049249
93.85058666383037,93.81605549439263
101.64718851628837,101.63127232891738
97.25882468498553,97.23726088297838
98.20241621737172,98.193309173983
94.33093737034878,94.23556197919777
100.06199580172469,100.05947528555593
98.54139720046183,98.5290698690224
100.5526610305232,100.54019787674233
97.33215754193499,97.32087414476798
100.43349140083416,100.4110430377492
98.83065212950312,98.81610380772645
99.79956455827646,99.78659314133297
99.74981898576702,99.7436717269384
98.32592884177075,98.31644876263276
98.35738317227234,98.30697060328201
97.38256839624441,97.37207356564512
95.61737188526976,95.55373705767946
97.24217276702049,97.19911552518346
97.43908315700124,97.41760642436017
98.88259785445457,98.87562338290833
98.64573121411034,98.61522159095429
99.54951659517631,99.5452678224809
99.23665841220877,99.22793869662036
97.59408946028304,97.57858476973466
101.53285474652766,101.50480530415885
94.67001447662538,94.57887644501386
101.33092686111726,101.32780537840267
98.37562857586768,98.36321389968109
99.81423342884331,99.8117479579558
99.6097100487543,99.56671328857688
94.15266260123335,94.07975012796899
95.22819692856795,95.19875351169273
97.26633727389373,97.24559243105716
99.50748617812015,99.50369313558198
96.72016891740915,96.68490962152468
96.772973571092,96.74501060473132
99.39752516007903,99.37805074957785
97.10959755293176,97.08273904443448
94.72667483944426,94.64279950099858
98.65344924921854,98.63492455830081
97.49823597608643,97.48414038679269
98.78220270447622,98.75784686876376
98.80897253886542,98.79583243801923
97.27686221104804,97.26702919845484
97.67296368279675,97.66312859468314
100.56037200750579,100.5536638399944
99.39066158112726,99.37841789440407
98.05146677804696,98.03815377532986
98.40520549409453,98.37073005057015
98.65568944214094,98.64186706932053
101.86569296031817,101.85406369533418
99.69142780294446,99.68402314810335
98.33054951115419,98.31839167448041
100.30622551934532,100.28870491239941
96.50864142846562,96.47757254636828
99.13024795214669,99.12056450852856
96.29058818318109,96.2519860195348
98.08883100276192,98.06863456149729
97.3409364209113,97.3097451832325
98.6757049988128,98.63810235243605
99.03703448684668,99.02575924029362
96.68949470553042,96.64801768190824
98.83393258828383,98.81723529576772
102.14242253240216,102.13058345483807
103.33968177322335,103.27100188393
99.73961878120254,99.73597460819101
99.32138119262794,99.31688552999668
95.91261649864056,95.85836119541095
100.37283500137409,100.36874938920705
98.57444532452323,98.55117326477666
97.93728497291099,97.89233207001712
99.16618288573846,99.140120411918
98.93968770288213,98.91718867174588
97.65914149599243,97.6250886219394
96.08696671274141,96.01470032711822
99.40536119709482,99.3887433758243
99.62490167680016,99.62009287914178
100.34910696912439,100.3404330673755
96.1237324948128,96.08952232916015
98.55034964335724,98.54271044508792
98.8717148039898,98.85895707295629
99.22386622593156,99.21982980384736
97.7074044341685,97.68863109306736
99.59656894859314,99.59172750893103
95.20243846366553,95.12716550665398
101.40681289095637,101.39155037572634
96.6885392014308,96.64324925782965
99.39852900499676,99.39090900805621
98.84874163569883,98.84092317050556
98.10341383592154,98.05269423405261
100.6363929860812,100.61393279022738
98.15301116682363,98.15039687828555
98.94979415668188,98.94167387043927
98.76614258162648,98.75808585955488
96.78666629588083,96.75420255750795
98.39536921603798,98.38881916441944
95.77457538807559,95.71675103559664
97.7346558540534,97.70171418891668
99.63821811828392,99.63057554101323
100.31701572334958,100.30905117472092
99.51077334629575,99.50908321164606
101.26245775073345,101.25815675818149
96.40723433302298,96.37745853686992
96.98463891715517,96.94919875049266
96.95248370820987,96.91022828655389
98.1734000984906,98.16362892469421
99.26363149803315,99.25939431928936
95.4257098765279,95.39708080977259
97.50398740134237,97.48336530667765
96.54043319382208,96.46006001189666
96.68014706708884,96.65572908452774
95.20721815991179,95.15509777151672
96.43725164614801,96.40883959103695
94.5375662814782,94.48396870074299
98.43552370486448,98.39333025763031
97.47600783823265,97.44100593967029
96.51873159685448,96.49499306120822
97.31344449988428,97.3014541368572
96.43815593766163,96.40526075437708
96.5644590679389,96.50957566124885
98.5964018743565,98.59142669666971
95.73538626781594,95.7136722435819
100.44936554716031,100.44018765446212
95.8550631591984,95.82417480196669
98.56117192956707,98.54958067527765
98.40790086419041,98.39463224474349
99.38246792893331,99.37520703599262
98.80485146160554,98.791920836084
98.02091201347619,97.972342170908
98.22195179585725,98.20735518753541
93.79844176537252,93.66635014373703
97.43406437731734,97.4136256408447
96.54829339670108,96.5174623869791
97.82923696575743,97.81644833806877
97.53469045713507,97.52436557532015
97.68118920385285,97.65363536360445
98.76888415452942,98.75996655697463
99.58027334981885,99.56974465071711
