P_twap,P_usd
94.39162783257501,94.31456636724252
106.13740899269897,106.05359530243153
109.22056036747551,108.66104688109846
98.45643423616526,98.33071510121457
110.49680842302702,110.11945564591319
102.19317821694682,101.93328656471442
92.66941623751036,92.4909394792729
95.96078610903255,95.7711402969714
96.22236131686927,95.9899625196614
102.3765993062606,102.32786658515622
100.33328404157592,100.19590252018926
99.54463374854758,99.45125726116962
92.4090193805414,92.32263311894417
96.73026262914878,96.60869584029803
95.24846753709822,95.15618721447919
102.53819283141833,102.43091328387364
99.1818034409376,99.07543577687824
106.9871310384908,106.64341168407545
104.20046942714383,104.17146435508734
98.26365121704022,98.1712583375154
102.90297626238386,102.79781952726151
99.7834379049285,99.7132537774087
93.67344066811826,93.48532740077071
87.85022513414864,87.66969074666672
93.1888920035535,93.11885984261495
94.64650049796496,94.59603063789653
99.54065128817358,99.46951999115647
99.09436054742086,98.93359113735946
105.30600289448688,105.23311930688423
96.12410094581277,96.03062615074349
95.43805275832139,95.06603269134021
97.84293404161559,97.70429691022983
106.02125103319581,105.70669937857576
104.34363380517165,104.15653650640225
101.03236208400236,100.93772442561635
100.7666240506113,100.67912073511833
100.56750770772933,100.49060035985964
108.44682299603195,108.22923417512283
95.89134796053362,95.802728560275
105.86244639635541,105.78437539206054
94.30551583176606,94.1671818341405
95.97994413923328,95.8957100855352
99.12869393628976,99.10459428455768
89.19996078868822,88.89338913249186
95.49583443555929,95.4357940708985
95.19328103398252,95.15811925501716
100.02009837999204,99.68004382639671
96.02285609520713,95.92708687027975
105.6617329974601,105.49868796937272
100.11617064136408,100.09595530992375
89.9449347425759,89.79825748009993
105.97939287727267,105.66639505487304
104.79428138378698,104.73543949456234
94.09508616866697,93.98223866905312
98.90528956866645,98.80833041916459
95.42160660121516,95.36241580712412
102.2986728575041,102.21545802550074
88.32976767651404,88.09833223163035
93.9043100666693,93.73597246210286
110.02830679140375,109.94681313603438
103.00302209395059,102.97592714183665
110.094918445232,109.9606250571307
96.65187659079471,96.49220830048385
93.67214810761693,93.56792649381605
90.58144208153904,90.49746742582275
107.00683058403983,106.87815794340517
98.3405198598038,98.3017447817595
102.71819735503225,102.69645541473864
96.92391065467493,96.7857223019753
96.03827844946144,95.87182246940523
94.10147508904072,93.52149804677768
108.01343557982489,107.57534570795055
99.11112177948544,98.9968792162121
91.78334239559192,91.63731458007646
110.19715111605254,109.73524673704199
98.7954403372949,98.73926789564467
100.15496805186649,100.09260110358069
100.41713221267155,100.35937443490555
93.2410237144097,93.06227326847478
95.3454121524796,95.27969709034983
102.49213838664029,102.42170049086337
103.1441886976967,103.06920478111061
85.33281606648023,84.6446871022552
93.9631817679742,93.64940910986441
103.39767228112929,103.34574415032903
98.26655819497486,98.23811551348427
92.56566090369209,92.54280678540715
97.00430592518693,96.92670259820885
96.12900988220787,96.09154665156483
94.41092592859954,94.33441947761722
92.04592604430218,91.90738265683399
98.28221207335922,98.05417162296197
101.38305685375292,101.27799106013242
96.17652462585191,96.1045262152224
94.86865577210406,94.84563155121707
101.6419383465405,101.59118735345054
101.27806472003007,101.24064191481366
104.16071989852628,104.09268328019724
96.7876764753506,96.52920974861445
93.56445593374285,93.40979217922616
102.6905094223848,102.60782369122948
98.63735508018588,98.59811481783575
92.04869269608979,91.80314463519552
88.35902538068845,88.0738997600446
99.1296516624152,99.05543323691909
98.30377435324073,98.26178009178486
106.04713492627128,105.96923509561506
93.22232625767839,93.09676738286625
105.54983733224748,105.23139268019234
107.97963542531443,107.87224691394917
94.93282518476643,94.86551462502472
97.97691990464223,97.9210435364492
93.21076963144922,93.16262068844591
98.21470171964027,98.16056350518595
108.10757184721795,107.95037916382326
99.00675716685971,98.92197014192367
90.73246133478817,90.49172121181154
95.38144359808666,95.17649247379396
91.96881941192696,91.89230450922328
96.53452315089557,96.39049354427968
103.81648413588705,103.74436167661223
112.84870305226987,112.44975216806623
102.30788332662888,102.20176957738828
104.94732960103804,104.893952401284
93.77930263922923,93.64376893551123
105.75927516509462,105.69104240911498
94.01122907286903,93.91609292359571
104.27892250308807,104.21002477551775
111.03655644997959,110.75678251000626
100.44826199084608,100.40223967581818
105.97455508281095,105.80519006079753
104.68069264175284,104.6050236474833
100.38706336105047,100.34621479690732
94.42755631546744,94.37979195476788
96.37645569852906,96.32278800893405
97.62249791273962,97.59014987831692
99.86837197590478,99.8265834382881
97.57468166023641,97.51143539897099
94.86109790428303,94.72237590813634
109.68755195049285,109.33872065027082
97.968385223673,97.92404120642526
104.05409529957532,103.9203970189848
110.84984193961054,110.44904316244019
98.76667959641078,98.73031331859056
98.82260020615546,98.73568245278598
101.67843610820375,101.44627867172046
104.19939365240721,104.08321677997104
100.23540633498942,100.03035796393365
95.50305305594574,95.39287468312573
92.70847596986981,92.4569963328341
95.4774364433868,95.43129667751329
96.29982221095148,96.1914321891208
98.24108060350622,98.17184363716
98.72225240533025,98.65442427298501
102.52825244026539,102.47322646969201
95.15756874154361,95.07659977073794
113.90687717781337,113.69374394424648
108.03024564032066,107.93103537900502
105.54497509843804,105.35493310549255
115.05683037858009,114.71514502881226
83.55571705882193,82.79420989447964
97.53461850885923,97.31284783669867
103.41530188311174,103.36963728088261
95.9026414934469,95.80938107208824
89.77767813357669,89.49454760839369
99.1550799433437,99.00456710955835
86.83098360445915,86.55371941505122
102.5866386273627,102.4892651607935
104.64432974826168,104.52207464239396
95.09579739997984,95.01171297703841
94.41419514552403,94.35471337353376
98.41072801021605,98.32395468890356
95.19966068722255,95.10030442405994
93.60900612026461,93.51508124055852
98.05485138953344,97.84433377076516
97.15484375988989,97.07880621607883
92.83519520933716,92.42670643908794
103.50623997095616,103.46735976517337
93.63016191047747,93.45933254161639
95.49274219128587,95.4148091983489
99.50322880447716,99.44962035989592
101.76637827699057,101.71715678986031
99.20359550529366,99.1720358004081
96.23588496032268,96.17159836458461
95.6849213300007,95.61252496670357
112.34289410797408,112.21899410168437
103.6535908496513,103.50691636992646
89.62513499438843,89.4228504758357
96.41519677348484,96.29226741945565
89.66243053160933,89.2382769720828
104.18369434862066,104.13625134072011
96.8793926677309,96.75973835747008
99.29277210908263,99.25868271344721
102.91252659201763,102.84289126711583
103.51737190428653,103.4850100729186
100.62341416138014,100.5515341523014
95.88286482972055,95.81069564813676
94.15039759542218,93.9903962640329
98.02193520154275,97.8888331129884
95.90274478807807,95.80628174093887
99.88828922573188,99.820980283459
101.45317757575471,101.35783654545774
99.93157163417204,99.87160332207246
97.06588742015683,96.79432487513101
99.82671494944009,99.71977767961188
94.05512859853681,93.94057815464255
97.46819447097857,97.42192777636765
102.16362832549457,102.1366684658893
104.12207312278935,104.07366129309821
105.8122256034135,105.6994227087221
105.71043862898921,105.62209931280806
105.2932100680451,105.12406558545929
92.87322667512224,92.4695263504207
99.72663649805583,99.64898767320733
100.73067358003824,100.6150811779822
99.26991950097573,99.23554056502897
94.40682172352444,94.31004227572414
92.85123586660808,92.7971200364148
98.75234637215499,98.64595211755964
99.24939849116352,99.18453487990378
101.62996047104227,101.54989252065835
94.72343216110079,94.64442479234755
97.16945440550894,97.12478520525704
93.66372380335415,93.45110706738353
91.65728822269399,91.56922221772815
100.66744835828375,100.63233012131776
89.62937228089012,89.25539547664582
97.99539468769485,97.91189320074191
97.17700514526565,96.955462096187
101.12204289464665,100.92998033890402
97.27715282771706,97.24251695602014
99.34071865493739,99.28523636934061
94.87485318831756,94.8197019038961
102.91580574755359,102.70352859884625
93.4415815146512,93.07527272828472
105.47669585232954,105.40188669266209
106.83479341091353,106.77632568278037
106.3420603960689,106.27304158465397
100.13780259804959,100.1065141464744
97.52113206647138,97.4745937179304
97.64213257481082,97.44509567349492
95.83548838645997,95.75614828652725
99.92108629317825,99.81440187553208
109.59465329330611,109.31075035205414
100.0576917625905,99.99108931679397
101.1157059146702,101.0591055422467
100.72545999627822,100.59012741267458
98.07492668208883,98.03568071652434
99.80632771596828,99.74879600836807
102.90125446899953,102.88178813877867
95.45227956901921,95.37060003944836
100.66862721630493,100.65293151783989
98.0083838459055,97.93524678388447
98.01665591958599,97.97364313545705
95.98687607853851,95.77205795757372
103.51259184961962,103.41844756846376
92.90826418072785,92.80346677335702
99.61384333354583,99.57247463443842
97.46607978598624,97.40710603338545
103.42404998753813,103.33703898862424
100.31222601592206,100.25836002651093
108.39032351363154,108.23925486216798
103.26289451061456,103.18427529803215
101.83039537917317,101.70368676894425
100.12394675737393,100.04276566806578
99.85796464251395,99.80743733721987
99.79497998931683,99.70049247231258
99.06321814028777,99.02851676175388
98.44341800330132,98.34986375795442
104.71980526725343,104.59504964401253
103.93124474611989,103.75921339953919
106.34921204811921,106.2260143429881
94.69693912433554,94.63962420872338
93.19520861805557,92.89455532960281
94.31924840530614,94.23245519984988
95.82707896065033,95.70303475594794
103.0910670059929,102.9511592818753
94.94590979873726,94.89137317086941
98.67744310026818,98.6480078893253
101.79659686459767,101.7495546478129
98.95519526700821,98.90925477750136
99.06250679439498,98.93876498845582
98.19147566063825,97.99128428892182
95.89211597800809,95.67231098225186
99.16178907146237,99.1147133666457
100.64657159820862,100.48660213088898
97.1964881647721,97.14138065600095
102.17202609084583,102.03882393009957
100.27617757179807,100.24317583512317
101.11145761126784,100.88975842297566
99.6513557355433,99.55448358112216
102.64366547206268,102.55827737926207
102.10477775046803,102.0790121298885
101.95796469465321,101.9030420217957
104.00757590168821,103.95948455872797
90.80233746398018,90.3930901175217
104.4315822272769,104.38933957340544
107.49700068950861,107.4237468034716
99.86789269465692,99.82505115909099
100.57434842827627,100.37395501162239
101.16009870159114,101.10186449311826
93.71588634401522,93.6537217929391
106.23673738848433,106.1664784611106
94.58979134612952,94.40641219502716
101.24510906133008,101.12667251368362
98.62360943531809,98.52976647032932
110.06120096406589,109.78237136989367
89.49013322982444,89.16860522534404
99.6321519790924,99.58829347569161
91.9529822689125,91.63986223144612
100.01420614981426,99.93008178097696
108.34728757863202,107.69433369942448
100.32152457987196,99.97758475160634
98.0020594334497,97.97827363784421
98.06236111850147,98.03779184696974
96.46746714036607,96.35122532456752
99.26109612017348,99.23711018198551
101.42422004360334,101.36945097906649
99.88483598277408,99.71650422444549
106.87874243935295,106.79772823510284
91.93230034379567,91.77439090947435
96.41624089964347,96.32821868979397
101.44877985755585,101.2535425999809
104.5711797355789,104.18999037823949
97.76127674611625,97.7168348308991
92.37702262882485,91.963177460348
98.2501206934563,98.18859936142547
100.36742676925219,100.09558654286242
106.49601971073142,106.08423936568518
93.149554308602,93.02892840853569
104.15025347744084,104.1346563777635
100.1545041352691,100.1023250248572
103.61493176275785,103.51698933554243
106.61225053490793,106.31111065944887
94.56871822609843,94.34442939457014
97.94271332773326,97.86439516819563
96.98989326677827,96.88358718639759
96.55115267091857,96.51399064082524
92.12003364137601,91.78112531590445
103.09397818171497,103.03861860790644
94.32698974344781,94.12004679887683
96.87026306425535,96.63898112837674
97.29340282816527,97.25036055790989
95.23700050503945,95.09880702307782
102.51913539478255,102.33593099703675
102.06140275961927,101.98766104724491
103.97058854516943,103.76053482086496
101.09021175576564,100.86005857798493
91.69021719229099,91.49161057887288
95.96640014346347,95.91276272116824
92.94153207275406,92.74741095774216
101.33640124344903,101.1312372364136
95.54298138631837,95.39489427637433
97.14826344259926,97.11492063161258
99.80489442846635,99.7855844077598
97.78828040147937,97.71369070138755
106.35956151494265,106.21506996249536
105.61778844999492,105.41520723664533
99.77498443347746,99.71954844112878
101.00277112043621,100.97783639851875
95.17758831110694,94.82980204381973
103.68287662024869,103.52262704435184
97.7046129651073,97.64155720656359
101.89164351622001,101.76451602754146
103.64280566178053,103.56344790130024
99.55633220448118,99.45549482344273
97.03705853919533,96.97331348749671
102.4114524914571,102.26463624434307
95.75904829065485,95.54139466083792
97.23420425136284,97.1560198410442
99.46895580381545,99.32266616943201
103.13367975320874,102.9340906371003
100.76556440912114,100.72895927763399
100.40722589630823,100.3206078405722
110.4272442098604,110.25151946818646
100.02861906124997,99.86628232674336
94.93663251593289,94.89995066964977
112.24241715161547,112.07543972660733
93.45642370995884,93.29872499698091
95.66776287044122,95.51102805645817
97.39173355020156,97.12574835228733
102.47617459651065,102.45331996398984
100.41190434856969,100.22797160222501
104.1359865501443,104.10237798790386
99.39715861561365,99.26711244778822
105.22681078169695,105.17016661612695
97.36312476446398,97.32671742884155
101.69221800653823,101.56134436933517
97.73572296021217,97.63708210086035
95.99751397046501,95.90200218211251
94.09845696982083,94.06884374607007
105.00001925568228,104.7242662161749
99.69600390676578,99.66252713638164
104.46534235196486,104.3846093276546
102.44802700961445,102.3703154123087
98.81058308918429,98.6100253949057
101.32973776696078,101.26721499879953
100.42496150651395,100.3203032048341
102.23223227002678,102.15666173249089
98.97225738353382,98.93563701727805
103.8097955682857,103.67521567316021
96.04145362011495,95.9796385178777
100.79794936644223,100.54819188732364
94.08274166081485,94.04806271860762
93.72830769977774,93.5606205290506
101.55379932754686,101.42080687720919
103.7585859700472,103.65144926695723
95.23782332412397,95.20885476340554
100.52982302144846,100.3323435178258
105.0391866061903,104.95192210091982
103.17828907757675,103.12825433602255
102.17605253647577,102.1509802870053
105.99037850060981,105.58700564271851
103.89072680013624,103.85168050637314
94.03339829113314,94.00048803395511
99.6382451687759,99.59832130080012
101.23485909106546,101.11369665336316
105.74314434615819,105.65147464036734
99.59011952073897,99.48242591747115
103.92125727695469,103.82370713398826
95.01888940623716,94.88040895802898
99.09813186349469,98.83281798364558
98.44729367375334,98.41403166207546
101.97521544465293,101.93209108712789
105.20988947937464,105.13230516210736
92.64492650150127,92.5328314339988
96.34921890925695,96.18874547401886
103.66644658582084,103.61598276843795
94.34790384058235,94.0663199934406
104.16960337005418,104.02305755799405
96.67572721934975,96.55577885269234
94.94564887214163,94.89727591069932
93.81662185815699,93.66864434384176
99.4649982499129,99.36482763781773
101.0049382691499,100.947383360659
99.59769981308918,99.56485568318882
103.61087226268629,103.59009437559666
105.63086317028707,105.48318304934568
98.9035747684942,98.86957326880326
100.41310053918109,100.33549552226805
94.79047694000974,94.31995376036075
98.47393064255306,98.20043019134852
94.15404068679535,94.08493571944166
100.14091974651488,100.1115213740865
111.37118732951083,111.136109100968
98.74437643308188,98.71574542309365
110.39621066556539,110.24162811306707
107.55990463662519,107.50782118063293
98.6034112783546,98.532369966148
99.70245708179839,99.5744535292442
94.40602918928853,94.25246479859379
99.05697820547002,99.02699241183925
99.1739782325937,99.13317488671646
96.27003460645217,96.18225402471646
95.16277854207216,95.09376201033537
98.734279977009,98.68527216428187
102.63795836672384,102.56543447904879
100.59289881422177,100.45552356378096
101.276597208094,101.23286660462531
102.94532992201489,102.89166369459299
93.17162535905008,93.09638667216099
98.65177662877936,98.60964506993483
95.73319086655283,95.70180244786037
95.74713793808652,95.68187810552514
106.44457582550716,106.24448957625587
93.53636659608134,93.2966031209888
99.55577649165862,99.51848113291626
92.29766978897524,92.2440586073441
98.19785504438782,98.09876433789387
101.49856208845976,101.39480807130329
102.88026783826199,102.8373498027496
103.0231014290367,102.86795574466218
90.06515264417845,89.85519065233308
103.23656639515548,103.14285540908398
94.93929855418355,94.89879101907148
93.75095318855497,93.69117392596722
97.93327683520957,97.85810626225059
90.51531060993184,90.0459687335595
92.32880668498643,92.2440048529349
97.14919148796645,97.05058438742128
119.61674937834971,118.48839824590024
95.38965445229202,95.3480922382858
104.23485706743159,104.16552721113145
97.516816895121,97.49607519945081
97.94300399037404,97.91005139936114
99.84924784684134,99.81923811091488
98.59609204125888,98.49237630090558
100.17039960809922,100.06482392997192
97.31807527878334,97.23384440799128
108.19614346234174,108.0548934631782
105.01893814660272,104.87835562909989
97.7886105115935,97.69504862724256
95.96402841390271,95.86339436623845
92.72337146860639,92.56682605048006
95.27289028238405,95.13379151975248
107.3081813970496,106.83786141013549
105.44561645785376,105.3201850942222
104.93846794958654,104.79535403785141
104.00408074452967,103.9802569372766
104.12394785857663,103.93880225055524
104.50146266274876,104.39421666480865
100.07656985153801,99.98851885728314
99.69369702566576,99.66861417515733
98.67309503755256,98.58083928318786
100.71825533926568,100.67748223690424
101.89656585545288,101.80060845926187
91.75176702090467,91.72525967230018
103.05622511649716,103.0263218041507
93.9840175117298,93.87926461353278
93.31533722687018,93.13577280042728
104.10646900588519,104.00828015754927
90.97204919275121,90.76912401931962
100.96214090994573,100.92996023374842
99.75873185080206,99.74029230762856
104.58447389905905,104.44469807801694
105.76064175885466,105.59289339977991
96.62550805895728,96.48823954901124
90.24255878764987,90.02881861563696
89.84878746729821,89.50862146237071
107.22580748025044,107.12069822032424
96.05444195011957,95.99842766129218
105.58798728614428,105.48004599978547
95.43731279385187,95.34015591381213
101.43131609334414,101.27863920678014
102.97030837825525,102.87036624231534
94.70472172157162,94.64342741446136
103.5292156799819,103.4659443303371
101.82393150775353,101.73876825923519
95.5395604046229,95.48173848020113
105.34258840905855,105.21086971666625
105.9227324685801,105.69974575666994
106.20624424179645,106.04131607869323
100.8796612288884,100.74377881671515
98.38220826207618,98.2776308008507
94.7465024418849,94.60541894118388
98.63744482285276,98.4549538206672
97.41664475830117,97.33992576636133
109.47266752300325,109.29050704215015
91.90562222847261,91.43073488408521
97.55603961703368,97.36642476466751
106.77522734266873,106.59688576229708
94.82668431075453,94.7581448566259
99.5911055376303,99.57039998598945
100.88635325619829,100.83276014592468
98.59243178800241,98.34816560643804
93.50897114562349,93.44664039235809
98.08576891494387,98.03762291916435
94.23861940342678,94.20154374075989
103.35676656299414,103.31274053781553
95.77624662720284,95.66336350712218
94.74429100883326,94.60346495056031
103.89787041232202,103.8529261797843
108.29344367251387,107.90068036893253
100.4020929637209,100.35150770400931
100.23564256372137,100.20906391551716
92.89313074662074,92.78265469470439
99.843145148321,99.81100337393002
86.44427522480245,86.18870015235329
101.23531776518548,101.19889324713161
97.09267087600371,97.0557662506159
90.16734721079118,90.0543295404159
88.8817073897812,88.70279593556057
100.7455412408271,100.71410999389592
93.3996883556523,93.27546759495637
101.33020168916426,101.21500512926751
99.17824026334156,99.15640204264426
95.78962550342281,95.7043173330495
95.19045885410324,95.106286996633
97.34700151278918,97.23282003788113
97.85915432728937,97.80131906583209
107.6432977059174,107.56542619052755
90.77681713300466,90.64048672155063
103.08829048526277,102.98734287230937
99.08051534341782,98.69172016055835
105.61457596646785,105.29798416444442
90.3746656686452,90.07999518825214
102.62827052294843,102.58553212247215
103.9479531120706,103.90785415000782
108.2832018925799,107.93320525337292
99.25331032539829,99.23931296205002
101.3533216280302,101.33023125091482
92.29002373569283,92.17983040388856
106.30598549285891,106.18475235835098
106.38300943406713,106.25877976500476
106.31817911825067,106.21407046457212
108.49310792666118,108.25254864726284
95.13704643011357,95.06600575412695
105.5777450094071,105.46916353263532
95.33571173276792,95.14051002359076
89.229859946915,88.9391201415134
100.35789499907538,100.30926514614293
89.49263173659723,89.37623628176735
88.82131888505266,87.97618238893662
96.84286681563576,96.80100994868852
96.95425959364007,96.88977895284431
94.59233245361007,94.52945816514188
103.23923809418777,103.09673546324198
103.16630393141259,103.09972698223623
91.39981765793561,91.0883392640021
96.22163597390094,96.17789888309883
91.7481381197432,91.4213379182692
92.41979854734274,92.27178798514385
103.45978586391988,103.2692262303435
102.27155392117302,102.18689852807786
93.54010735139693,93.4461262946536
94.60400312064161,94.18196842414754
94.37362758550506,94.2968225108675
103.56578398260721,103.49405598471995
92.85727580976568,92.70768294288072
101.31754356186813,101.25575106146736
106.42347240176451,106.22160857621301
97.16740085284873,97.07880044423119
96.92114615706973,96.85359429606716
95.4241595883246,95.24947476714378
108.31492342813144,108.13981135256682
104.09877077803327,104.04551499373812
109.40312206967768,109.18985599904497
98.91237393908858,98.826214939295
93.02638573463993,92.97043268572963
90.82231952880821,90.6916279407338
95.40157063324544,95.28207172975608
104.6637073824842,104.58868824603157
87.4461857019612,87.13008064385718
97.27143949360755,97.23255679891165
105.43897785407665,105.33153608828108
105.33099501325358,105.26434813387105
95.50865953648834,95.38215664083137
93.21948838002274,93.1352097848625
100.7525424483401,100.70215545643609
89.50479445679144,89.26860057780435
112.95200001142013,111.89022383657482
90.11216856816108,89.70085364779663
88.13027388981187,87.60813897072057
93.86035815260479,93.6412679843855
102.37016356511342,102.34183507889291
100.92647172524667,100.85993344525231
98.31255869486564,98.22859351984975
104.23694606159472,104.15570293904794
98.48323542104494,98.45779880326407
100.66778594126222,100.64504297955175
106.66662798513116,106.57505015226448
95.62292936024843,95.53284410938194
103.40410241788925,103.3809958471188
103.8372502115379,103.73905181243384
96.36294500859934,96.3027036644468
98.54273980374818,98.50574995145806
111.3700017842354,111.1325524469013
96.61000585516715,96.48740050895871
105.21793357095405,105.05638131003336
101.79031325783349,101.75941083954595
96.01068209105166,95.93248890188077
96.23525660804907,96.07846131449172
103.56313048667589,103.39360435096204
98.73956174266446,98.65112549495977
93.05030065416734,92.94079059158547
98.55391315555609,98.54523779476186
94.37719457585588,94.26924789232922
98.4703694741398,98.37639776791526
104.68455530062909,104.40019034288618
96.8247654034381,96.7369167459797
101.55475999672394,101.43572748769303
100.40182810700888,99.96796510153577
100.87583408854775,100.83949944015914
95.09040086210018,95.0244643801213
97.53936916898894,97.49255966156711
102.4560336770934,102.05876219692509
97.96523997406041,97.89951519921362
94.49883217953439,94.29281372192612
101.35868894385649,101.21874149104562
106.4451837229764,106.22469736110499
105.98383768950069,105.92106975759624
98.4876078767355,98.46116921129696
97.02645495878592,96.76792062540883
94.62746177239129,94.54364481694166
91.39549105653778,91.2143831865297
99.52128467008527,99.48758759209107
98.699820208657,98.67257962126918
103.41667045659285,103.19574992576703
113.30020828029066,112.94086353709291
102.3861071665448,102.33057480120956
104.26039978868896,104.17325759665819
97.0319156320628,96.93609821346877
106.54865470645927,106.43345373757164
107.16051115138087,107.03160624746883
95.44361569263873,95.32057623425153
98.26032955627551,98.16231327529353
103.11395899703263,103.04166344443126
107.53679849311565,107.38729451332584
94.4256650358358,94.3281505650623
97.43522748351968,97.36021259224103
106.40602918641962,106.37492904368911
98.07972754891262,98.0275124576107
108.83287006689808,108.63897552037895
106.87620118545803,106.8431033543778
102.64674690463742,102.49474274239422
94.28221622808705,94.22921913741327
92.9400329105243,92.83964136071546
98.2247724712534,98.09577627599988
95.25019317000707,95.05884282924102
100.45240164138951,100.39355615172627
106.17400821711607,106.11808905225324
101.55456637899704,101.48800320270996
112.08900304266001,111.86464232426134
97.73664331007052,97.65644097868716
101.4296656623262,101.3814334674597
100.75352263232088,100.65272482616402
97.9771118153672,97.90245251011808
97.19558693493413,97.02396563433189
108.38857468355525,108.14164588187042
98.49794749684155,98.1498531786569
98.56237487359465,98.48052525207686
97.845069052514,97.72780606557217
97.58755664164867,97.55985922117422
97.51516813971016,97.4386942244166
95.34794968751028,95.25921375880186
99.86051846332207,99.83552587329358
97.98719056615651,97.83576295395571
92.4668811846179,91.82766924352114
100.50397067374124,100.47919045299213
95.5714832112572,95.53744804610363
96.42688192448773,96.3727061040008
105.57298627009509,105.4614910379374
106.7834283155004,106.63841377515621
100.53755172443223,100.45411596181246
105.50800033661567,105.3279759176185
110.69863659474827,110.40011113992512
100.93804949262132,100.82270790868849
113.65016151422599,113.3070840100692
100.79516092254164,100.75177003200879
107.26184235271667,107.16240071588268
97.31642823731761,97.2670324500852
97.04731398936366,96.9929877253037
101.62360542784458,101.5548539137687
100.30969796656136,100.0394745466888
105.30031071922188,105.25262547409733
96.17717071307365,96.12467251368606
94.51859461667145,94.40784973211514
101.06085423692969,100.95726787453985
105.87610005875712,105.80972665451266
106.5395197692035,106.40209552612826
101.44874118083702,101.37419094971524
102.86110584784369,102.79452652663126
95.96658530797177,95.65721765053665
103.57720314226975,103.4982733848466
100.0492026933446,100.03130383091488
100.20200978139445,100.09814806643784
97.5939779036436,97.57074422660962
87.82560228470089,87.43197156621522
102.57174699428182,102.548564307535
100.2262084211289,100.15755787399745
94.69940274139535,94.6270525029036
91.07840759535033,90.96333032020577
93.76308596985318,93.45665081150337
95.00914432681118,94.94603251541956
99.02775366433822,98.9239570723918
92.94573549692342,92.75798227756397
104.98942823809253,104.73294783905907
95.06025077759179,94.78699069422699
95.93672838862084,95.83858183943966
89.51692602103985,89.09435053091956
103.26927246167615,103.11588801369396
92.22706633184345,91.98691445149818
104.39986413994467,104.32249665993223
91.96050511968191,91.9263236609908
95.426096249323,95.380949656619
95.71601202318226,95.61490761476163
97.4735720095199,97.43131205013844
101.71864563900313,101.69814517781326
95.26239687133389,95.13909593581214
96.97192106330306,96.83767908225724
95.38987478135124,95.31773892568243
95.85705431397669,95.73584225428
101.51167894142563,101.27678251404642
105.32217850259832,105.20287482030447
101.9681996104989,101.88597284423221
95.4163787044252,95.34978706178337
95.17163298219113,95.14736039369164
106.20048996196289,106.0681032569116
105.14502197952784,104.96642360397794
97.53972192955345,97.51043119967234
96.0151082967945,95.8525650409103
94.03530743727246,93.75832706158111
99.47221333233682,99.42129690342477
102.11658901612282,102.07712110707891
95.86364617794669,95.80326560990737
91.92382007674931,91.75938057304879
106.18097518556664,106.02642238205725
93.26176508487507,92.9225038424659
105.59305106398546,105.51141548326544
91.0040783115875,90.92151766716842
86.85238250897271,85.83837307892999
95.65128536499178,95.39878320498487
97.73620749939587,97.62057328848822
98.8437576423507,98.80013697549568
102.50216136837642,102.46300725612781
105.55547688042212,105.33895004444913
83.54098141487636,83.30619784484668
102.39586173160723,102.26200078177838
105.48577495876557,105.34922252478233
95.29670045696555,95.23678476634494
101.11301212432703,101.02286032407272
96.32113912897243,96.22626913345911
103.90900090513487,103.86302043201353
100.27446262311643,100.22237040400995
109.4707329036071,109.25271471158254
103.82260233789479,103.70114734070746
98.57069012357191,98.51282872576232
96.95702431894583,96.93404532099422
106.43248012000069,106.28416552081892
121.52814846302572,120.69102693547946
97.43449465297012,97.33665231206251
94.65814182946008,94.50448444558285
96.3118210880952,96.2426143891239
89.74519149268741,89.43479221197335
94.04619053884952,93.91525997751528
88.89649983312901,88.7481574395702
104.1992867045523,104.17525490642406
102.27910517912782,102.16110648838965
94.82573436152738,94.75662061468049
91.8542021068659,91.8089107180051
101.29508355543027,101.24625245213578
100.41704361891111,100.33958744948274
99.89494166672368,99.84051721324076
104.52364561104288,104.46388740194477
96.3335221803942,96.30577900821595
94.52043704721811,94.30209615515425
93.30343188512482,92.82373387864278
97.81565851703597,97.72498320810101
95.97346720739377,95.90579199125177
101.15255582147505,101.07006032221548
99.76657374503448,99.59570472067269
100.95760072650273,100.92243049991922
99.32428903601419,99.1308768300816
103.37656607147206,103.18935231963145
96.60375038678445,96.53237822092379
93.38827605931336,93.27069625408495
102.78635327457992,102.72952242894988
94.83826943859268,94.75401497720483
106.81181390380226,106.69188041385414
97.13220366728964,97.09219338629273
97.35307039566909,97.11075199818184
102.17542090930787,102.13720664006469
98.26807136903945,98.22764823224668
95.18087764959327,95.00082952532648
106.87326523620276,106.73600021680006
98.57959638734366,98.48217825607388
102.36619164989328,102.27953522616365
95.7245299392962,95.67763005854776
92.8482024145239,92.61283032763254
94.04306476413981,93.88649045528871
93.85340690032959,93.74989283436653
95.50475886662458,95.4681330559642
101.40913377994822,101.38272155470752
98.64073204840395,98.58257342563329
108.66342075706844,108.18774646707331
101.01546420133992,100.97496152402854
95.74027975627929,95.69831138390524
102.83380751954553,102.80847636679682
95.15097137047756,94.99389460066982
91.85774997997495,91.61512320688534
102.40479323651894,102.30573383389134
101.9119557856517,101.83793828622844
93.27580211299848,93.21222364875945
99.47582914267824,99.43883140653932
98.28976323418276,98.1886983201432
94.57819367848812,94.45037015097371
94.91934057650612,94.84186177617542
89.48760755060658,89.1963554481306
90.58710415460104,90.27786163831817
95.10654475095356,95.04056134069806
98.56094461793573,98.42333413943
99.84281447703849,99.81198247395115
94.63054067900157,94.42126964763428
102.02367188232147,101.97713746194314
98.7699250399459,98.74572357425969
94.02609559703284,93.95411491903916
97.05505547801594,96.98277568920487
108.0962484467414,107.95789211404806
96.30530110023754,96.26140019668355
103.41915785332439,103.26706208403009
98.60346393602289,98.5011899723061
99.91948258362534,99.85101515448649
100.69849029492082,100.66025690341469
98.35984890769764,98.24410719682699
106.8540830485153,106.5710310220975
102.88712980563396,102.83536381027518
101.47911017293286,101.2937330173228
108.64557320255814,108.465246660813
101.60488257219015,101.56251019429628
103.83101370001403,103.76873597297649
109.32433521866734,109.19342301317023
101.14739674658188,101.0505236534207
102.80712660422982,102.785477213423
103.49344317013382,103.4617250674953
98.16766907257662,98.10859511169762
100.02375476363758,99.83898633165833
92.2137225575787,91.99245282005904
107.43792734742031,107.34587327516924
101.94284772293297,101.86346871788216
101.25706488807425,101.1919504229837
98.65605893698148,98.61791780351825
89.47394040626483,89.38671038090727
90.93666721624777,90.74005839850693
99.33191789036313,99.19836030933523
106.93172935748844,106.68498224681325
101.48004071031441,101.37437133444665
100.52874910456669,100.38023102740136
99.77296347559168,99.68158175920348
91.92913849545336,91.83706231571604
97.24347820978775,97.08415005365636
94.97538648421627,94.84569172446722
108.55186230605148,108.36068691404436
101.18828117349763,101.11298125780002
90.54197850666804,90.40678279380349
103.04970767178067,103.00989591960531
102.6586573498684,102.61689315805279
99.37227129867799,99.30622158287166
94.46201500998384,94.40812750520496
102.746410845831,102.69678177560819
97.48139265385511,97.45296774653389
91.67503315715472,91.18662581164016
103.56234598651288,103.43520530192221
99.47919861127897,99.23287925111963
96.99986111649851,96.96406202313815
105.1163833478177,104.8925057340045
101.45628617309657,101.41890324813612
94.44215192964442,94.30333600147607
96.83146172207776,96.79879872438121
106.14835519528087,106.02879537640601
89.59769262590537,89.28464011075262
101.8003279528015,101.68304230422926
105.82688228239049,105.66919507749459
96.39605683726398,96.2664594053563
102.90340376894906,102.84748486927278
102.62551800309447,102.45831494744533
100.05906311963663,99.95301038898897
95.41008718956051,95.35407815001295
104.99946210940536,104.94241764326077
96.3917355047821,96.23744828817712
92.62913407642878,92.53502413190188
108.92775107967302,108.68045195459008
98.50272752326306,98.36516927017972
103.5113897134023,103.41348044192034
86.81785110950774,86.35632844830188
90.83889083171563,90.6616682784411
96.00643437381864,95.95446213997097
100.11406472343111,100.06235267611463
93.25935379299654,92.98260054645561
94.08312729168185,94.04638065114446
98.23631430119607,98.13602113678706
100.95518608681395,100.8857574377872
100.12723914223324,100.08753477295713
99.50466500521452,99.48443595084089
110.90008795799181,110.658152562007
101.64231875588557,101.5059430310132
96.91521076513337,96.82274608251322
97.3680784322909,97.33128236338176
101.08813997962432,101.01821183739995
89.00816197328244,88.78607898330607
100.43175308732356,100.33340326126358
93.02550079948351,92.575532727369
96.38258743524187,96.32973169643316
99.00682814323281,98.95678176852249
91.59794503553927,91.3950626133876
103.51856639122225,103.41548415648782
91.0482900273312,90.88309883050684
103.22718502150836,103.10316289113764
93.12465775069695,93.0135225508473
97.45813099001886,97.32413153405646
97.86342342087023,97.81106660602669
102.02699852691991,101.99109067369498
92.8285796585397,92.78781094092075
104.79788326658986,104.4293268936904
108.0068580653553,107.85900179352008
102.89271311305136,102.84140785997118
101.8854254769129,101.83958030828096
106.69345296803613,106.38797716695957
95.34160719767392,95.17520500775154
100.5544964639678,100.51543036615752
97.6668174740732,97.62859491673494
98.09565356042833,97.9456305136456
96.94382089685236,96.91537084790653
109.59904945188185,109.40933506433396
96.8518021056829,96.78530896084703
104.06426347415051,103.98989083336211
104.58467544656983,104.43504305814274
97.9275325185277,97.83909779817415
100.68192539569878,100.65514430883144
90.54220310078246,90.41784686762188
98.44257944429324,98.32803212495861
95.04215943984642,94.92102920710808
100.1533661983905,100.11038297579665
104.19628276459281,104.09073324171418
100.2061144447958,100.16065935349968
99.9179804233462,99.86920499132812
94.68624005957867,94.54662903532314
94.42297760247465,93.98712421941926
99.85779227628244,99.80152750644379
95.54139866014968,95.50085758265752
100.74357557899853,100.71170778037455
98.62670568124868,98.55296950431737
98.74168250559507,98.66800765538508
91.2947442266222,91.0828799740993
102.04693507689619,101.81752125723837
99.18941606781092,99.15730904289242
98.87835556175801,98.84452940098438
97.89755292816615,97.86881702860057
95.64290819036964,95.45354178096919
95.51703930335971,95.4295590625051
100.38998684776222,100.31932652570057
100.436831171661,100.30924714452824
97.16746196894248,97.14122166297719
97.8189182963467,97.77279640251594
105.2815940661147,105.04388084098771
98.846599387887,98.74861116838254
98.09473896854277,97.96967660759756
98.44285464989338,98.41022739751378
89.16991875121228,89.01473336634984
99.00154267019971,98.80992842890824
99.61792252007488,99.59428771634424
99.25319392960058,99.22488818829906
96.99781593582165,96.79886633691991
107.67893826011037,107.35460913791647
110.52645497542976,110.30672765709626
99.74572228222198,99.70918028954416
97.25900473369637,97.23062597153893
103.45437695247723,103.38137097426251
94.52587888143884,94.30063258599782
92.48681281818003,92.30601881926431
101.70537021271556,101.55844065708733
106.50876388308141,106.44666873712777
99.00644738122728,98.86377794395783
102.75374618961106,102.41574674548418
101.84241751782668,101.78089626561417
96.23288494384116,96.14483133357889
90.89912246856576,90.75131117376023
98.48169410030013,98.39369402887112
101.98510034680191,101.9106602233545
105.20759360127043,105.16401369451336
94.71507393125425,94.57547042958008
96.13490810164897,96.09942707310967
101.4393174207476,101.36813864455982
106.64373850309364,106.38120580362221
95.62411293964895,95.57130959405914
104.51165901472397,104.4390527336551
94.08446042416192,93.82917517847217
94.32385451725094,94.14400867235784
97.3328918801291,97.26484756199424
94.35474327850261,94.26148357666892
97.0694014277719,97.01044520583451
103.41171550650044,103.35923587221122
92.60253402786657,92.50773188825033
94.9624739400695,94.88272953696968
93.48268839208512,93.44030240786067
105.48144168661038,104.83410539756474
93.1902200730554,93.11416443845853
101.7415893957075,101.56710924726447
92.75172853487608,92.46334136877807
101.3177655450184,101.28744915650239
99.85378770003099,99.80129600587867
100.71812416348695,100.65917517534999
100.27676461167265,100.11555129638128
98.88507980642464,98.82439437545902
99.34543135546926,99.12045217717471
96.17176226440216,96.05548668457922
101.8984279025664,101.70629221713085
102.98008429325462,102.9045430509913
106.24413589774426,106.19943254207642
97.52107502357839,97.46686667142377
94.30407376591316,94.22256662002879
99.73560546617604,99.6853364201424
95.84842143088899,95.51360665289877
97.20829473587932,97.13949643246954
109.93292149288378,109.65451101920038
96.20045895658379,96.13907490742659
99.20741282808268,98.96785686244077
110.65798958038309,110.2562545675931
111.28157212406383,110.09816071780487
106.39090806199295,106.27390553459601
91.90570499383094,91.80832034137168
103.23519045914686,103.18154693264177
96.9525099002688,96.86532361812009
97.92125696976646,97.80925043492643
97.10634159257475,97.08118321849027
97.06201057314223,96.90945260388696
98.75318074450219,98.63619735251967
95.8397007226459,95.79276608094794
96.3403826683959,96.28811673597059
114.28574770139245,114.06214041961672
101.81019479043384,101.72812876387404
97.5750000689271,97.43603958614709
105.0361250637982,104.96810022881297
98.61273669780147,98.48588604776042
100.63966423157602,100.51633539446489
105.31946276770329,105.24683426115865
95.38082884373846,95.26088910779377
102.92618088893173,102.86054376244232
99.5585574045651,99.4969140002474
101.05187799553994,101.02854431441631
101.05640409310274,100.92746085769734
98.85989266374492,98.7254883270424
104.63627381536062,104.49745593979009
90.06593062117913,89.84834246288413
88.54727257338874,88.22244986803557
93.85628809012788,93.74555846697845
98.27838688168497,98.25038250556862
100.13990116210125,100.07399117225646
103.31945195626027,103.18126292389549
106.9170023257298,106.76652466442229
99.05338086878042,99.03352845969854
97.2248717418592,97.11165750775326
102.16267036923642,102.13979234197714
96.83977827685376,96.70453700306201
98.24086389045175,98.025810914926
103.08702757243599,103.0131358856048
95.13095364219676,95.00608681369978
103.04966459851408,102.98026731031095
95.9695768019415,95.91893072629716
101.77668099060935,101.7453141700325
97.01309815110608,96.96378977038079
94.62611036498666,94.26919584198232
97.39294865233548,97.35428048173775
99.83336564228965,99.80913830557185
100.19582712835135,100.16300961411757
88.57776354267989,88.45071147545364
91.8048088828554,91.22574589298995
111.96569179311228,111.56956768837436
98.73305912862301,98.60395311172306
96.32854937520793,96.2084469776473
97.10712719399318,97.02619825701933
100.9913631136443,100.91323337044474
103.74965892969203,103.71208220444298
93.19280125701856,93.03747398720476
98.75239782037579,98.71256860017199
92.66866858010228,92.38229233593164
91.41618085169917,91.24525280813508
105.55425644825945,105.41416029129621
92.73054468925916,92.58815966276033
100.57467685478623,100.35444239237441
105.25569666919881,104.87804598619299
98.73891391590321,98.56823781836036
98.12998300311595,98.11162224334099
99.30945333811488,99.0414314072487
101.86572086220822,101.76207321477008
96.72658262493054,96.62236578492232
98.05029236945451,98.01738341544144
93.35832914765861,93.15619370843568
94.23580774155096,94.0416344503054
95.0285442633194,95.00499133950456
101.65272725170333,101.5237436464465
92.40322432359791,92.29077667989424
102.64200031518945,102.61805093706474
91.32518695634177,91.07621787410164
94.99280653134637,94.804398992784
102.24399854539654,102.16807576692578
102.73270296045203,102.68880488114952
95.50850912540001,95.40438902178174
94.48297426435907,94.37303086890269
95.95715153826335,95.78748720893282
109.7423608074726,109.39376087264723
100.0956648959303,100.02792073077035
96.32838025171316,96.26149122270185
94.27306673080103,94.22202323884311
94.18935608673229,93.6903328926469
94.60793970157523,94.4452349456167
97.36681085232074,97.33377212808533
104.07494284723674,103.86089110178395
90.89964611932137,90.7912287744552
101.19390309597415,100.9922835776255
93.31523186658082,93.19377193794328
93.31938821967861,93.28372818135156
97.33796228246754,97.21022832061232
104.8891818749393,104.83505372403665
96.6252316256377,96.58174866353633
101.30429396381248,101.28666071028464
110.36583158249158,109.55023305958265
102.41406535018399,102.2741717943533
99.36011508213726,99.33211728682645
100.00381095696781,99.96287971232796
107.96642748111383,107.77093378259244
94.07832824210847,94.01860235974404
96.4424707006247,96.40092930182252
99.03243920754144,98.97010443076059
98.3098988752721,98.18948288347227
97.93995812075278,97.91769821563416
103.4411258682623,103.24313544345752
100.11308476045576,100.06272031047963
104.94503384859095,104.82086496386096
90.60609642948724,90.39744724630985
97.7300670723777,97.66610638502358
112.25869807374184,112.00266228338671
92.81382229429971,92.61017706337798
99.95787314446252,99.92679352867677
88.96434870441384,88.36158341149918
93.312637597931,93.17935398964123
97.02545270686531,96.93790000025616
99.04957866875996,98.97265804089103
106.65993562627989,106.5978011591471
98.69551027032459,98.6769138477309
99.70512861903326,99.62782067033702
108.72772698904076,108.50538488257074
99.85188537999818,99.82077668730527
104.5500623980948,104.29105279798112
98.80749031741479,98.77612619636231
98.3007454936865,98.16054072503256
109.91150614413068,109.72375613910152
97.73586593245392,97.71106801977442
100.66665740321054,100.58396247983228
95.94333302767166,95.69120383295673
111.35630629046268,111.21620559632083
98.93211179945307,98.83942822646196
102.93628283797345,102.900447014132
97.90356736123344,97.7275464448927
95.24802834145835,95.13865852218302
97.74648655567584,97.69034324392312
89.78612384303693,89.5088722929434
91.8524421931733,91.2817619038618
102.47655683664198,102.42400797564109
95.65165952685358,95.54484907799616
97.44653546152469,97.17142472337827
96.32880830237474,96.18327838171567
98.51420798829136,98.39851865532314
101.82825681091222,101.72515143004591
117.68508837850516,116.86277765239463
104.09771019353548,104.04971869827185
91.28563638957056,91.01520239304561
98.69947529365841,98.61506814767588
84.75444671521439,84.52361089556742
112.219703059553,111.90517530597313
106.39451889435293,106.26919435309362
102.2130209727842,102.19034678847031
100.43131920007329,100.28659413428257
98.23232730094838,98.18181018280292
102.54921201382415,102.48191077830822
93.75647573798668,93.32974031977618
98.50380282838954,98.43035868711135
96.7748731643738,96.71702986421688
101.53598264526572,101.44065483696245
89.64405244896558,89.05137674437262
101.18795151129909,101.14117064815552
97.44784334843528,97.38696318899045
99.49870986588857,99.45301461709116
100.55883799176048,100.5248370164347
97.8402215776759,97.63834965997508
102.09386243861432,102.06823653171568
97.52137233012725,97.43111721522014
111.59383905408129,111.22324556436264
94.1757141747101,94.03957753795382
105.12565707626929,104.96770052996938
104.65233851550356,104.55390703080488
91.31569722857263,91.04638043630571
89.6442591104188,89.2580964127426
100.74608493565066,100.66159219708044
101.8013767786756,101.70152429751896
90.15580818148594,89.75192964645395
99.7352810825399,99.7126054709426
88.33807699044755,87.84395621031912
100.58254622434498,100.47328003149582
104.6347697932003,104.58574513020481
88.11050597356422,87.3771818662947
99.50943978587931,99.47501214091479
95.7482065082389,95.63875348619864
94.13569731935189,94.09045133039096
93.30339906483918,93.22772654476863
105.9425923643013,105.52225571730405
96.73674687227161,96.67540751519454
93.29085263281098,93.2117185911461
106.0345610382522,105.93612397897446
100.66595270143038,100.61463388393148
101.02821508124148,100.89054682987476
103.50416642988935,103.40938188648677
95.5636902671416,95.3840744339897
103.97053495225717,103.79562206068087
105.68570985812025,105.60777966626411
99.27270123015906,99.19920662981461
99.44999082887962,99.18436227650056
97.89917263743784,97.85621879353954
101.72246074961147,101.66911688268107
94.16373150557003,94.09987189148542
97.75386501337823,97.47879021260677
96.53172992089951,96.25407086783152
103.48456915023105,103.42196423948285
95.11049680092142,94.64693255360947
101.80849405479636,101.76336313827015
108.55931019209102,108.307287056722
91.31834541960114,91.02607509941335
99.90839138226721,99.82718483270779
96.12136505029295,96.03747603217812
102.12639737041542,101.9878470971387
100.47299096705447,100.4538089102926
91.5116564499087,91.18180234234055
98.80428803957687,98.71937339430632
116.72906373095876,115.67690667849361
93.58341399926093,93.50605966704534
107.42321527990246,107.25703455569045
91.31184311807833,91.22699142334649
97.72935125817956,97.60578107552024
96.04733321001508,95.83930778364692
105.17386852072475,105.0436082220978
107.75548550321096,107.5669360307643
90.06839729255593,89.93223709036627
101.09309163951734,101.00227969998615
94.94937301085622,94.91214784848036
100.00531499938994,99.95944380145441
93.77292754145796,93.32841333583592
104.3003898484301,104.23068374546517
92.50109454337613,92.37952623906489
99.59771552078844,99.49177491082196
101.72265705087806,101.68842382355295
95.03776741978783,94.82963354754672
93.97376340371243,93.92570593595528
93.45508725919568,93.02122450780811
95.63021272611948,95.52265744563347
101.6055164901088,101.4799076515061
94.86025289235228,94.82584509184643
100.3438799900564,100.3151327808283
103.14705412608659,103.05113629239189
95.73215885138593,95.61448915422027
91.43064550521329,90.9678713212675
101.83930418741006,101.78089521083135
103.79281061435883,103.75901106215605
98.66703506645163,98.5519908687965
94.46280202390356,94.30405367492092
98.53637637605613,98.51714130085476
98.61546127959896,98.55304791075199
108.58386116071368,108.4179178494185
93.92660814815702,93.72513827450452
104.14003505904384,104.06803396281317
97.92358722301002,97.81508790881824
102.68870605898378,102.65640497013482
93.23818631892911,93.10706822862822
96.48570745541294,96.11712506031891
101.7020384389766,101.6292169076508
98.1960481735961,98.15088748295531
106.98898502172389,106.93131824465378
98.51435973663938,98.42289116538576
106.04321590978567,105.93746160157664
95.96599627344787,95.91532408783219
101.96060525920439,101.8682168594174
100.71143310267509,100.40503857883618
97.27797614545224,97.17880161317224
94.38269689412118,94.33044888636286
90.8288525702403,90.0376241348085
97.28759849231572,97.25154413760653
92.6650516311944,92.51427737727722
96.5857664159035,96.54472885266577
95.2747898564418,95.14327826351987
99.30637327399263,99.23167759372394
99.30803352871611,99.24007648554071
101.47488036410563,101.41520774378803
92.46030779291719,92.34584229604322
100.2146052216272,100.13691139693873
97.50906191924136,97.48303477289826
96.22767477027075,96.13474355801178
93.60240672781114,93.5673677348991
97.85448415249216,97.79931448295936
93.84089928239462,93.45445040043352
96.84989663122737,96.76551630700317
88.78237571969605,88.36053207182758
107.17377579184473,106.7411735161098
89.65625418914422,89.47166379664083
94.19009926985338,94.14663726609513
99.38334045781336,99.28740620938503
114.12845440662839,112.85277449336257
111.41869941285454,110.98549127218021
107.0674303663944,106.5884416440151
91.33539977011478,91.15223855750376
94.3554709482412,94.07564903441293
90.25599515601219,89.99314586395134
93.73509823194999,93.50089797415487
97.08280622261708,97.01869794655552
102.73372290499107,102.5974298646848
92.29393258866554,92.187592228179
96.16502014998734,96.06951775314467
101.56083920505796,101.53153526196346
96.8735572257263,96.80560421464546
97.98888495354906,97.95623682326851
93.96698948758363,93.83323694660724
92.34706180401963,92.22850234083369
95.6295585708952,95.57652407865872
102.54977353936407,102.47957504808511
104.43897580112655,104.3260081671616
101.49201028842262,101.45370964057676
99.48674478591356,99.42107225724114
88.31391922110112,88.11302990895162
100.63492836417001,100.59195669267466
105.88939576120748,105.80186154584112
96.48369516839985,96.32883923891406
98.09623619659479,98.0102562276524
96.58587861007312,96.39652542852707
111.32444197072756,110.9567552850693
92.03203103496054,91.86576730831975
102.40367750867935,102.33456086735363
95.99275058045336,95.84703062755959
90.5368624973651,90.40175106273205
100.72334376952878,100.64746218235899
98.69742140641593,98.60948868225562
105.51458930815168,105.36051501046887
100.48566881133274,100.44313625228648
100.7564419061263,100.61397114004598
101.72829436619637,101.65968336814903
101.71348647826672,101.64785648860307
97.46585710162546,97.39140995825285
98.98606855925301,98.93059043020186
96.87737222619585,96.70171137917531
97.90130631982487,97.8864500244939
95.6849641729918,95.52273295099367
100.08352448756042,100.03649179875268
99.3181031431602,99.11878601918431
111.3281600885613,111.03264379652316
93.39455958596251,93.27644406175622
103.61335826635448,103.54231225301716
106.98580107157258,106.84916925934769
103.51717355979062,103.50352968582361
99.56161974798343,99.42929324980466
98.74012119556937,98.69438182625895
98.31135700653303,98.28244640636284
105.03555521258438,104.90938640354997
100.27966680386174,100.21569352751088
110.16469139405575,109.95137823671962
97.25280120609297,97.15307310908476
105.76497911092845,105.70193566943853
100.52319749598514,100.45873740861781
96.06401008074474,95.85615466415561
108.21461053163925,108.12041101886739
100.8112419641719,100.77383875035454
100.25999869760226,100.15471283312432
87.54772979695736,87.3978045035653
103.58687420262636,103.5466877770106
91.11834055608311,90.84238369035893
100.6562905117977,100.60332152211123
93.96893386419956,93.91388730195895
96.96820255317537,96.93895734033605
98.24830914531073,98.21682404669741
95.25868768069272,95.11128965939132
88.92666571704707,88.80811593919579
100.89611616430848,100.80324004124195
100.79783776265232,100.70909993515849
96.38584213050657,96.32030796470676
91.62099093996659,91.2608121239596
98.04200970363797,97.98481475447467
101.34635640827503,101.22879762067804
98.91920049970533,98.7138610363204
100.93025407256911,100.87824905693871
98.36669826594962,98.35001532369259
102.40982961715528,102.2095993990366
100.76016499590138,100.66745327743072
101.74856107760336,101.70729102662524
100.70369835240302,100.63908837217669
105.52286916448271,105.37985367164357
89.91724678419145,89.64429391262567
114.64424156406243,114.43883717382151
103.92992769677,103.80201640016604
104.33420230720417,104.28800860582093
94.24526942042407,94.17668098385282
99.4766114279596,99.29724873799633
99.3501743584968,99.30660020933523
102.42466205831181,102.35512468783475
103.34090139075954,103.30680313666343
99.88727571586101,99.8534523720077
103.23438330734498,102.81383173968221
94.96517896716225,94.88989760663326
100.51033975621316,100.45008138451178
101.06000403571072,100.8850080660314
90.70436590986965,90.4910090669221
91.05047055437495,90.86562502579052
92.92894893290082,92.79438999143827
97.11857634302582,97.06765035021192
97.84455396360799,97.69270851153006
107.34445177584531,107.21350593021991
91.30336361340335,90.95674643254716
98.62203575163598,98.57333260197703
99.15934084422679,99.09781340314588
101.39711484546551,101.35759118323338
107.32737321227194,107.23977277767638
107.01155147941695,106.74966289949946
95.13259813260447,95.01184994610962
98.88026566959947,98.84858191819137
96.73574256920912,96.67986281776713
100.68721319785696,100.5218673998761
95.93035356063068,95.8591596192814
101.23713992178727,101.15307780065751
93.36372909068592,93.29800123026153
87.27014740449475,86.96132421771924
98.11741391640207,98.03533976903947
105.86595549450975,105.80828433326016
95.41475425479496,95.31334482572599
99.29774371234636,99.2564537374678
91.09220966380224,90.882175904812
104.34359120876951,104.19460126709612
97.83272045020834,97.75896475631254
93.8123389975764,93.65989077188043
93.65851526281227,93.52041767213395
100.10354042510289,100.05951913580083
100.46713546897018,100.43619824113512
99.56934831591062,99.461755849982
101.51495168834091,101.47599662592924
99.21638477727936,99.03241365810504
100.22039125450561,100.0946742748341
103.28697223879291,103.15342892274843
100.73592500520368,100.59926828133447
102.32715379287501,102.28927152967131
105.27182565842914,105.16387268928797
96.56958993403221,96.47355520247433
85.91516146309529,85.460784590406
97.60540679765387,97.53707067515903
105.59957555566093,105.49248831569511
103.89867987296898,103.77376424899124
100.58294073287554,100.53091950894365
92.30199137416611,92.18725536999715
101.42943515014062,101.30614030191431
106.91047715588294,106.76411935140287
94.03530121633375,93.9781331502182
99.02064907653485,98.92271089670774
99.8513977051858,99.8093403540853
99.00783334847426,98.9892267642879
99.5026568106742,99.47256300645992
106.46294115449335,106.39785238665269
104.83112280221725,104.74202581976293
100.81529681015274,100.74688735247985
104.37134163609002,104.22873017713931
100.29045709332105,100.25825253431924
105.09367498432702,104.95898400361054
96.08536734806175,96.02456154513968
100.92548954807313,100.87768836735759
96.95152605171636,96.87166491235999
109.04967594147018,108.84888579599632
99.50048223793333,99.47245468491322
93.48058560439668,93.42110406200004
104.73068049387341,104.5908634540479
96.78284148578192,96.75680213204221
102.51086367426691,102.45958593073757
102.85084988180618,102.80781019123508
95.65309291978312,95.61598398125979
113.66171190020894,113.37095459268984
103.42150851801814,103.32730934377832
100.05693809505016,100.03302950199605
95.5189541858955,95.48636596474452
101.4317528046225,101.380123255758
103.81618084871938,103.78329723072736
100.36934975099638,100.35867633266089
89.858366794552,89.13761249661593
95.29902100243146,95.21312395380546
97.75453011185287,97.73439537626051
87.64968959260094,87.41638328020329
103.58467411669054,103.51800095993606
104.43307309687415,104.34894229034217
105.17689455349782,104.94248329221763
98.3457150734951,98.29931947808815
96.88122937186994,96.64246486167383
92.21065789524835,92.10546873735372
99.76735014913997,99.67935363161142
98.48285205362389,98.28031554838773
94.53579641371171,94.49047149640225
99.16703784555875,99.06107969540854
87.1054553430709,86.73173870871723
89.83638391435765,89.6753844536512
96.25777315356079,96.19449030124768
100.66065037140619,100.45885428311551
102.28805815187329,102.18873095556026
101.09636674433155,100.97418049960878
95.7069522953348,95.57240183164225
100.67660493585414,100.44158358378893
89.97235770325189,89.82698509878027
99.43197649002616,99.32579116822141
99.57597692360207,99.54947989881767
109.35361516641277,109.16115657312578
91.96819652220152,91.8236183696422
94.55856020931027,94.13573917086195
93.72047944156853,93.65750220499893
106.26755197175785,106.01429782613269
93.69711336144947,93.52223112072451
102.45394624787086,102.41108373613595
95.48304534226632,95.28170175091103
91.3780197175123,91.07077424578571
103.08556118261957,103.03311997779542
106.80398629264074,106.50478533326545
103.74872806479742,103.5962822288405
102.24768212679326,102.22322292413267
98.38163392939852,98.21472587605182
98.67242492351113,98.64897114105487
99.5360699860909,99.49803703604424
101.11373593656813,101.01996864078859
96.83494122510247,96.76919958301202
107.84914006429712,107.5442539505585
101.08288287089258,101.00349064452526
97.46971048544523,97.42752089528821
97.36535700216433,97.26867846298296
101.74442280202615,101.66057165656834
105.10837566996997,104.86015397913216
111.20156762563272,110.72827844504621
102.43816537647609,102.3462160266471
92.69074668852117,92.29758289180738
109.31986605653971,109.18787423697994
100.3455366549728,100.28177006889763
98.08184448995016,98.05021193002825
103.7204455943119,103.69762699112134
103.81063645668644,103.75953669043437
90.63513883520746,90.44715838902125
95.41995714917773,95.3505143930954
106.18633471813318,105.67835885841936
109.92282901994786,109.80482969012783
107.18226039094613,107.0976948663832
103.37110050725587,103.31581891791339
94.03187900207115,93.70865275812413
89.7006209695227,89.56603660160029
92.63456912701584,92.49251828023102
105.64361102264944,105.5755803885383
100.63177782208089,100.59679308490182
106.13085112662107,105.64424848336976
104.50651639853609,104.26955439526249
99.38370636227117,99.32232179342166
97.184455794103,97.10761175185316
105.19289437620697,105.15432912154137
99.53604292982138,99.50769083830191
99.14387370314162,99.11171747086665
86.54716688357088,86.18866947862318
96.5324847673278,96.39844906954869
91.34078138875853,91.15123568682691
105.62002651260642,105.50996076649426
103.57494951091815,103.49774189147267
100.00622871239065,99.9069031595585
99.0025798228937,98.98354327797323
96.28908175555647,96.21498218382966
96.07121239154093,95.98513693890393
102.71068378874774,102.63212634780776
97.06702772814874,96.95466881060834
98.37315736807619,98.31086321158423
95.29293717692535,95.17088023215918
101.93986465827793,101.89311391881601
100.71925455823529,100.6661066267864
109.11951023562881,109.00468976993366
103.05805554702151,102.95739756178004
101.08256773079378,101.04737765475333
99.87387825836225,99.84696032123333
95.83270348807201,95.74239808831575
102.1465601825807,102.1070248982537
101.20410771602602,101.15798142494295
94.20926261338029,94.05527624574894
96.2761499867458,96.24241194513549
102.60281899988343,102.45320000156036
95.98729584486858,95.91691241882907
104.02764256150849,103.69349645803777
101.04911781978697,100.99777083089737
106.45964991180485,106.15935389876617
108.1277417329079,107.93734513055892
93.37213032209883,93.10962181452456
96.22780639890905,96.20239449885977
95.59704832843533,95.04380616103354
93.90807281309306,93.73618005085706
94.66231970078326,94.57947922626394
90.15379485292266,89.74293465001792
96.48331071091656,96.44096462644761
101.51647119209466,101.43947629537965
98.66794399678923,98.48195595227499
97.50426938631477,97.45539651049802
94.76512555539071,94.71745678573987
99.89023328795037,99.72015907469059
93.59835230085194,93.4978339810319
91.42900865257769,90.98386752323924
103.50631403171742,103.44367318989853
100.5812395641623,100.41259308356966
92.5533221399387,92.22412479350157
108.70713333624226,108.24233478665563
92.8131314670831,91.9053439014686
102.60667097393149,102.4773874526809
109.1878214412291,109.09249449285433
103.45815601484246,103.41858356375943
90.7511827099505,90.06709802957691
101.5903430566506,101.3709932544576
91.62157283282284,91.49984832644711
101.79890961906798,101.64843970879409
95.43872926698859,95.37288232884795
99.53822914818574,99.46678365111065
99.36067406946502,99.3172943166337
95.14235643118077,94.9302847833886
96.78197378616227,96.71405558187362
94.15408600773638,94.12580510794015
92.6287372889648,92.39288760464284
102.48985872636875,102.35953072068551
103.86307379798492,103.74610213280847
92.77545373581967,92.60366366777802
101.5777246480552,101.54400470560145
106.94293713874129,106.88317054118518
91.38307703774336,91.16979560035502
98.37594099936075,98.27362491141623
98.61300725378825,98.55430569900169
86.60450843925041,85.91358760843086
101.17366358965748,101.09061841906323
103.29645047441849,103.24438763401989
100.59760654351402,100.55996275047085
105.0175229425689,105.0036677580795
105.38661440250904,105.21659040809949
103.31288390183371,103.14755836917104
93.8713395120922,93.62593020190698
93.49820910752615,93.11850974556276
94.13405699452188,94.02778426483177
99.38802223819609,99.3526435629732
97.8868567844091,97.84764386627144
96.00860306798968,95.81309976721975
110.70557571388996,110.62516129401679
92.94594459484799,92.80694026909066
104.18129849071636,104.1355013592408
95.97247228947195,95.81238025172806
107.22697189323833,107.13124094693634
90.15332192879065,89.96661222763764
95.56125845341319,95.4015376495186
90.07210546609686,89.74828425049887
100.8556151758204,100.80997630800834
88.60479977663358,88.24236754115516
97.93661760765698,97.8510117916427
109.06189259603617,108.88955092003732
95.64133803346311,95.56540403955233
100.37066164285396,100.26311688674718
94.02714709788316,93.96970234456465
101.09643682487187,101.05590526037689
105.2338590042382,105.09989357724318
102.36543026623671,102.31427569365381
98.19103423882684,98.15047735079982
96.50740880413167,96.40947448444291
98.44594884314152,98.41211447280298
99.0326835378001,98.81153450589676
97.60838838639748,97.53162703642951
97.78505897930641,97.68543131412484
101.18449980119829,101.1235998574367
99.91436566218296,99.89397517404903
99.91875697251108,99.87526429328717
102.40279698890791,102.28378264119355
97.46922824557129,97.39826358479787
99.986571976567,99.95432034277404
99.25106327335756,99.16400970972506
96.33474400894595,96.27003909239173
98.32524631763603,98.30092627432951
101.99933905943689,101.91326864149359
97.20113028459886,97.14142185765826
97.72929460310743,97.55149616074853
98.32130025644886,98.26742713417687
96.82583849566572,96.77274597537478
94.50048127506535,94.35475520135834
100.87977691815772,100.85751032426829
95.82904219462846,95.73941424171096
105.42914976039827,105.30709190273092
106.1983442711069,105.97040067521594
99.82588686219482,99.69389491017124
93.10646925013572,92.77122738728202
113.25950889573751,112.74964880345449
99.16254363136663,99.07423165152117
107.08944403523078,107.03286850961089
99.92674597537878,99.62514366133856
101.77389632746132,101.66609970938865
108.32827146929017,108.26054439937108
99.37234439156973,99.25335517655229
98.47859216059376,98.40150306207683
101.15964107500331,101.1054352431618
96.96515270822914,96.83328356288402
97.6809959393767,97.63452162613504
102.02455039209073,101.98851652902596
105.95146000911718,105.79884730058598
91.55081017774683,91.27772423725942
91.77742114617337,91.3654056808532
96.11630725095141,96.06942575388452
105.30881563777895,105.15166320931046
97.61598331198,97.54324139268557
96.51890651730575,96.439504152409
97.26139692038394,97.1659720415443
95.95236309378991,95.88112005307973
109.51569568790052,109.31038306535557
95.68194327990187,95.51668336568643
106.36546032586614,106.18432197093067
95.38294858751551,95.11086777390493
102.89380508829807,102.86902416092086
105.81064734126326,105.74961233345708
89.76417539069891,89.45839850848654
99.66224877671637,99.62381801459902
98.12607828315384,98.09483468094633
95.24889663302751,95.02046713733226
104.95222236436524,104.91155421976264
97.94462052789295,97.69459471166707
103.96781141362094,103.83142799151102
109.98096131309039,109.52616067622104
106.55185352728597,106.400277600133
99.25955267202447,99.19046768177523
97.3419561398781,97.26598766496181
97.65091302492762,97.33849662030848
94.42504326636352,94.24379769679919
97.31381113502998,97.27639696511406
94.12000347486448,94.021203815395
106.56308693633413,106.48908125935236
97.64535477257172,97.54351779958421
99.48815827652838,99.42187199764994
97.00654646541955,96.95284683271706
106.82397141673701,106.74128988831289
104.41410233463579,104.35430030314956
88.18053525478048,87.99288665318097
91.14056369876235,90.64298913512715
98.98945293191873,98.92388248015664
102.0566197191745,101.9644557453886
89.48563292894707,89.10744836288274
104.10384612594606,103.9582148847908
104.728323361718,104.69688824729943
100.89454163121452,100.8343402796196
101.05374756337226,100.97211181909493
102.24752354583252,102.2018106043079
94.51058163946396,94.22132155942265
109.8480541094562,109.57023834575322
95.88659171355344,95.69563280099648
111.1414823053486,110.8071741509741
99.06151894755028,98.8550635745067
110.55275708084058,110.0166976169626
107.71933998138952,107.60414997566262
96.31752160076978,96.16452838419802
94.67918795189115,94.43807991496823
92.02222227010175,91.8598729234388
82.68441457729713,82.23583157727445
94.87788347505767,94.79667616681522
97.22244647912181,97.15503155492927
107.51691232009335,107.4218771599119
98.12055413170415,97.9796875994158
95.1150211884486,95.06117316491438
96.33082712340902,96.24523255963483
94.76578352332686,94.02897017694511
99.06707773047978,99.01317829945661
96.01468179613656,95.64289983382584
95.07462426277277,95.00709518619924
103.67622695046884,103.58703635092172
108.79867337901551,108.65169964462011
92.94562085572517,92.72102772089475
97.25004724846883,97.10838896902752
90.27858741672067,90.17927156330332
96.3939302437324,96.34755100677813
98.35117931864954,98.06634062684554
97.34284532178657,97.29883805652221
102.90780698967357,102.77615967309042
99.31556506206789,99.28747875015044
108.05347248956038,107.96351173105643
90.63255597699323,90.45416046441929
98.24149291548693,98.13933512289226
95.8311667069809,95.78537993351519
95.58099117547647,95.45525627385433
92.57635268485032,92.47337666230422
94.89683603691351,94.63791231948112
96.43522947080811,96.33765436289275
95.84475000038903,95.79277604689537
98.43316403999272,98.39918259483372
97.67234906366015,97.50036640329505
88.9048257849706,88.47438501328571
104.77123519501056,104.68513954817949
93.28650164337115,93.13446461962242
102.85535939318994,102.6938594775881
87.85472577619853,87.67339286233138
85.91569070750151,85.518441042087
102.13815025653281,102.02429665476264
95.8086993900647,95.75412095272632
89.92550754744562,89.7058123732994
101.07741614208912,100.99109430145674
105.22797721396675,105.11689296962528
94.66923467428288,94.55970844284593
95.7287093138356,95.61620498612558
105.75333180411259,105.69709286754185
104.25366097396298,104.16784036307338
96.85484329067206,96.76774018504801
111.61773965552194,111.27678612257027
90.67944770020993,90.50929964916743
97.80274256280103,97.72838496298017
93.42564999811287,93.3626167655971
106.92496381573034,106.77196381287055
95.30576250770113,95.23377172517898
95.92907592654345,95.8522691346577
103.58419150332436,103.54518363444836
99.80975028064177,99.73029322683405
93.45043532682786,93.35815911905328
106.5569540749978,106.48701125340651
95.43240916358158,95.28985474186221
98.38226109902048,98.22671649044945
104.51407787704134,104.28617477677705
96.67485484413231,96.54181853443447
92.3195577449934,92.21895396386667
97.9541775605014,97.86375364224175
104.64469462051206,104.52524799384774
101.73758878590503,101.6162993349484
99.99775434907353,99.9556069132191
100.14578884342305,100.10527092320068
95.78790902489882,95.54154943765613
100.57999163189797,100.54946889228906
116.71481994299616,115.87785407260385
97.3565039963546,97.3150692517172
98.0847979028768,98.05262648398252
97.81533486009066,97.7652612210918
96.73688949237126,96.68773949611386
99.48952872969109,99.39462440437016
99.61497426214063,99.56501319331845
104.07094772536186,104.01659603529743
95.83839199901777,95.71265784402445
103.23781097934766,102.95378197615297
98.60669325999169,98.57979919197572
101.04080496216912,100.89165639278735
97.42721065220698,97.33624595506082
99.70240333733683,99.61497540908378
99.11836454673521,99.08387112414357
94.32835858370022,94.28436731351854
100.72895946621958,100.63038794199339
91.91572467786547,91.6578445285437
94.7646363474958,94.45082799768859
103.76368416823641,103.72951301290954
106.78281795762028,106.73273516378552
96.68964253224293,96.40541390142795
100.61280845977892,100.47194685451824
106.87984633306378,106.62950763689729
92.8348124462032,92.67965222455837
115.6026787148995,115.1993309222579
96.47647766408119,96.4270133962463
100.75524239766702,100.66806356506876
102.15218153977474,102.02708431684471
95.13996655197852,94.87420208537117
102.55860512191613,102.41272235006461
101.98746278251154,101.89180614395556
94.10994329208631,94.0552864444527
107.38493609403393,107.29669197728133
93.10641453095047,92.68568000950698
94.67050661316654,94.61321128612701
104.87939223206976,104.72182810809812
110.71937262751226,110.22287194342267
96.71282378487864,96.59694442642972
98.29992327782956,98.12229978897474
103.84298332260921,103.74962767565404
92.02875602304395,91.85761352228542
93.85005029889062,93.58144636392815
102.57531957339924,102.45661683750023
99.24398788527489,99.1199175533394
100.993691822258,100.9457337747152
94.91456139667292,94.86730569725408
102.45962903464947,102.29969237571831
94.06028156876435,93.83869229288413
97.46275270005565,97.38753522922973
98.67971250567226,98.59432662431063
90.22347784616917,89.19061545193821
106.01511368994097,105.95543637134016
100.7547350397076,100.72565086341257
88.96030105994375,88.58584754429147
91.59211913767062,91.35605761686418
97.0790273905688,97.02833966049609
92.58447499807475,92.41928303161042
97.9626363455887,97.8420768156989
103.37697883684412,103.33342441047952
100.3880242236203,100.3674989498856
104.01253095845153,103.96076540017643
98.17736060398009,98.12452771870652
93.5697995779155,93.49685168746784
99.85280149118745,99.82056643946989
98.17539061583771,97.99943263610709
95.01417681982643,94.95639007813948
93.67246184273368,93.52729569738945
99.61347624332488,99.42571627366236
110.65630054057647,110.13188487548817
106.91596304323099,106.77343290825395
92.90595850202116,92.82945456275301
103.57514005030285,103.5119786607414
102.68752466051794,102.48424452001898
101.4404909426395,101.41139346095456
118.90019039025432,118.20726064292845
103.7219072719654,103.64252669703373
104.42630218433872,104.36720038025835
94.33477744597569,94.22678136668462
105.22107770389275,105.16323241386344
87.80873025446985,87.30862977883687
99.80062497168097,99.73983749634293
93.30029540925995,93.25018723417449
106.0181167254572,105.96481879824232
95.33945279106625,95.20108192809846
104.79195354085458,104.74538297058501
103.84991782478443,103.82730280885893
87.41863132826288,87.24398560516718
99.30136302437181,99.23216017811944
102.40648697183556,102.35118371044386
97.72102570950537,97.69237618924313
97.71488816178936,97.6282137085332
97.31786889673889,97.24130111855355
98.99063937871591,98.85822527996959
105.44446528039242,105.39608179250651
107.42808450941891,107.12502170809373
100.52159489812608,100.46733367438503
99.95979043416528,99.93306754491857
91.4561335370193,91.16856844529474
100.95249452542113,100.85476115439707
98.0026276471063,97.9652256712618
104.55142915041091,104.41566168090097
92.75856256597996,92.50722551989362
92.97505312988726,92.82444915179757
97.895500161553,97.84419165627965
96.71639698131646,96.68396345604874
104.91372964829408,104.68956088918661
113.79854028000388,113.10958610913485
105.50652652560814,105.44755588891894
96.37205071571333,96.1198742294751
104.04490733294416,103.88972543887984
104.42773118699411,104.39317474744416
93.13124711062272,92.66687510574424
93.0944687263626,92.97491623733839
104.35695782320252,104.32342459484848
107.04094762250895,106.79567115830444
104.07941603830957,104.01260242484358
93.03343920656582,92.89722371670518
107.17463662017528,107.07404817668473
107.71586263015848,107.57993352564142
105.0970437848607,105.00778846428389
102.72526917707005,102.70122663392941
92.42075194870364,92.23661782359068
101.0183480057871,100.97594752237434
94.5792575964841,94.47802274025021
100.51313939370534,100.3271451530192
96.98683276986687,96.86079968943997
98.99771664153353,98.92164730599225
98.63154715491835,98.58683558445394
103.06402405016946,103.03235896779962
86.06062710627702,85.62564678185687
100.94827398070507,100.86711853398873
98.0023079443095,97.95660399615406
102.28556916288437,102.16459059842751
101.55655272796581,101.33913152275596
93.44497521747235,93.23553323245325
97.7888906559204,97.767760773071
95.86480555992013,95.72465050055625
98.28263729869344,98.12776652628335
95.21613706611387,95.11216003086926
102.92301954869956,102.84099076691032
100.42143217693904,100.28757959369823
95.06368196726746,94.97951401219001
94.56651105366763,94.50825152366058
111.47412732449385,111.03628239722732
101.25805460471797,101.12483149956228
95.71014258248559,95.43349586559084
98.18325310109216,98.11970287563516
99.3786175218942,99.3080788613645
94.53756190116589,94.14687880619987
98.92827153764581,98.90442903570296
86.12551426576947,85.56363470420688
100.94356972135947,100.75225319111729
100.85262862152616,100.77795301214341
96.45939760972612,96.41348579314132
99.61480221810683,99.5226621907136
100.39113002029781,100.27289297383598
101.051458003326,100.92492823239749
98.78515767288263,98.6851149480462
90.46232327480644,90.1268888208898
90.18287700142315,89.91377222337357
98.804924868888,98.76346705677332
104.74450065653478,104.55851031395088
93.9050915308648,93.84388721103346
97.38259188613625,97.3044661606275
97.56712773324372,97.49114789932786
98.5345427495717,98.39506357939231
96.12975589754966,96.02644815886184
104.34434228546031,104.21185426582387
89.40848816107115,88.6985411328864
106.64346204600407,106.48997788517457
96.40427097502453,96.33387723597316
113.47139591418689,112.488244977211
99.14893273994987,99.02722275702467
102.21756195212049,102.17310621612718
104.77808774425802,104.61602559867534
104.02026596993255,103.98313326341324
99.17912695497893,99.10764661069514
99.60579469633534,99.58656794356637
97.350011206762,97.30815327989369
94.91182040099666,94.72959525082571
100.11549859081133,100.02657912428951
96.41984947095527,96.29100227826873
97.8900298623321,97.7692361557835
105.6564998959762,105.51301176818693
98.31634109434636,98.2851981225916
105.58558366676931,105.46609897005825
90.2346374165727,90.00882548048472
104.13964251286829,104.08108813421028
106.20888819367956,106.0623306463771
106.72013821720469,106.65089969095888
99.3623307749531,99.34675343514732
102.01439394533286,101.99022727207732
100.12806196959217,100.05991610412892
105.32803215434484,105.12045410529414
99.92901218628272,99.8315778615237
95.00667645977892,94.87899773345893
102.99722790485585,102.94896676372377
100.12696682296468,99.9481021844227
101.78132867534734,101.67740159397543
92.19765845336745,92.06315149838512
98.20328177296403,98.06550805209133
95.76565020807939,95.71275204803528
92.92251116267576,92.84961458108512
104.26334845008158,104.1362481417543
96.43059552256206,96.3276137836593
102.71031627434843,102.67228382261597
99.71598424881068,99.58383008630368
96.74365432481245,96.66321880281771
106.08912668052545,105.94528985013771
101.6632282293356,101.56834685490108
96.24361728457527,96.09524898272038
104.66536649433112,104.21601064717971
96.49775737677186,96.19770407242059
98.34707258989316,98.2837214959626
98.7323896880823,98.62006613635114
88.34295726016605,88.08458688690845
104.89167375139311,104.7746987309752
102.90048096920218,102.79920111936482
100.22643236443402,100.11767828971992
97.24974976242375,97.18416871988491
108.28510704126043,108.16863531125603
104.27533527381478,104.0901809312993
96.1805746316524,96.0877779731913
97.70407257992456,97.6750979340651
96.20317219430574,96.13306337252551
94.58750038731655,94.03004132602253
101.10434173817575,101.02924569319111
101.14082654147538,101.09623926804869
100.07289675161974,99.91093466883807
103.7450329108017,103.60063677565655
96.09972763105881,96.05615702528158
100.82858071805141,100.79874751430465
113.23219664377733,112.820669864426
92.79456779828996,92.57059486788928
93.37877820410746,93.23885345900077
90.65021123758999,90.42927239608522
98.49281134022803,98.38151841814906
120.83959776651955,120.11456253628681
91.0015275882901,90.749384009697
92.47261767778532,92.2018959545647
103.80836935768696,103.76912039785243
96.75719407996775,96.69249034837871
91.24434433983184,91.13943743828084
99.50575397764908,99.45279901481177
90.60929187077322,90.38479189603622
111.51147767396618,110.96968707759339
96.99912749911962,96.75703249242545
96.6842369701513,96.45542725786571
98.06277140458955,98.0272601525817
113.36746252967316,113.00767011476684
96.9710521288241,96.87173898984466
99.24743711881841,99.18181077556066
97.53511875935173,97.40082081002029
117.14373004964027,116.10096776376417
99.05850124071387,98.84614860651779
92.11763959775664,91.96437003890286
103.15564578932572,103.09877034999006
98.05851123113685,97.8647282812626
88.57196085088266,88.40058581814864
93.45349811743239,93.11183688264087
99.13367928305826,99.09869104560077
105.7675747407825,105.51207674454085
99.36678058792026,99.3299012609212
100.00625000649566,99.9410089889401
100.37653084967222,100.27156818186513
92.27264019512627,92.21824906339513
99.9247749144929,99.89951721921548
92.33136094551872,92.24239222743618
102.11983726673989,102.08036694765849
100.70517658337394,100.62399758631173
98.26629644639881,98.14797911173994
94.93833070131191,94.47710913949133
99.1740380234557,98.94297280620049
103.45525165155529,103.39923784901576
92.17828640467836,92.10966971987814
94.07228820053012,93.97771017635543
100.81702313979295,100.5705169628574
99.91110490720513,99.85902631660443
99.20812964343342,99.03604401774467
98.54171620890168,98.48268550714096
103.68773312596882,103.59509111268164
98.18544349112167,97.94521477541358
94.3575638720007,94.22585235288057
98.06533403133265,97.9463292352209
99.20155775770746,99.14726596389445
97.60390155819734,97.49584270152131
94.40810609458126,94.31158708789422
96.71399202035298,96.64212719586449
92.20506912883424,91.95996490547384
102.01685794413416,101.8989449561016
102.52192844820598,102.43729392562085
102.41546416116458,102.381778323165
90.49010389621075,89.98318849061538
106.43624041912932,106.18847241586086
104.10012079161292,104.04970034186678
101.0116134582876,100.93317989515285
89.93755493567186,89.58893778890612
94.59057103249275,94.45475406132135
102.07640315244693,102.00018477340288
101.37734015762139,101.27487829363349
94.18986802457057,93.90885917646811
110.71291787050136,110.3336676702411
96.0615798857931,95.99303713739044
102.10826374972117,102.07587402604332
102.69634229272874,102.63376900574721
96.6343632136029,96.57390697678714
99.12746125931862,99.0668535360288
96.03957006444688,95.96420522202327
110.87218573309157,110.15321647646182
96.52482191320841,96.37651027071978
108.72026061258983,108.5894537514607
97.63501111875739,97.53245825880369
102.17497049786445,102.05416906721823
99.2612184875875,99.21186665105971
97.23980363548985,97.18048083037924
96.90461064225627,96.81768142090361
100.9850234841665,100.95545765651411
95.27423431743351,95.0626407361611
102.49182290242845,102.41121617477913
89.6250905675896,89.43277897226979
98.52253817216291,98.49989879536854
93.9587026465281,93.87210619617565
91.80018119817858,91.57129015684271
99.5005322920582,99.47119989398031
95.92448825656766,95.84647155579063
95.60884009160777,95.42828965289706
91.78759256848575,91.69296101029379
99.64174996291982,99.60579153578222
99.01352024156157,98.93162947680648
93.58661284888812,93.30232683125425
97.21864107835694,97.11583319482446
97.8796850397522,97.81407222975568
97.78957588087991,97.76925468636487
94.0285616275813,93.66760053295015
103.34629569148262,103.24087513342205
94.50878685658483,94.41556360098105
98.59030696324113,98.5409476742951
99.20338778499155,99.11338422784873
95.59452365395686,95.49998440796695
98.1679939746697,98.1224568849125
92.53831088862516,92.30783394152482
98.3957038119498,98.33700128897209
100.85469448404422,100.82080347821945
109.50278259741026,109.29000036056065
104.56820650761075,104.5446305562657
95.35576028615023,95.30070753068009
102.00167077999164,101.95170125018701
90.94229047815548,90.50474837022409
105.80168546725417,105.47479147662993
97.06402637747358,96.91858780056288
100.9309536314417,100.89359875828993
96.93310298288723,96.86825796780047
98.57148437222325,98.51317406957264
101.02951895964792,100.83486657291814
104.14939893686537,103.96891448728103
101.90268914956837,101.87682865319454
95.63840686306914,95.62117393034012
93.5149501754215,93.36652014901708
99.29324598037972,98.97585601538913
99.05891703299523,99.02245131913644
99.60645150008057,99.48765970261961
96.8061307758388,96.69066494872853
110.17191212137078,110.00260733112039
94.22177823599637,94.17113564737302
99.91275323984904,99.87191389772308
92.81619777859258,92.7613370713951
100.35678900040388,100.31236473534513
104.28830598883654,104.08001078378564
106.01826656951886,105.92833526234031
91.24509156787997,90.70810391738138
91.76506209239828,91.631489793128
111.12740686036892,110.7389761656616
104.5335783382345,104.40809178078733
97.70867149449631,97.63158875264438
110.81392681621394,110.34969429050766
105.76288884421247,105.71979777960954
94.17550467496571,94.14572799762638
103.15399584560605,103.09455506441329
93.37077318304769,93.17716519916011
99.7357187422313,99.7018700475209
92.27040947956733,92.18460213971935
102.64700560737433,102.57905731692527
93.62193798932574,93.3236342623964
97.92568903130825,97.85979725591093
100.57122096545255,100.51704297567184
93.95672373610545,93.91324898286403
92.8638362276736,92.73954465918203
96.62433431782163,96.55692431552669
92.89765972612182,92.79199583455684
98.90052728468886,98.83064243454281
96.67863648099184,96.62332363835756
99.69136231130759,99.53941375785232
105.96073599720198,105.89499766655533
107.11944472925742,107.01626541393257
102.74025257579856,102.63897678632192
101.39829548527594,101.35972403990733
91.74950786178252,91.67231657310245
91.30307544856352,90.86622833948753
96.38220630511522,96.3520534522253
98.22775484127551,98.16881149867518
94.08072485508843,93.75553735612408
99.31984372712664,99.24809407247258
99.83030466783143,99.72441632032745
89.31368928724466,88.8109759347213
97.30448100937065,97.22522404172673
102.342625364578,102.20176019392882
93.83279652742613,93.70174642007377
95.92963244390018,95.84950499743348
107.82987252593462,107.58228519301608
107.291835143172,107.09842900661243
104.79308778482064,104.71531660847256
96.38169853807995,96.27331583802226
95.57810149777312,95.54094964378721
108.40618395364223,108.28805072227743
97.10517872001306,96.94089776013669
100.41671658816759,100.2705222480806
103.23316676707871,103.19343724669437
93.34039621679682,93.10720303256281
103.01473242925887,102.9634912982266
109.42088898066558,109.239169207592
108.90182062378265,108.6903569683321
94.27876824356359,94.10963325703604
96.07804162490729,95.97233622658602
100.00191805350315,99.88848391193973
103.91777635039439,103.9015761012088
106.82639731936415,106.76855413672243
101.72004405476912,101.68594042482103
103.5976209597683,103.56320244800004
98.61994144563296,98.57308842428583
98.99565266560968,98.93871023102956
111.38814499191102,111.1597811253833
97.04471609306367,97.01194149477554
95.98942179385422,95.8227847942095
96.34538742605842,96.28066911894308
110.68417842108006,110.31988425129657
113.76949372423282,113.33153712966912
107.07340240484896,106.97744790150013
102.12380075047906,102.0793904709817
100.08732763047709,100.0321533449619
107.17927512203208,107.05681956662399
100.48565252983592,100.4061272079724
109.94874385138031,109.9017208598392
97.20909299083108,97.0822133873434
94.45740015792933,94.41272144430684
94.01765157223913,93.855780705758
92.36996274991418,92.25653779556775
103.33729792108792,103.305209096873
106.74360109846707,106.60937747181504
97.0170575838446,96.94875590970845
97.44082579471713,97.36906557623786
95.41495049922403,94.80785124336063
103.84957684466617,103.77148703840379
105.51813254116439,105.27158776451745
97.42636182881948,97.37274092036687
93.22053469032282,92.98414368947142
92.67403959378278,92.45632377660642
93.53871697989858,93.42624507372601
99.98137402281323,99.88628593920153
98.63828982934551,98.50617701822691
93.77886423422805,93.68866547391804
105.34244606247712,105.27747690716082
99.38112337086316,99.3333679267371
101.73604816282774,101.60741421558596
97.27766789064232,97.22462854073112
96.14992909569747,96.10784228372607
91.18658383240977,91.01818669006518
96.57461562303817,96.40448713750392
109.11559729084763,108.99137057573944
94.07386647035281,93.95087293630999
98.08124126875342,97.98244907011129
105.18267430611135,105.13783778820408
90.59750342939476,90.3350824876705
84.80031076379593,84.47715675338227
94.92512073999544,94.75520254089975
112.17370864989991,112.09892848366148
101.91807589702958,101.85864622924117
98.21037928380785,98.14891233212462
99.48696217714615,99.44690919170061
88.70896506886655,88.41618935157916
109.81161111770245,109.52631813038269
97.42968772672289,97.3438500099538
104.74198244721562,104.64114536792451
94.30124724175977,94.2651714718819
101.24139786733643,101.21410481565134
109.00587787568597,108.43839935494468
92.56911165555434,92.2675607586727
100.63106605383445,100.58146745235567
94.31851819609491,94.14531845082898
104.56836926649326,104.48012067566798
98.06945847837471,97.88477970252825
96.96944921518657,96.90867790722962
103.11841201603178,102.77754526013784
103.60624760466763,103.35553677442061
100.20925595777659,100.16512010431411
106.98469010518656,106.85513372236547
104.37210062861362,104.25412369620936
96.83841863814058,96.67917689876562
109.59605036049052,109.11137662682002
94.90094128454749,94.82628472559468
95.22835723006212,95.17434683612328
99.2909956535022,99.10845546876803
92.51951699300992,92.3965261994673
100.44130487939617,100.19856461802682
94.64226821280013,94.48589655103305
97.81693267306773,97.76615712586299
94.28726450625742,94.13033226366572
101.89124395320516,101.85047231662791
96.33358726208434,96.27520659964888
90.06731082965767,89.72164371999772
94.37839685234883,94.07882086238607
93.77380790659821,93.56243133774028
91.99692724646677,91.55180023415757
90.0583188574267,89.6142492380445
91.4624526631283,91.25929685209137
106.71348352349514,106.59415666935998
102.22857433046518,102.09116676366847
96.72654081900693,96.57186350640991
101.79331698502166,101.74270416034885
101.2471845803877,101.18648189988537
109.83156974366821,109.62565200615995
99.46523491689938,99.30443436420386
105.70360150809482,105.5965806931345
92.75191967047199,92.66249829868843
92.7498383436087,92.61292257555372
88.95734211048467,88.64235333878393
95.23198838752401,95.16530157254616
107.2401392561167,106.84405336629203
100.80163375468206,100.69772503806118
98.38722571374457,98.29888436720381
98.37359832344654,98.35075182361861
86.39199643382756,86.04931096439527
96.14527115169284,96.03322574055606
101.46089362164976,101.41089419447604
87.95347320625848,87.7433311241482
102.3141214546208,102.21171319179204
100.39765538346909,100.33434103521392
95.73228202690015,95.57042600919829
97.47488863880257,97.41720267715934
98.14043481180194,98.00005822395956
94.49032644110515,94.28590928814407
110.29743217957775,110.12881527244404
106.37854674126844,106.28424477162403
84.08997431580337,83.60962535514446
98.37999159819238,98.30838986580048
94.93158941112534,94.8442173023447
94.4971296183495,94.30343450584651
95.2988395103443,95.27553439040064
101.41243727408244,101.29896867512288
109.36458006122153,109.08628017564308
93.4782513735019,93.26472566087507
100.2695331088163,100.17305526049422
98.59221164231474,98.52128326231906
105.79183206770114,105.72692736936514
96.08616817504792,95.82925405772504
100.07727226525785,99.95013964956034
100.90493203649665,100.86693084058511
102.16394576132149,102.05391522701868
93.710246767521,93.48721294363669
101.68852726988116,101.55403501854933
99.88289224101118,99.8524085438097
93.66871364171547,93.61446979498743
99.46294000605903,99.41930379452579
109.42866674621914,108.51227963837982
109.10340446113811,108.91680064020633
95.38508794036736,95.17879898853518
99.22814228682135,99.15685893892504
98.29535781516583,98.26724224687348
92.8369366471452,92.5595295523363
102.58532710471607,102.5494930153943
104.08406066452727,103.95790510399577
99.88091413343,99.84330800971836
107.92762409300738,107.71766996158826
103.19786082074563,103.12600320488035
110.22053700375331,109.52671122228458
102.2464019640359,102.05211625822253
89.90789602346935,89.69730235025477
96.81592875517974,96.75399612175728
97.76856468045382,97.53674200239459
97.54946357708259,97.50564633240741
106.74809016115174,106.68862143409562
91.10810177950347,90.94280111557448
98.53113240238747,98.4727971855218
95.09905084873547,94.63288176418834
101.22493058619712,101.18707981308273
100.91376206343392,100.85901612936281
93.9742409744748,93.87174808342859
103.9754102544339,103.90380902565873
102.73447146788988,102.4296641714711
91.98163608956395,91.87069847668178
101.11523780823433,101.08032670614585
109.01102283445134,108.77397914882432
104.54124942908679,104.3137329032664
98.60108547659175,98.56977074614103
107.7136563839798,107.67011950077813
99.08679911459934,99.00789949310119
98.12713464697703,98.05340942176377
101.70592968436709,101.65753971195377
99.17672450502835,99.16410984874541
91.55128769500028,91.38762348117906
107.92683268919929,107.72575710113036
96.26899006639509,96.1574998703934
99.6213266711387,99.59478666570925
102.87322801261081,102.84601245109958
98.43532897524945,98.39206110678238
95.70722634389882,95.2966673583443
105.76175261509377,105.57795800162475
101.76087721458256,101.69145014606742
97.51484263219349,97.4524854208824
108.58343817057819,108.15575421368156
102.90604389507635,102.78973525366925
94.01598755408675,93.77453664733673
84.75615678975284,84.23480873142309
90.89688457667357,90.69606154853312
99.88503962852134,99.82262002810506
106.15620296432678,106.02574521413587
97.25456450708245,97.22264934989461
100.0522209120736,99.99864725498558
97.8867296312356,97.86537579250924
93.65798506848081,93.31292988086456
104.55923670641907,104.49474114338815
100.31562517418052,100.16738749623836
103.37581191236042,103.3473713526169
95.35880685838414,95.29866915177921
96.5557804187912,96.33290741269606
103.39699397631902,103.31571544454404
102.92484548224903,102.76555973837746
97.72092552823429,97.64062213538473
94.79066828940701,94.62207664505205
108.3448660780289,108.12670856081469
105.20119050441694,105.006431606982
103.69752326914015,103.63920651442898
96.32467000016106,96.25140689881745
101.72447687318194,101.48989307356597
98.66839337839572,98.53768833466448
99.87779878757875,99.85566675688978
91.99801986473966,91.68445524410241
95.72857922589264,95.52862786147874
98.265621045036,98.17479359618014
103.79893166977146,103.77836224000302
100.38741030374773,100.3521746486553
96.92809614044087,96.78388459586819
102.7047927161735,102.49683739754998
103.50409277006429,103.42187414748024
92.89691350958992,92.84227526601943
94.91182222832762,94.80536643175711
94.694012420573,94.42557543618865
102.3403680817743,102.31004336473208
97.83105786958835,97.79101562167224
95.83270471571552,95.7289548957667
99.7719987604481,99.70777620726864
97.62947381149152,97.57920088533896
94.79460041715566,94.71267056964608
100.6866757326562,100.64820734277887
105.92913685227013,105.80378774926464
100.95892472028163,100.92168267248948
93.27518176034911,93.13331915809886
99.10888743692807,99.07097952478085
96.33324947946298,96.29196128645734
95.67089019616962,95.43977950549215
100.18018294625612,100.1273106076617
95.32325968265957,95.16043633060578
94.09310691285334,93.98193023117666
92.4329466250545,92.32775846893936
111.01476581791594,110.75017647509023
89.03423843906914,88.84794485653973
106.46568829035719,106.16375566873646
101.93003682470673,101.86836625599473
95.19664575886323,95.15975701298517
99.40373275284747,99.32847517129468
98.59699521672538,98.57749518667137
98.55576854079092,98.51995742630375
104.8405498319051,104.73619226956937
101.15373369275184,101.08805969728455
92.26441457438601,92.06169175928021
93.72794703035669,93.52184536725741
106.21160181197412,106.13339353041465
87.75393303259683,87.52374518201002
98.42289097554868,98.35263120124223
101.2836399218652,101.16083679023158
113.46818313816787,112.95414817489645
101.78904994507347,101.76100254948174
104.81254199514667,104.71127122350167
104.37045543766061,104.19462344294897
92.85176952718125,92.73067960596663
94.87039331491528,94.75639582943505
96.91091812849928,96.83432778450451
96.21240761383166,95.8115579265773
92.27045103672145,91.94809122247965
90.7588791298931,90.44977369059924
100.43426953472493,100.37147131368748
109.81051840910627,109.70396958902079
105.97155120711287,105.87851042286994
103.57339145711046,103.32375649387818
100.56333481567319,100.52152597111734
93.79890209886014,93.70664365347537
97.03855449199877,96.9666922602989
95.63440542294445,95.30822636982248
106.09264213238552,105.9078703708975
101.20635899291123,101.1600331162953
96.76611039116904,96.73669691759787
95.4280712344871,95.3245350295722
106.82085568070474,106.71074896252493
101.29077668414105,101.23744963653148
99.39672618010326,99.3327193010625
104.69185995501235,104.53434119735354
100.35516878775972,100.25958923158822
93.04982551221467,92.80288002550273
98.37611071839778,98.31571913305969
94.11883931810152,93.93383014809623
94.23958247685704,94.1823408894868
97.43854885297569,97.32784171469237
105.47381349938632,105.30239470362515
96.78436592903398,96.76156262470597
96.39173480455241,96.35948182798037
109.51902576644098,109.25942041736181
104.6663918843815,104.62346205983866
99.87905816214244,99.76415765502756
106.31288861706662,106.13300102409181
100.8445819056252,100.75432960773144
106.82165261027848,106.7337566133121
91.88542874163768,91.76605239519984
99.87637931175206,99.78520941604428
101.48594461237158,101.38095999309081
93.39491470216308,93.12766767854407
86.41712056050852,86.08020355906135
91.06504673642623,90.52659632937578
98.05558639998355,98.00770949777377
102.52323496389361,102.44429190997191
95.00853969059335,94.90709345042482
102.5213964292716,102.27144090551273
99.66770899172907,99.61429802198705
98.03138816162092,98.01039862017903
93.12158859976496,92.97978285912792
107.87553420130958,107.72183245062699
102.02254949651076,101.999128279239
96.66249066873921,96.47071882514078
91.27773660162012,91.04797509774141
103.90859423652644,103.85920890066403
102.56315314302608,102.43634147027166
103.0096796502608,102.90722897347837
104.4745443252906,104.04987928359074
91.45587778721867,91.38916227974859
99.35754342752887,99.30340725257103
97.40762498426676,97.27301267251347
95.9110006560067,95.82625351871381
92.41666869561992,92.32567025586529
98.29246508447332,98.22574199697365
93.06858196825178,92.84731955108519
101.187588106721,101.12493139969835
96.38934124549033,96.34626711563226
95.85972064869064,95.82170070651044
111.93632042942751,111.33016381804653
99.36502753216075,99.31487639387352
96.41450370515388,96.34242564226601
106.93588937822362,106.84536569529638
95.8599761899921,95.7127316997368
98.69111407909863,98.666369872255
104.74151266059995,104.57374848580403
98.69292984012462,98.58961893005102
101.59050387055848,101.50305958523539
93.40468803868166,93.33456341634691
100.21955320372989,100.1922210109129
98.17938616919766,98.13425010208587
103.65133373476161,103.62141960090646
95.47660661189862,95.38581156401968
102.28683228795418,101.93874073315529
96.24734295942272,96.06914338468864
109.08823440860509,108.72698861453257
100.73648827739869,100.68292778552485
96.27232297022027,95.99573193886751
100.53259151205646,100.43636148897615
98.13813361768793,98.07534207184595
101.34299933867811,101.23690717850957
98.31296419194103,98.26625176883198
97.63830406812416,97.56372200081663
95.13811611795386,95.05648755738812
96.03412732707459,95.94836829203682
95.25340401917552,95.10914782296456
112.42390259248384,112.29716974760088
96.8530530451348,96.71803387330196
93.27010653458716,93.21702402478037
102.97910362423914,102.73165186676685
88.13837766683561,87.75500707760298
97.19170175839417,97.131770686678
94.47752818864905,94.38891661703241
96.51791656525852,96.44278179167335
106.549362701311,106.3887005210246
89.90718502384969,89.67456393492824
101.15255127920435,101.018166413457
103.62987113963437,103.60638737849423
96.67590777856967,96.57302244834146
88.84708761501084,88.31159014759356
103.17537853602268,103.12363394158295
86.72823612354009,86.35466806871169
99.86252019904222,99.76562967519742
105.37361132157446,105.09843941803459
96.73480138665757,96.62524180521802
95.28069260182876,95.09914850401164
98.36658650736979,98.3134926107698
90.8510180345577,90.6679593311553
97.99395313785662,97.81570602777876
98.07009607212797,97.98194256441752
100.49648528454901,100.40762797004254
102.16679561992669,102.15488270279043
109.64274315156605,109.3702878567752
95.23602067691334,95.0436633429818
96.41835794389313,96.37957108095897
97.3994166121368,97.30716517643285
97.0701202776226,96.97185854018178
100.47802281960575,100.4293423466438
107.28803395280492,107.20214245975387
105.95025677840323,105.7031645086564
106.9417276263196,106.76679127255747
92.96504602355954,92.85800157084869
103.83201754629916,103.70730568817004
94.8441052711666,94.76712612424328
90.49241833188633,90.13699060998293
100.77606311933354,100.73172582968985
96.8011510679534,96.72149359618736
100.44813481078945,100.40702591919774
92.78265537204793,92.61218690989925
104.16845583660955,104.12246797481045
106.6578006427162,106.51653601364775
103.76738343441535,103.66681895658024
101.1624997551234,101.02352078736475
104.41431924775212,104.28230198097407
102.82034757723203,102.77057748004599
95.14472938064333,95.11515939785777
96.91829411260835,96.84145376014641
96.74075286750244,96.67091264121258
97.63194464749826,97.5472049477023
104.48702933965264,104.37973176082016
96.45545493393463,96.30020238556283
98.80107821230851,98.67164890970103
92.31981215862565,92.05679587541536
94.01402339054708,93.8714493100543
96.11321331520102,96.0166715028966
102.56863085201492,102.51528202710172
93.8924728762194,93.54450777894394
100.55204689220108,100.25286865598233
96.94103060677509,96.70301842779288
104.09159180707158,104.04637052862692
98.67685474328572,98.5790363783216
94.22733332598226,94.17871699276026
103.15148338840606,103.12907689808559
100.79583046675327,100.72153228635656
96.60834231886898,96.41233584334468
87.77910594623353,87.49437175814391
104.11060366164288,104.00003136806883
107.71511583199589,107.59215095323131
97.54766774310134,97.41512994476736
98.76538887329815,98.69669987714057
99.2726035192883,99.14805840013476
101.26682232658028,101.22067938229289
99.61503475932764,99.57728471920993
94.25719940128738,94.18419963138949
96.79713305891445,96.72296882620613
93.99354260955603,93.91210160250654
94.10018258120037,93.89759258395328
93.260301301384,92.81420672744389
96.77660959725272,96.69777777765555
97.49624144070985,97.43346782135126
100.66883054510394,100.56151737078783
101.8123653962498,101.78923040105524
99.2534366242831,99.16735152193691
102.9700696058876,102.8606484112924
98.10153418517226,98.03872239588006
97.32468867130179,97.26700505312482
99.59037105319139,99.49956494131945
97.16665954050569,97.11053957933045
94.69538188019501,94.58054395359851
99.69594714629706,99.49738400843763
93.47512571949386,93.43957156833292
101.06581142182227,101.01584949498125
97.08744582091647,96.98810441655607
86.88338963807325,86.40127231991069
103.70560559849433,103.57925090695338
96.52169829968008,96.26804356873231
99.26127490896492,99.11629008861324
88.39484366574698,88.14933817598885
105.70882262602818,105.57811057328722
95.0618452824757,94.95950495296593
89.4384440478439,89.02434093714683
91.13406453850554,90.84964185815237
97.3671003978955,97.32003651511073
102.29967579031127,102.17736111034122
89.45017086264384,89.28216288997976
100.51840871467233,100.4707426169784
95.55282481471076,95.42375834230316
98.79568791591166,98.69376643656696
92.63396829023536,92.53123171400378
101.81966571621555,101.7157635566673
92.71296498399494,92.59329023145389
100.65203126993116,100.61016903468546
99.07011246743593,99.01818839832104
100.18097074057049,100.07924582070176
94.31740965411882,94.21031858093582
103.66352902177054,103.36009163539113
105.18585835868089,105.12985615224062
100.19093739548799,100.11678669792754
104.96505164165156,104.84282493895977
111.07739270600202,110.58458600249351
100.57681924941645,100.54867618923149
104.1749021169819,104.09657193019693
113.7924850745567,113.46523944264604
96.35178015525466,96.29914525873012
105.49803466055691,105.43381600721834
106.590566943393,106.41266465798266
93.22257542083868,93.13884469067064
90.27789202764849,90.06695492362036
108.731437849197,108.4996190336267
95.39081043148506,95.21794542046707
100.94652196806865,100.86254531709439
103.97332537966258,103.85876145959378
91.02918014400458,90.75644810868877
100.04507315588653,99.9735968641247
95.93355170529676,95.8631074646984
97.01146922040346,96.95020993385253
102.88923521235148,102.80641400359784
93.39533045804906,93.2562540165639
101.6772438332931,101.65136908591415
99.0254326948482,98.99621357439531
101.93496526097448,101.86229888984582
88.33250489309617,87.83517439091828
98.92743822998693,98.89300724031798
99.20705234297286,99.18748386888024
96.17953764913798,96.1536231982634
93.80365344025516,93.7112968754644
90.5130998373774,90.4029748833167
98.31949092388389,98.26061819864269
95.18257259353364,94.95941114287426
104.04045836933781,103.944985680177
101.94166713037663,101.81774179772032
90.19556678383917,90.0766263185169
101.55858328786789,101.49274900950486
100.0462297604266,100.00218757667676
100.62226479728399,100.57689502754928
91.01711236020485,90.86593928827433
105.600551994049,105.55506620068917
95.83266890325687,95.60042427884375
99.04062158770407,98.95582871545393
100.22689853900056,99.97582496273591
106.57107568316607,106.40282344256629
100.19005589601295,100.15008531299571
98.6716321712291,98.53561758579737
92.36057796939436,92.27888228374306
99.39683991285546,99.34569394273096
95.02394280449582,94.95506590178765
97.78881861262268,97.75487586389178
101.5307154103305,101.42423025838674
97.51258773864339,97.44076461441952
91.61473923830447,91.35028396268088
88.82762095751481,88.52530044920452
93.47249464153906,93.39924459092146
112.41103333436675,112.13214553963185
102.61274665128383,102.54357462960621
103.87689615854669,103.70543706703968
105.13752670646622,105.01766256453983
108.25895656691446,108.07874012296605
115.24060990013271,114.76264645132642
102.068393720911,101.99344753603918
98.3010756296599,98.26531893278593
107.83679442659071,107.72378922195699
107.91543541743377,107.80199832540228
92.6900693352746,92.53522641197908
93.88979339672575,93.73590846939543
92.5012539871419,92.33282183446937
95.04725008342683,94.9958114950513
96.43772210932757,96.24503088677388
98.06212168522553,97.99329506325675
94.30754319587803,93.95743320266799
100.29817844411008,100.26939198313788
94.88187515876346,94.59954428599619
103.8898350768644,103.83518858265732
100.24892162545991,100.18375282702182
98.46658192505703,98.40824037162663
100.73202410414835,100.64391048049579
94.66546800954302,94.56566675927556
107.81311098311622,107.63846212206232
102.56441515723861,102.4880416259062
103.83201321038821,103.69829706091562
96.03557228944459,95.88713426045709
94.91702479616625,94.77272607747035
99.56323393781828,99.4363615293636
100.8918749914479,100.64932769427618
98.20516523787752,97.9961344369338
96.87137196547218,96.75535819714804
94.18809924312046,94.09943049789122
97.1646891787299,97.04331343019543
95.21752971779364,94.93322878978084
95.70891129323576,95.61092397365063
99.76406385658488,99.71061871419722
106.71605909230067,106.65875663146116
98.89546282249745,98.67080572157322
94.61310212311132,94.30516692761029
100.05449635926806,100.00517417961841
104.41829947479428,104.21586071136262
93.19763747514335,92.95023112689655
104.92507731852294,104.61983690158321
95.15101430613899,95.10205284405437
94.43835436474798,94.37399689089568
108.25336367110376,108.20039043194048
101.5137438137394,101.44828596164663
101.06288667472387,101.01432533269934
99.15380474564509,99.03219762229102
96.65014968899071,96.59970631923078
93.2826435746544,93.03405521576522
100.26908534422559,100.2046494022303
101.82915337607704,101.7913727678487
96.83842594778157,96.46359760509282
96.2219460905913,96.15062200863693
97.20388987069907,97.11643873177401
93.20825148036901,92.97114359237553
103.44128656436655,103.38339862300663
98.80086403142145,98.77233316975112
89.31573901223997,89.09740770829893
101.29044279937813,101.25897694317358
98.43994623852768,98.39549921235871
91.29701825777178,91.16154047294903
100.1625115934723,100.02033452384676
95.7154278954009,95.52351279566733
103.93844130709607,103.82681807904135
101.49190974510753,101.39582127535094
96.79415087780049,96.71358468088756
99.42104512099954,99.35293840258706
99.32331899307098,99.26108493079556
96.47623077934254,96.42829130779137
105.47021136727763,105.30656684063298
96.54987660200919,96.47937255604637
104.28661969752395,103.79379202870703
102.60816898569097,102.4836317683044
92.00632181003647,91.9122915084679
99.63928034430681,99.53961991944706
103.38887719651446,103.1447958613177
97.23072417862053,97.15012010403531
106.90908066441338,106.79946751218053
94.80304077034168,94.54388058978759
95.95546651360115,95.74528356444877
91.55821673042782,91.03692046705086
103.45063714619852,103.42428993326502
103.67884150100737,103.65206987506104
94.21814786481816,94.11274386035393
91.01846526842775,90.93397440818609
102.08716888462786,102.0303968244144
93.90093252338887,93.5656766739512
101.73864154754749,101.5961456320017
103.71376388222411,103.57154822304045
96.57839822408665,96.44953040253274
100.49433788882257,100.46490688163523
101.12868256839667,101.02806608984439
102.33871330134365,102.23926896361893
98.34986867269407,98.32487312103665
98.52244790227604,98.44520163846892
101.21813142685471,101.19596676128461
93.97892306055505,93.94537466031596
104.47307368701696,104.33241725640701
106.23780726045845,106.16408863468652
104.52162180851502,104.37659415590313
93.56867896725197,93.27800760335901
103.4182060395182,103.37905360917631
99.1856052908781,99.13450213425278
100.00970445733607,99.97141066436089
88.409635754532,88.01473667835299
94.21651613971099,94.05239471832726
100.00251382401285,99.89391262858726
102.68987297637327,102.38579087330793
89.5787544696921,89.40468411008564
101.57909875172378,101.52809778686203
102.56920991872896,102.47015564807207
103.26638654401393,103.21712970024967
103.91569677521717,103.84637491630143
110.0971728308623,109.88251787216423
114.21471141941394,114.04783796747067
91.56732348529509,91.2770523147791
102.875253989766,102.8119026695881
106.49710619158367,106.36834732298244
90.20481947929089,89.96114649685667
93.25434714823331,93.19060264583626
112.48206736817019,112.24545552813761
104.4014162105006,104.29355068967084
97.38719552198958,97.2737971095884
102.45271637688735,102.32608482744288
101.69971934689941,101.64896904619327
104.16229998966746,103.92922281936798
94.46137282971183,94.36989869566905
94.77465031942177,94.6779510072652
98.43400587327558,98.35913687835225
108.25610382846891,108.09829403917952
97.49666958357652,97.36835370657464
107.40422192367156,107.361987720415
96.61031978182699,96.49822961559998
95.62416045956543,95.4783184448376
91.73345012985102,91.59916146437386
97.13954070629472,97.10908186034028
101.59586247981966,101.51782350983689
100.17459025084591,100.13361006571346
98.56988535919824,98.4867152509387
92.86389215704048,92.70207131429648
98.77897707156255,98.71417657011365
93.43853025714441,93.32288664750392
89.04527436330733,88.92830837218382
94.24912126629904,94.11121420011789
102.75510776992671,102.66073787721957
105.71197154647258,105.58991911145122
107.04183974235372,106.9156523920661
105.6171483214513,105.58708149785201
95.98464350427595,95.88646795373383
96.47373536183213,96.38472686537048
101.78977992181754,101.74133892312676
89.96360476407207,89.8457024900204
94.24807068532364,93.84174869394816
107.02569624180634,106.86258138449178
106.42329189618339,106.33916798625329
103.76305215828702,103.69706558241946
104.63360933099094,104.53345161279458
100.04222466136791,99.80179722669556
99.95587050176779,99.85041773886543
106.22385322553642,106.07461629254288
105.11417564433343,105.0374026347644
92.15086656652659,92.09640959675433
104.91272829339569,104.84390809370417
91.91706215146391,91.82235650692846
100.65278526902257,100.61913557965643
105.41401931138864,105.34214044711625
105.54049915500516,105.30941586241264
92.66553650900133,92.59891885228856
92.87108416469779,92.70860852802078
109.26722013085646,108.77378563806549
94.7202850375563,94.56666305840241
98.24882759836412,98.22079793337558
115.1791568392464,113.99449418616894
100.4653142314359,100.38631217945824
102.18912013254378,102.13486158809924
102.76947744405635,102.68090867433759
90.35491837545635,90.00508674554465
91.40604381043622,91.25243191033076
99.21158784101752,99.13531084060011
102.06160761016669,101.99083567569126
101.81721307282324,101.67058248376868
101.03979703201871,100.96430477870362
99.04503167101953,98.89760716401483
98.05783312351437,97.89147215701907
99.61541761657345,99.40097297965774
95.90503031124113,95.72418486680016
109.4926895902434,109.357695527164
96.00943157105101,95.92462969290325
98.36792517570498,98.27027749626903
97.34760921451867,97.20750462279425
107.96972324838914,107.75042100267012
97.88178217660547,97.71185451764642
102.81318294657625,102.43872637119408
99.4531717772556,99.39632066806391
102.15515697231915,102.09554347216732
96.2311875781819,96.18426989250837
102.88381163348843,102.69362123478885
99.1781844022545,99.0022886052756
90.43555340645166,90.1895310325803
98.52767001682385,98.47730342272018
93.94412668340692,93.82826063315034
96.02823983933669,95.97512960685067
100.43445860166926,100.32983312287142
105.09233261016185,104.69851059961061
93.38004208803413,93.30271096775022
91.25846024015385,91.20800271107342
99.7848687845733,99.65183485517515
90.75450265527849,90.59365803853804
101.30163626940653,101.10498265766104
99.12961808501467,99.03082026775724
100.99515729074926,100.90292180099037
88.09073539771906,87.74870002461776
96.51129209166332,96.43382153616065
98.40948087375264,98.25644797740082
94.67924109808966,94.42743482491936
101.54215499348071,101.44558567749569
97.5886678488521,97.50526808753095
92.60052268069506,92.36250150234132
98.56318519335396,98.50846171402534
95.75332182506872,95.66658681873363
95.97969345503589,95.88005090668563
102.71987321807772,102.54452953193616
94.3142918928831,94.2175177648483
93.1678346411625,92.98205591079063
98.87537347872201,98.86310024579997
95.40189711349713,95.33058150530414
92.4456855011837,92.34901846951662
94.90071702982941,94.80695821709692
98.44371597101984,98.42377164381686
116.30970618796155,115.9278002386598
111.33151508742378,110.92954810337723
99.00591583369238,98.97880269111785
92.7513321426116,92.68148157566911
102.07061090554102,102.02179052418842
92.1583992531569,92.05209738627197
104.05305158930692,104.0253871721781
99.9504382588048,99.9122097874322
90.53112191033621,90.14298630461725
89.83787537128183,89.5491890507753
104.38884604542383,104.26991737159557
95.91006903187834,95.88049912623303
94.61109656999398,94.49081139991414
88.892550359977,88.41427295334142
106.40204149045626,106.1860045983902
96.7534374345355,96.55923092338782
102.05371612465086,101.92329957498174
92.99190317264856,92.70429163378856
97.683973945116,97.49942723228955
105.96316338111522,105.80723008697517
98.83856126040432,98.8046957352191
99.49206294784028,99.37319563040032
96.7966766883169,96.75158596056018
102.5399583902604,102.49831319406645
99.9643363606844,99.93857346815878
105.6035216241334,105.55619461115502
95.43184920616392,95.34397298094457
98.79323842589287,98.62660166943873
99.77075396510703,99.64506219796417
103.02050893178841,102.95931856150155
97.81296239884779,97.72742307374179
96.77234396059028,96.68734725050417
102.84108769180908,102.801249165079
98.96953336220207,98.92581803664254
100.74106186999909,100.64968010963217
98.02341499287947,97.92470306608323
101.68761573060051,101.62510972610845
103.79178452302007,103.76099106892039
96.18394812139948,96.05475144931277
98.00258557808436,97.92565729116609
92.33035597384568,92.13429510026812
103.3998899611312,103.24352750111505
99.27194331790837,99.21169167426784
97.74161299998441,97.53610003255534
97.63270816733109,97.57074719380374
85.07106866129384,84.73473847756786
96.4005168132331,96.3144063140828
104.65009501639564,104.5334667920799
101.29554782333179,101.20841705827289
96.90755872854264,96.85569350193073
96.3872480413031,96.3016728296082
99.02294633347776,98.99425499201678
101.42395981894484,101.38934309633561
108.42662445949298,108.31745560387166
105.24920205795877,104.95425465290927
106.80341548807323,106.68264448533843
104.61736077055437,104.5274019190894
91.12323645840388,90.94813373814928
104.25169739547556,103.93571044773697
97.01117479651826,96.92785696736738
93.13536194968698,92.89670154361784
101.01199621141306,100.95777069905073
98.45101890053984,98.37098130480872
94.41189180841488,94.09273945197316
103.07511739836578,103.0384278551352
107.32911911151189,107.05106163775038
99.10807516779894,99.06717450197561
103.97112317874397,103.87871727954642
93.08246255972159,93.00370881982688
107.60415030095405,107.47588835524013
99.19240276337285,99.14105806413686
94.59999933883086,94.52613439313488
99.74048525373537,99.70801576660212
103.0659362912553,102.98466686265297
95.21905990674998,95.11598424083739
99.58073718861061,99.43647430333276
106.18788566197347,106.01194844921757
94.68327178290151,94.65749328876505
98.31982662145712,98.29090757913637
105.9666498876627,105.80823992947356
93.19670504091873,93.09018113690657
99.4412880128381,99.19280553074461
101.65237613006283,101.59614805086167
95.68301410650271,95.60793935900492
100.6752938667368,100.43248161865935
99.52946214591164,99.49869676804872
98.3199059469463,98.24384184875979
99.34710184063802,99.19056323062291
102.91365364145076,102.85391188360343
92.93832854786562,92.83473680090724
105.46940286443574,105.284298632659
91.37032689801873,91.23802765657109
103.51803688798128,103.36359815464222
102.33443556603328,102.21765305415485
101.92130789687079,101.65883277143602
96.63608490505216,96.11226137144747
93.17357990599467,93.09274218890401
102.2056963953225,102.03368132345334
100.00123727539824,99.92329220057627
106.982907764956,106.77429595051058
103.7872735065752,103.74417431320897
99.56412681198158,99.42362155604258
104.9739676297219,104.90723108594922
109.10984395504005,108.88011633854242
106.62705545062026,106.18504486672018
90.2729880808921,90.11518720236616
95.02281338052877,94.9534845181577
92.71968660794242,92.64635485090008
110.33370997808795,110.20734009507117
95.10436398141225,94.93503930957995
98.72129125829271,98.66733353938125
93.22512277660203,93.16107330472944
100.71211125649982,100.67721445945968
99.39810801796922,99.33491622027134
95.84590837444635,95.74571182737274
104.07178409301684,104.03847101030179
96.80548822382686,96.69384100307236
99.02325794515382,98.88973675625446
98.58775210073046,98.5282066850624
98.66154819605487,98.59466647962117
93.49131236374402,93.31466680247911
99.95446376956009,99.88168819741256
100.91545415243105,100.85466558854515
95.83822249139693,95.79259303941362
100.30656465240945,100.28181122888554
101.18574303958286,101.15533200162119
101.11274557725793,101.03143077721155
97.37391445477289,97.27683050198938
107.44777260164027,107.04649364436628
101.7146416535856,101.55404260915286
104.37561059420999,104.29418511500648
101.56943031430691,101.50894985821091
107.0328578746942,106.9106885513205
103.15554743474294,103.09275144604416
100.67341788429411,100.60450055368135
92.64811928666565,92.52895791476284
102.12404947007734,102.07868255783964
99.43591948192834,99.41591340229455
94.23647669760199,93.8352654995138
96.33507467264855,96.27901927308663
97.73737761819368,97.67688289959852
90.38469317317931,90.22521491917355
92.50156537853303,92.42982659223503
99.22859423337161,99.04241825488425
100.84445019152017,100.79791881482822
104.8309981807788,104.68658371646346
94.28743847354448,94.18326715513689
99.57183219741103,99.51582676937826
104.88333499683405,104.83337513751182
95.32090239765786,95.14295539029061
104.30892839102539,104.23838264734128
101.55831758066262,101.26218241298443
95.85676415579137,95.7716537073076
96.4570752806285,96.43427301580606
103.47717365177932,103.456422491544
92.92448447559508,92.86820246213072
98.2771146883326,98.24758869238458
102.82436936079186,102.79319094322257
107.47008076880023,107.34488627668716
98.59763653495403,98.56600418256905
92.48000380211222,92.39155282941718
100.28191614148528,100.15313015327176
99.42099368207809,99.37867447822936
94.17251161434392,94.11135310814733
93.79990891312764,93.62626016451735
102.49937280905414,102.4431106109212
95.59638544761751,95.48132531269624
92.71760954716949,92.60230063765063
100.43012073970307,100.37649847940142
97.92999625522312,97.86054000867365
94.61877832796681,94.37234774535924
100.05638663939288,99.79858290686126
96.67385150364821,96.57462374041326
112.2827943101054,112.11166862285104
103.11283395441642,103.02566255175633
94.92119615977762,94.24392183801515
98.66713834189197,98.63043748679819
92.06977002368441,91.83592067935133
103.94645525738288,103.88963059197246
98.7076241010309,98.67825187910516
99.22825815986252,99.02299699605098
92.99817162571554,92.91521753707961
103.08945712878403,102.97703189741742
98.32386083474228,98.28138508513425
115.7920420889805,115.58032952098748
94.80409459069577,94.69110552913365
110.06675243086497,109.44496867493046
89.58354178287357,89.34034197118238
95.4330994967088,95.36296072537326
94.34344721606331,94.28670102181513
100.40071707314455,100.37271986320016
99.46058238799671,99.31215878291839
94.06422986124427,93.97265641321601
95.89858484378229,95.74877485269411
94.17688119013536,94.0466246812441
98.63435622278844,98.547034684702
93.2308143374309,93.11437584876965
104.93083402333008,104.83993161868243
99.8395676100939,99.6289500510273
102.18287113772568,102.1443547912265
100.84012331790193,100.6946784707686
93.95628819832447,93.61066168515242
100.00545439973973,99.97098633303003
105.29833676516392,105.21890055963289
104.89337374482656,104.8093659160439
93.09417771893582,92.9693396010209
103.1637167567019,103.13109247830005
98.18713694580438,98.14778231475455
98.33516228750794,98.04197684958628
110.07490081307975,109.6102380985987
105.50059068823474,105.35132247043039
99.13438715495172,99.09655432751792
105.93962083049628,105.77873709030924
92.16832314085832,92.02765878662707
96.28773521023835,96.15997053564804
101.3183406287289,101.29951424837168
108.2230826415859,107.9821069527263
99.04696666176046,98.94909066528007
99.44248654564143,99.40815453011894
104.08055131678675,104.04496170108256
85.4613461196555,85.09531683428193
92.11829003510127,92.00978814623865
107.39807948274634,107.13869109762456
99.76651894726643,99.71425357585089
101.23309086345766,101.12772146882034
88.94470997557175,88.4913450969575
101.19636868142985,101.1431692871214
102.43223118632216,102.39325391096543
91.07707924283687,90.95176791422726
100.98454956571932,100.94008499362234
103.10233295652579,103.0194609136581
93.56515837563795,93.46097824540449
90.63719706429376,90.48100686228227
96.88787485653543,96.7303988586365
94.86759745589143,94.66144814808119
96.28520399846741,96.21849545997573
108.77216041069647,108.47476341064873
97.00369953006363,96.83857137652934
94.24240385725,94.0153251434371
102.40818537926856,102.35308954601693
93.4666084535555,93.2986500029536
111.03478780492792,110.80334784905106
102.74480835917386,102.60740509577387
98.40776422056142,98.38472496349263
99.554242950745,99.43786066771794
98.16341058900566,98.12470163234
105.65980941042783,105.45375327558403
105.19626016298844,105.11838308089901
104.95813493237613,104.7285619031648
98.24388011893578,98.2013140972659
97.66500469656134,97.00925588046748
89.37933199917039,89.23382474573667
97.34887539977713,97.30153687022539
101.8994817288192,101.86565043361932
98.54928818880217,98.48344839549893
96.80402820256408,96.75268920350227
99.789168973685,99.73854345267794
97.11649000595398,97.08734818467612
107.91063728560063,107.66674565076252
104.31689227893183,104.19651902981798
90.10276628344661,89.79278254394674
98.07756690476063,97.97795022367278
92.03702485088692,91.97529708034332
101.32108915292132,101.24710563339399
97.11240035120582,97.06282153153724
108.44369501853608,108.2113453870064
99.63405545017552,99.55656122373941
100.59380567836159,100.54428039653367
101.98596638669436,101.92822265011668
105.80053568816102,105.7073826837264
98.4814015415523,98.41353819530212
95.59844183319922,95.41298180787498
103.50966529281783,103.43825844012547
92.38919782873671,92.20558712370634
101.89284330162917,101.8591095820645
93.32995888753777,93.23670291987924
96.77936991646398,96.73995363234457
98.29641366414526,98.25602874306682
104.82534084228722,104.7411585093247
98.84010415996089,98.79494708460676
83.0851109366398,82.58547208833066
99.92657257962978,99.78988222138356
100.24808289924157,100.12048720078293
88.57619569348098,88.04394807305367
104.6990614395203,104.61288329774135
100.35020193784827,100.28569676126425
90.47963142656155,89.96037171445712
92.77314704593766,92.6366620949724
102.03744202518476,102.00527190473551
91.9440507884268,91.8646182351551
90.40290165521036,90.18417019227118
96.11816749194057,95.95722135008333
101.38986538935902,101.33787190977564
96.20234771630919,96.04095783714244
97.66240907450546,97.61940301822486
103.31350758442983,103.26801625411618
93.191115579358,93.11598576019352
105.2180826250507,105.12829597857967
94.75510245743187,94.66542045866815
103.7015069658973,103.66946528504846
91.83622907601068,91.72142538578399
100.20930538256985,100.17779036415834
107.04590043587497,106.85845170086323
99.74175006124486,99.6854642613119
100.40335442676184,100.36435316817598
107.89381928142967,107.75429267301779
99.49258520604359,99.42739976585631
94.49222444446333,94.46114460542222
92.4635538073371,92.38095897029083
97.42685720084488,97.3291751202314
91.57543191403647,91.40136463953168
105.52612417467353,105.49866373691981
102.88036817023624,102.85522160111923
104.74638999003541,104.63508116040576
89.68386310060735,89.55871028782664
92.23945271997863,92.08097660981278
103.94046051702435,103.85112684875011
98.34761413671251,98.22296983135884
103.32112683388861,103.26572292460418
106.95069319651326,106.75613298205575
96.74446750147658,96.56453251658724
93.88664821162016,93.80834873145517
101.8257841532121,101.7497760215588
108.40558360649933,108.19069182088897
98.2032171170015,98.13050795615968
98.1354182356009,98.04538279595663
94.86527217605584,94.7850152686227
104.38928022086137,104.35416994477303
102.41902271063437,102.38809582531914
94.80404679650164,94.67081297630791
101.65298458772668,101.5836837486579
101.39101682548757,101.33633170459647
104.4557843387822,104.40873928962313
95.09444450496247,94.98703958314218
100.78531275641114,100.75104622084645
90.09494440194482,90.00030761315783
101.32052669041472,101.20936744167703
98.42574009647764,98.32529499403091
96.74929722300118,96.70566913561
99.9330786912169,99.89327533302009
97.41501588922998,97.31752021279382
99.66223938276735,99.58440554516754
102.04086017496415,101.96532016114983
97.95712900558966,97.94393817821887
103.82216155217921,103.7076736871887
99.23085369343625,99.14359165988297
99.09496256598932,99.02242845151513
90.24944221259189,90.16145895948844
103.74116461391803,103.63838827006516
107.97207666224892,107.92623451148641
97.55100377194665,97.49821603911221
101.39099135278995,101.25730772513639
90.14227887833228,89.9620619028818
93.76781009296285,93.72004575231315
96.94693761635152,96.87755776764038
90.4910260996657,90.33410156852179
100.21150040645203,100.17731019107451
95.81235635923646,95.74527395166838
99.06219273092978,98.98863740744073
95.28651107896323,95.18746258993825
101.18026045872574,101.117834111916
95.15888333656693,95.11857586667108
101.31087733079288,101.2936988382074
94.98186416298968,94.91998171709106
103.18334299114284,103.11519356733763
101.2452475012435,101.16480684518697
107.53770423857277,107.19897064968241
105.95260485221381,105.83689956197884
93.31628532203071,93.04283157469682
103.29284042470661,103.26381084028164
96.22278356762281,96.14543401281195
94.95993146419389,94.89880720937815
96.73465589638225,96.45725414571994
95.83847870556677,95.77060699305846
93.50752957999265,93.2389809005001
102.36004595505554,102.3082154068823
108.15169901937684,107.90648067015454
94.49620734861581,93.87859974957236
108.82032688050005,108.7053361149287
100.13062043234991,100.09318796528937
93.42690933087664,93.34049851068808
106.29060196191028,106.2148065977677
93.23324585312476,93.18149546265015
96.55063880880093,96.48746953366661
105.77921048739282,105.58442259068713
114.77601590102572,114.29169595516386
100.2860911305173,100.2415719986747
105.70935288271625,105.45909599944778
94.64411710803408,94.5820253376688
102.36165188905996,102.3037420084351
105.29877055046049,105.18375981010486
101.58703817061301,101.54355595158871
102.42254961649463,102.38194963737047
90.45542014601101,90.03695783774823
97.94243896779057,97.92028721952843
100.76824724500739,100.68954582599817
94.81770197870667,94.72710463263519
100.07398655444575,99.73746917446879
94.7034404607581,94.59534574005525
99.71619469745468,99.67413179218751
102.71424135534848,102.59430462102658
106.13173091914264,105.96582821575609
102.46123619365505,102.22139154113097
107.96453125218375,107.50428943403728
99.43997900901105,99.34390864996112
100.09907967469724,100.03560656601557
101.28975967359227,101.20048342678349
103.72477516397252,103.65709353623059
107.40333159850069,107.29032958465366
96.87707199547398,96.82914325770204
95.7061209121427,95.67880388301317
103.53958136228474,103.33755479292148
101.08692029228312,100.97278876097505
99.76362533775057,99.69010345786808
110.60798448126637,110.4180232253216
96.5468506363913,96.4088542777572
93.57609414784177,93.18407089680771
97.92389394298927,97.87902263033915
105.40817815482431,105.32212950512665
96.37875196610489,96.34738928557472
95.86306476111503,95.8307967753378
95.73978741332509,95.56451363702807
101.03354075150652,100.62989629432127
102.36541954039478,102.29682885825241
98.53521503986103,98.50114879838455
91.8255441280434,91.57358595464905
103.75716342186993,103.63833662707107
93.07923511975841,92.90547976576865
98.47315003592516,98.4531876635557
93.31888422767717,93.24801945094056
95.44230802256496,95.24211021323593
103.16648981968528,103.11527689153036
98.78735138195407,98.73779544680997
96.86472651699054,96.74553337362305
113.51346655784756,112.5011597413682
103.62586943955006,103.53896786725845
91.45367624728628,91.30021622357803
107.20426313349479,107.12087569853716
101.61766742162685,101.58707910089228
95.1814565581601,94.89307563660311
94.38880080392153,94.30600424535815
96.07102142611164,96.0175357943981
105.89318939284652,105.7513872321706
92.08955992464892,91.97648367004845
106.52678292057472,106.37966135859531
98.7859696254405,98.73477984380627
101.16280439115857,101.12071944064205
91.3132883951902,91.16886416989314
104.55458711902769,104.4938252173957
95.93761962889644,95.813708618034
104.45506670091508,104.34066941556945
104.95905443456937,104.85743501593169
96.47040256378196,96.25678558197562
87.26762009986176,86.97552656894038
100.13462775793754,99.93130094521534
103.24944249195296,103.12239689238798
97.05291348052715,96.96546812273768
98.68884553850624,98.54555447487682
88.57860926198533,88.11914142224761
107.77469235606924,107.74685403554177
98.28725799431987,98.25201927183295
89.36654370465939,89.22440630210002
88.28763338329126,88.08237644260221
97.68517157401213,97.6368817697372
99.88949848125517,99.85418885632794
97.15157769884814,97.11050288046742
98.50874355607819,98.37198803650024
102.40241961212685,101.99026923730484
95.47854665603312,95.40610205038448
103.47391888558278,103.42399089609765
104.79750123847506,104.69437488626487
104.397451938865,104.2379689938489
112.80653675525232,112.40024388007392
100.32421404752151,100.10572584189586
98.81219885723944,98.61975945812016
95.55874777545436,95.45133185619318
97.48925188970537,97.32341388623422
95.88244130268491,95.80547703588569
98.3278431741154,98.30583193376368
98.72994736838622,98.70323498726971
102.699077314445,102.65100918589567
100.18696382650796,100.08559289841972
94.999222615937,94.59814877720058
99.52339729259452,99.39392112193481
102.74887207019923,102.69916011986533
97.68030730786835,97.62376320808917
103.4986214937112,103.41080787540989
101.72206791669164,101.66916816949637
100.6995696903024,100.62855739513887
93.75713079841633,93.71558091177114
99.36389436629526,99.1660609155012
102.46317121742393,102.3810700543998
104.53492127115028,104.47163239149603
99.51088009784532,99.46019586430062
100.03391477075905,99.98439096797422
98.33637619421057,98.29078194626808
103.1437502000712,102.9092318037857
102.26382181135205,102.22422433029593
97.84210450060597,97.77616622550168
102.5628823124207,102.53965294249812
107.48946504542529,107.39218250458059
101.88679621246747,101.77927321849195
98.92740190619492,98.83855160527771
98.10746684908106,98.05771994007856
103.93537851265981,103.79444635552765
98.39279772570119,98.30487885917005
99.88980713850235,99.81588288479081
100.83938514179164,100.75216932127458
101.08261548489263,101.04225538865998
102.59682811486948,102.485367671462
104.58179950692802,104.52884022553594
100.04203571052273,99.97937822598496
107.58810843333227,107.38214494434465
100.48609855560171,100.39619820776183
93.39937112138725,93.30055295193269
94.83494184971137,94.6533381226737
98.51297882430444,98.45948012465571
95.83136025590711,95.77072051164885
99.5458217003891,99.49031697468452
100.10956994202225,100.0269057522366
93.26309698981375,93.1658409030653
103.27708269948054,103.22378187409426
92.94669467576473,92.87908069385612
100.33251541832173,100.2397641700903
102.84350147409106,102.7978014145466
97.78709136773698,97.71064689035748
91.3614950854637,91.2218237070383
101.29249734271856,101.26792225630308
95.1674026050388,95.13482844858304
105.74781613479325,105.60636486255706
92.62950795964908,92.47305927755998
97.93610207604132,97.8637474895167
93.29029601428792,93.26214969914889
99.01379249677278,98.98628745214681
100.4955915390338,100.42307270551308
101.1027617693987,101.02434246895501
107.73435608117998,107.58467480287409
109.70100486556287,109.56760591462042
98.5508499950664,98.53087335312111
95.32202876267556,95.26324212793429
101.27545376361641,101.17223412338791
103.9206661473537,103.89121582960426
99.69955270541011,99.46483681615722
112.27410039686582,111.94083823155881
97.26137021938071,97.14307876583534
100.18627073525575,100.13746517266468
105.36241147220692,105.23515506103068
104.37030844739351,104.20494949208242
93.76087459204774,93.5240027052329
105.96994717416521,105.90846572650405
101.42904141303973,101.25917668702631
96.47816380935166,96.40745114657396
99.35882109558352,99.30879068582492
90.9667555536832,90.58441293187754
100.14587580595865,100.09612870511347
100.66327622694716,100.56614998434682
94.67055688368316,94.33377680371268
93.54299658285028,93.19951118298607
94.72021822772658,94.63351747989482
104.54083767804553,104.39175254084708
109.20352926872279,109.07865158507965
102.94548695736803,102.86748773531312
96.39270308718233,96.35038655690738
93.30172538331045,93.07535564264505
98.08234116016737,97.97543265753328
97.99317660215482,97.94811531830663
95.83397751857406,95.82011665914558
91.38399538300837,91.29169175112187
94.62227680193621,94.58156275156455
96.22357031862782,96.03926957103378
84.49892277962988,84.1442296871378
98.96985937613005,98.87210840093562
109.81136560442346,109.68819330379044
92.7922208705185,92.33878089226032
96.81496635588391,96.5722214425474
103.73148332469555,103.53278872857157
96.12893511980184,96.08967686983362
90.28537631100926,89.86605099194894
91.94487187863058,91.75130184849804
97.16437496797505,97.1142598168746
94.23231541627469,94.15811679923326
87.25565748731118,86.22663364583501
105.68908429050471,105.45244282725139
98.49097300738389,98.42994669510217
96.72109087863777,96.47964603253766
96.42565816311722,96.25635664968841
93.713075261177,93.53086933052467
105.31108801457165,105.20858830433149
99.14786576613791,99.12655526819967
99.94947196365626,99.79039914806353
103.2430913521902,103.18363602842535
96.05904448278525,96.0156384885126
101.7856469683399,101.53536597136309
99.9904417351806,99.92886375913943
103.5627549052935,103.44500217367214
102.48180371347233,102.45513138272
101.40199656983728,101.3662490556254
101.17088964460345,101.04571034709923
107.93423965009315,107.73258154569906
92.31446632267047,92.27406673186876
100.31326750343086,100.26812465496214
103.78054103536832,103.6075670512365
101.7050819322696,101.5719831123522
93.90862519415539,93.57596069201192
95.0895932423437,95.00556374467307
99.20654570510064,99.09276204622542
104.83246162325078,104.77715693784559
101.42578918126243,101.37511919812003
103.029427507917,102.82679849701485
104.83261272482495,104.63241447134033
106.06094368059117,105.99984990224563
95.93340523447634,95.85384758850427
98.63269297758994,98.56460627324819
115.63781996140806,115.2030820711955
98.4950940823363,98.41040416811518
91.98978865403996,91.77206877682328
94.73585729924167,94.58748334110533
101.96568015425632,101.88061675650273
97.99494328323992,97.96895714294435
98.96356280779614,98.93390151389866
93.5744748765298,93.50390071646362
95.93099796523998,95.76526347137188
112.65978641801448,112.27270269071467
98.4197408836023,98.33812792696381
95.21129752235545,95.1396659141415
98.10540685704889,98.06016494003887
98.65234376961148,98.5845959123918
100.84409282592516,100.73834574322943
102.49961099685963,102.35975984459215
99.2752767377173,99.25628051613455
99.36873219447217,99.31799275566487
98.26481710245311,98.20485162392181
94.27231507782571,94.03625007057799
90.03766692229574,89.80953692138014
95.09903183026451,95.01115353746184
99.7068375177202,99.65937848588318
98.1149182015541,98.0067785103557
93.92144972581964,93.79808096512528
92.34929613986088,92.20423264724889
89.73398254448402,89.30409202432011
99.30736130209938,99.24413883910346
95.45478063894306,95.36361625888402
93.02179101901012,92.95111451760842
103.78808617890063,103.57688143512105
103.86442919529074,103.76760594899804
96.79882699416679,96.41685537272531
97.28740350637747,97.25987986605354
100.39521318801398,100.37831994826594
93.45464976419336,93.26753226880538
103.81061078411766,103.7135634190571
106.93525897756203,106.8774644458507
107.18980937261978,107.11924880925724
96.7081841364717,96.66503725009167
98.6537162777799,98.62109975601017
105.62414055083646,105.37503099079366
99.75993399724901,99.58088075191178
93.25072066617471,93.19186568749306
99.17918954886706,99.13863095858356
91.62252745267273,91.26126447649803
96.26188315419735,96.18836582635888
106.72286999210914,106.53042864099595
96.26213446656911,96.22528167160762
102.50693147812359,102.30028664820422
107.08759490245204,106.97403685295512
97.64866132689129,97.61624842540209
105.49050597058498,105.42329138992653
99.58197481290603,99.4681489986145
96.79860583753143,96.62596888531074
98.57457328308055,98.50437804846615
100.15188012191368,100.06928817747533
102.00239292332787,101.92718669251316
104.3823302030928,104.2053990643539
103.57613080723063,103.50714833993496
103.23052034470489,103.12474742123631
96.12796535008881,95.79237626664603
105.29184207276037,105.15073703441122
98.14533814337496,98.0364055257588
90.48866021987044,90.33943773636409
112.82455507678995,112.59017640542767
99.5383033958125,99.46215142564093
106.37280112356576,106.28921600114231
100.76689810434266,100.71433962470364
99.34849201352928,99.2408334478078
101.46543232195741,101.4369272524233
97.74197825605604,97.69600446484937
99.44567970852432,99.40707339261078
104.23248563937477,104.15296549791088
110.93512705816724,110.64126482279815
103.69902473848943,103.5756943199097
103.23902497830237,103.21090262850268
93.6531854194216,93.47556426148722
100.11659611795564,100.0721018040641
96.4988024645282,96.411372925224
90.833431642659,90.64861313229315
100.53242048072087,100.5092982675569
107.6590922101361,107.56863265326363
93.39174623683361,93.330892849485
103.95820086822496,103.9065321905281
99.43446210212022,99.29210776243538
96.74369432805159,96.55304273991689
100.12704080969752,99.98517600593121
102.92557927506591,102.72227987828157
104.02323480892267,103.65327203659258
110.89096915015365,110.25931875567248
114.31417042149802,113.83079642024329
100.28465785330204,100.25692724277393
102.77274616641212,102.69801081489086
102.27353975866963,102.1886038943241
94.80173836263944,94.68211111642334
98.15704840336144,97.92049599987692
98.1625095464868,98.00689695627496
98.38243936756166,98.34268906064268
90.49797964420841,90.34188615920475
98.07014705101055,97.9077949904825
104.0219947592134,103.8588938041949
90.43090560301101,89.98947431319581
97.61014023187914,97.56700210990213
98.1848196494638,98.15656304591514
106.2421530363535,105.9980066352359
98.29985940761559,98.27063020229635
107.59144831532394,107.53634617001248
98.14647389011704,98.10377405161601
99.40156703659964,99.34662608386553
103.6608634886641,103.5897836653024
99.18421778218955,99.15319084002577
92.68026418787065,92.58232616516264
92.79231635503923,92.63997237321739
95.62459504082912,95.51351880321954
104.3316209958878,104.26243516506358
105.85971715874614,105.61920359949379
96.9365359103566,96.90019097720302
95.84769213803293,95.75693081048682
102.25457797496091,102.22520903011828
97.14178226554836,97.08678539540027
114.5078642758187,113.66887381553667
93.65297294119392,93.61292585476139
94.57413282094754,94.45500205283894
88.33646467986655,88.09172654379337
100.73670058373034,100.65852452707833
100.16667810223532,100.12964740838639
88.64348332230976,88.30293539415284
92.59935566926386,92.55631947631048
91.46403731756685,91.23440502912379
99.83078887618953,99.64382831228733
95.29278391191838,95.19199183441775
100.40799107324294,100.33953478562698
101.48065334001939,101.38562844810518
91.73925489621875,91.57043323531674
89.17195922880798,89.04852328947219
87.16665554039278,86.74654078756481
103.54238156872799,103.45868493599625
94.51280027456363,94.42167964374369
101.24255625075551,101.18203217375299
105.17177607600293,105.04780493832033
90.58761857241996,90.28077007511992
100.12371523372767,99.89634136544912
94.99237308844076,94.86798529626068
99.08863447177637,99.00468215356416
106.96527672517479,106.86234710426
100.642495745945,100.59654602242769
102.48976298093652,102.34298316191709
87.38732954223528,86.91830030242006
96.23167296353846,96.15233328515542
99.16257889618758,99.04343065959566
87.63297525184527,87.01118633993661
99.36646876970936,99.28545760617216
89.55456495708326,89.38652037177035
99.63915918315611,99.60428977875922
102.0074655091232,101.87747648130728
96.60727114032292,96.49780865065414
92.88136147144183,92.66872278701089
99.6506187850673,99.56513446943113
104.30179265408256,104.21878361744783
99.25183932154711,99.19351763325956
91.0798327629546,90.90508445849068
103.4112693405575,103.32276897957041
103.03129791231446,102.98077661552179
93.59092104219704,93.44205510228429
94.70005892385682,94.59454050787511
100.30903873026381,100.27373732283885
100.21546858251662,100.18228538043097
93.05709296858363,92.96279523451271
97.26984283949844,97.13591886038509
94.36813676753918,94.27538131059534
108.6035629251484,108.32298242302065
104.0127597651376,103.85361370497397
113.5050156942627,112.96446351210494
103.79643389819459,103.74003903347813
104.83195079309668,104.73531173994252
97.62270385888709,97.56959063771949
89.89005928068462,89.65314384299789
95.77104816299978,95.68281640062203
98.66311879596601,98.59461752986164
99.83730931383877,99.77353783538582
103.19440740532986,103.12350988723945
99.05327535845223,99.00668087537807
105.0095395281864,104.96014389652194
100.86749291730165,100.7392889656673
99.25183212807089,99.21484753178339
98.83177467406534,98.77877734472183
89.40419578968081,89.0042446631562
98.57789322794166,98.50465059839766
99.47014846609476,99.42835208871794
101.12630347490774,101.07409718571989
100.75358617134552,100.68831838790977
103.04694221655369,102.85183558865508
97.70830215534015,97.64824570215343
99.90933037807555,99.81924943339114
110.20307963620942,109.99761038155405
100.94760082436893,100.87485461232443
102.72130872868756,102.69009208515229
104.6673462039535,104.61776116793318
105.15585448882418,104.94507881817388
93.43035847977849,93.22751430145541
95.64966105628788,95.5974396959404
104.3787896673878,104.29831597723806
103.23191077227051,103.20433357800003
108.63889858947239,108.41744943778582
97.73330742894909,97.68081435889951
108.52888261676918,108.42913685563087
98.83102771042313,98.7083782995026
91.65280648046551,91.59374801339443
92.1940900299157,92.05054883823213
100.24470857597545,100.12121658535435
98.38643786225269,98.350261264976
100.61578357755656,100.55695573782326
103.55990482151212,103.49278092562669
107.49611903247127,107.22695066504393
91.8669041346682,91.67060165030274
100.99882738115286,100.81731809925193
91.22559566804816,91.13987664402883
99.43325715934382,99.38902611304023
105.02330658666934,104.97995184987533
95.00195490105874,94.94364411004814
105.24179326270884,105.10801617761221
99.07374753407146,99.03304953798074
102.21168509827243,102.1310675531592
94.27949437928845,94.20334775138652
93.36242887118993,93.08382912935015
99.18960278886411,99.07170381966276
105.41227336726328,105.31115368122448
102.28650559103076,102.18382722967138
101.5170402159504,101.32471136028843
100.39715497517611,100.33126441463958
104.35834221379484,104.28561352713051
104.94613940506612,104.8507033388846
90.96156935001835,90.77047276112533
107.11498239968198,107.05160943779384
108.60576637052328,108.35986665835918
94.30934144550847,94.23259128296739
93.01095042749998,92.91954946473132
97.73393210948865,97.66146262543839
102.00866545308111,101.95113672253974
94.72920929551645,94.57849809470778
84.3383873318331,84.06647607725905
102.53059997298732,102.44532824014782
93.27057060187013,92.8124602752615
96.46333658301096,96.40617753619553
103.43045303138892,103.1146653894674
98.52800489312274,98.423525800158
96.87287042008856,96.76607507021167
91.94833990879884,91.69127507395125
101.94984109805544,101.9087131100106
106.48206568989835,106.41019554664658
109.16194490173599,108.99085314900832
104.97464407493997,104.95012758660371
91.36252616544785,91.1392501856
97.55190824115287,97.45579794571728
89.84894454498453,89.6855345671404
102.75556291905873,102.7216364353029
91.77693861415375,91.63210169718106
100.33015426934409,100.30119561583416
95.6043855772997,95.5235312907691
106.2473708617392,106.17985775174272
104.12074328031977,103.85651721117935
90.6066531815801,90.3309784527172
92.40988505518871,92.29361530921612
99.94659432099037,99.86782658099058
99.29835930976874,99.18810965043868
93.61921668618346,93.55949661583142
96.4031659882256,96.22760897817881
93.02042981679219,92.85043673755051
94.63926508621833,94.58586309727396
100.2413437275228,100.19327427084326
99.02655525026948,98.90845958499933
96.70805106758903,96.43215825259148
101.72397743792311,101.68969995201621
100.78447445458158,100.55115890605407
104.41494332210806,104.3850598881377
92.51518999442273,92.2191710885992
105.3144829357332,105.19580111487997
92.36685399825643,92.27715032459234
94.40403128446862,94.2253976861744
92.6806450148786,92.43085619292785
102.51186040871038,102.39606425095117
105.17435715688896,105.06084187518955
97.72498492780231,97.66596653268958
100.15419298839484,100.05560773347344
100.9807043186839,100.94102600597522
102.85066989844444,102.76950234403367
97.19484226731603,97.1096496182316
90.33445748751811,90.06924461919193
94.15868327435211,93.84605314256893
102.40703508673927,102.29423350326974
98.6756860259956,98.60632752510386
91.3183933259887,90.90550266883956
98.45416045987659,98.42275836302207
95.69668825069986,95.58729976133924
90.8868816987138,90.73551629228915
104.0512061946634,103.95066581989731
102.91403995258607,102.82722884358577
97.8027887947495,97.6054848903285
95.61992769098607,95.43123848828903
89.67920357999822,89.49966794265639
94.95953887543736,94.91826547972136
97.82448455312178,97.59839797600185
97.72926520424998,97.68897132012329
104.68746933993512,104.64636000189478
102.37486460453857,102.3471383260056
95.81695505148772,95.74737077387142
108.15473739354029,107.78603453556356
111.07072675433648,110.72841631253424
92.5983303679048,92.32713875777421
97.64564384656204,97.38058912610654
95.94493225044567,95.911332814246
95.24878090310533,95.16318510717706
90.82585487545848,90.37124364151913
100.86191225158622,100.71004452596242
110.61856382067145,110.13516915277675
103.86818946187549,103.7744320524606
91.74470683495946,91.60593419899709
101.00638766123738,100.92638075396209
98.06695221677765,98.03889203565012
101.37411934916445,101.31146230400108
101.76552314894882,101.66833611925544
99.6862871380696,99.57695370793759
106.65442349994443,106.43378263322946
101.41610166816228,101.2646551332662
100.72523149503928,100.66078715124185
96.43641176213384,96.36021927621907
101.07591396956164,101.0109889546014
108.33605985311053,107.99979857023405
93.94876875583641,93.83446445804164
98.47396044161586,98.42010907335309
101.41039832411387,101.32730940949865
101.16628246770328,101.12128939720972
112.91302864091172,112.53291587364632
91.01102859306332,90.77734224641682
95.54190163793928,95.41723129223686
94.96411966374652,94.88992816906482
95.41885299688757,95.32019991439579
93.12859675968966,93.05215062064836
95.4542271834709,95.4070403395132
104.38859457017614,104.28368561913123
101.51378516849931,101.44959845001375
96.82127707066402,96.67009977669755
93.82164315320878,93.47887144250645
99.53858099240732,99.4108087136365
94.01033808986551,93.94250625847882
96.74269120962055,96.69056131077963
90.78165882129997,90.64005269620823
90.77083636535127,90.47072780598825
104.00359901139117,103.92653317533723
102.27347039169705,102.14920463385033
105.70307715035452,105.64157163234411
95.50017992613928,95.24211036980658
96.75338445266236,96.65476476049727
99.74989143185311,99.70546328910133
97.29826493288573,97.2438826945075
94.13248601778598,94.05560809896784
102.05278465554791,101.94963687528505
96.11106722172917,95.87377826252893
88.17707951970122,87.90582992781526
110.45368594206253,109.7808373489785
99.16636987192982,99.09726076756866
89.94382285452173,89.549202771433
104.13945721956662,104.02739493729628
100.12049450769993,100.08700107914683
92.75299947064762,92.64915636123109
105.97771025356182,105.62071242922217
100.15950864340194,100.08609999593354
94.46732254058503,94.38633000144641
99.93110953683403,99.87985735319012
102.0974629448936,102.05460735726791
97.99674880001444,97.98327793142124
92.61508855233743,92.50494895042962
102.10506198829496,101.92333464072706
99.46445944537665,99.41256660839196
96.23506032076247,96.17779032331353
94.74908786854452,94.28630602511811
95.75415229356103,95.70913047614751
98.43832700069626,98.40118481310964
96.75045533195505,96.6617458741883
98.01500417456478,97.89214442797036
109.79524167476376,109.52450646025126
100.14136016774063,99.9911585818392
94.67379705810775,94.57766408198566
98.94620812415711,98.84421251319617
110.46913841657584,110.37671370345333
103.7410712800328,103.32099438411686
92.07413975171262,91.99583665372502
104.92818425274845,104.78595290225785
101.18353983535144,101.10276944799492
99.4529378043103,99.39916789325014
105.15772954617768,105.12268870075818
91.79912973787337,91.61048816958339
97.51229514132561,97.45523579140003
99.42525578530145,99.40072988554236
99.13224939532223,99.11711702324706
109.04645816269274,108.88934082572027
93.40853206881287,93.32027403340588
98.33326208452016,98.14048941292839
101.08614574671623,100.96470556331212
98.32978692312753,98.26861482258782
101.26702815759998,101.23700013137436
88.90405898574956,88.23412487763184
102.73196666296022,102.61760544459642
104.15101382267396,104.09160013851964
95.6316790626037,95.57691859707886
97.99635635215819,97.87890447971489
103.5600090521805,103.41069490793829
94.85755849764993,94.74097848556983
98.9527874597239,98.89581072241167
93.39392106093763,93.32019195290525
100.19782283500619,100.1109513826601
95.07768642228784,94.98774742725254
101.03713910048387,101.00553566849642
98.11998272155398,98.10316154167053
85.6951030921728,85.06283345480762
92.85335213161618,92.623511261611
95.25008586345344,95.06887876308178
100.12850549790404,100.0533535291577
101.15160324169669,100.95384924057015
106.8201653819186,106.67383126081322
103.10432426203091,103.07423318578377
97.34657212826856,97.28158140692517
93.68659960890751,93.63183921056331
95.8298171143871,95.77940619396853
101.34946662825033,101.27420937247857
96.60467311277364,96.52806357892243
90.61581742779389,90.02144761682557
99.3784319312169,99.3410393450049
95.9356432704671,95.86258808015572
92.28986486432677,92.14725265299053
96.80205596480099,96.73754912415902
104.99901069167286,104.92431595962654
96.93508325284978,96.81383386879853
106.70319493893025,106.61540816883654
103.32919749461963,103.24722115997493
100.97892395887004,100.87422692311212
93.47071590331966,93.37663352527719
104.71353198935576,104.59518618597679
93.90950243774004,93.76348042152553
99.68812263313612,99.52504679043106
95.10277790334221,94.78524929702127
95.59977248568521,95.53236925068714
105.73689125704986,105.65694187736572
101.85099692516216,101.78936919217827
101.91954548579594,101.88570706457324
99.89107312980695,99.83966833655238
92.50904798329026,92.32237289735302
96.67652248569824,96.42912127811086
94.71205399240722,94.49723032579101
109.655637287734,109.49325623190893
95.29452134397845,95.1355175455208
103.63944839990226,103.56345284480031
101.6887256176673,101.61205326416503
103.93705707488512,103.88351347960028
97.76608297023026,97.72161275120257
103.75009779038369,103.71588519542075
93.27822570405557,93.12923543965097
90.70906091937015,90.05546302671337
100.13830132003076,100.04724931826777
99.97777836905041,99.88829234077113
96.37527734762742,96.24604464388776
99.60256371475276,99.53988848214031
96.28025701960672,96.24808984794828
97.61462826762754,97.53952267864268
101.4273103536511,101.3139138708363
92.35076272044007,92.19323194376325
99.42986296625507,99.31376960421261
101.56470569152097,101.53084791358206
99.29819959339801,99.15343161659642
92.40493761127026,92.18626669718282
98.37288439973136,98.34871034223251
115.58075796122016,115.1505415897626
93.85656036943337,93.82153876824415
95.79751847241805,95.68654619010452
105.34440110704827,105.20704247676933
107.68289517913057,107.43518613756217
96.1933510664707,96.09816824248612
96.11630478672276,95.98099658160444
104.04319194460273,103.94063060313145
94.61154039337843,94.36172119339633
96.75054270265854,96.62480023666501
97.58648066696122,97.51421872644872
103.90074050230649,103.69801218401773
106.66143896542663,106.60909044987648
105.18591672955674,105.06439069934623
103.65463539870915,103.56975466329203
91.55182583888009,91.34709325494086
98.8483909641236,98.78894150887545
93.8495259987612,93.72697162495372
107.3570856777568,107.27235266754656
103.49923026765573,103.35497224409494
97.88212398954691,97.84636326422779
98.75049779912244,98.70907318638648
98.23904950521798,98.09825493942593
98.37017168829621,98.34012315584538
95.33899210584212,95.21630931946882
96.06735740333748,96.02937359831368
99.7387081455587,99.70401685855819
100.630344010999,100.60816320392655
104.82119502027966,104.42920941373613
97.78479008316923,97.73148788735766
98.39881656392593,98.1453713950759
97.2158281110238,96.99625426160728
97.30500942524235,97.19938042558456
103.19540147059271,103.15575743665713
92.81482150067512,92.73655471045518
93.35514427908718,93.30513746930761
90.10372774302269,89.95435584345887
103.60734900248376,103.5627364632136
100.1985919200297,100.15783661670882
106.33929878732236,106.07330047089879
102.70864232512622,102.67840379424442
105.26669022847635,105.15558459244181
97.6249381123143,97.55614534998315
94.5464500387126,94.48929592989364
97.21433337962297,97.15642749704854
86.88122548051226,86.64270946825985
91.71998851057482,91.41547222330142
94.39260777029435,94.27921462655854
104.9498077581393,104.86465839269432
90.10364497749235,89.94121900779541
97.66076288145112,97.61678032611249
93.84765145081924,93.61122567941545
108.45788380505881,108.2819714146308
98.93862170018635,98.85154283388928
106.81303224268657,106.63278115873202
97.80773135205347,97.77482710744049
92.5684628618579,92.12763160451992
107.64896033051497,107.51628482149843
105.51043774886362,105.43788044602762
98.21921521146241,98.104478940937
99.66418390542921,99.58744953409216
94.8285176324801,94.50092560174471
102.81806948154389,102.77075809006506
102.98301027202152,102.93418067870981
94.37516674549153,94.3415470882096
97.90427595939018,97.8204220899674
95.80194608759659,95.6930826002984
95.19289356340006,95.1038518934334
96.18930022526528,96.13670500336926
102.24152462993736,102.17190147351573
96.8278549573335,96.76881429522439
100.58376924071342,100.52627155067258
102.20428334664294,102.1070270638862
100.71119685201798,100.6612702866958
102.93071938467483,102.73657307630579
110.43455911635317,110.01317802789026
104.11105399959084,103.98898588812325
101.26861485891364,101.23402928288753
97.3544361151354,97.30498749959624
97.66185434086566,97.5778860961245
105.79386681139592,105.65230169041894
102.47408685922241,102.36842253165493
100.06926883822443,99.99500394360426
98.51247879101487,98.44660086393041
113.77628044653571,113.15145700915889
88.31006143580561,87.82614574633662
107.64737354878909,107.60686638325669
109.49245176318922,109.34031406784119
90.92349039084773,90.7260664142558
100.17741447546956,100.1281235179835
96.55817380903389,96.49700531551603
94.7078135567971,94.5575312741247
90.95850655256072,90.86539838281138
96.78431393554085,96.67779530430944
110.71642055811773,110.33506780000577
99.41400053063508,99.37642691806805
99.62940478273798,99.5844835171267
100.19410082397968,100.16156393225651
98.98267055677094,98.92915051331495
99.36644401371728,99.2437990931751
101.70668670916677,101.62900580194112
104.57503854103628,104.30809662328411
96.1497448971909,95.98368466486959
97.96924702295384,97.87404421597091
103.2903010519448,103.24447392021105
94.92913578616576,94.89324720427024
96.55139968178831,96.48870466619539
89.36890966088161,89.09873131910773
96.50294882617548,96.4652566612248
87.66951454138099,87.24671205488798
95.90986185445865,95.8176420730822
96.44466444462554,96.39263176300814
101.49072592619045,101.4057718645972
101.702728432252,101.63483590229298
104.34297827156135,104.31515386387754
103.53703660104206,103.45865482783644
98.88604320068828,98.82400984848941
94.58769464918922,94.4698840627607
98.35591210152448,98.31799424855423
106.2413711753632,106.1273893769891
98.66892556210334,98.55837770099954
99.81332722083171,99.77208370436621
96.88313719211762,96.81554002596833
96.15332807093102,96.12984498286093
102.09642238491705,102.04701458125699
109.25389336678532,109.16911211422925
102.35945423728599,102.30698505529645
96.71252518261016,96.65301042985827
102.58260807415418,102.51433877286993
93.11419248752104,92.9533200173774
103.28126795848975,103.24945296144263
100.29016036974298,100.19760910726184
101.4499626331663,101.32199340878469
114.77890626443721,114.47847318917975
104.99237839217007,104.7184525912395
100.28179455633031,100.19045976674727
92.51663480728763,92.21857842713432
88.15697591517701,87.58703899068654
97.35872437091848,97.29279471379323
103.5439131665884,103.45354498523811
96.42518715967994,96.2988131946218
99.0495074599635,98.95363850521031
96.38242962403736,96.24219217726376
104.31341481070667,104.1740393729356
105.83419641341547,105.6761521183503
102.32020545493886,102.253382227293
105.89008642138211,105.75857236373642
106.76227495463681,106.68114600250908
103.90860414920586,103.85320153742892
94.10410639784249,93.70445804454198
92.71509316957301,92.57700711233278
96.55495695138507,96.38768349953688
103.9194829023541,103.77321367129204
103.45166248798415,103.3513372090253
107.14717972137365,107.04191693556803
98.56473675386528,98.50839090138751
95.40635363682706,95.29631068519146
93.19331617057183,93.03408943409214
90.94336658506415,90.63385331013644
101.12052261408553,101.02080659849608
103.1486133380607,103.08815140584282
102.3527300889236,102.2427652852238
90.10818739178885,89.92529044160652
90.90036669146868,90.77084134573059
110.95781680338153,110.85737378581418
94.32504210036582,94.14820115321021
103.05167664169475,102.933236805873
106.1453423128733,105.41187091750093
99.24633049976279,99.20944434230938
98.40948326893303,98.23521237952784
92.72965801788868,92.4299588761264
97.05262598923578,96.99843002416907
90.94534226959937,90.78686325839546
90.08188189530067,89.87431089177545
105.0645756800169,105.04032764834373
90.42249894642777,90.04240036177288
98.87333807985762,98.79827433783032
100.92371465534433,100.87181847051005
102.9630663800869,102.91518000086747
101.51158880192135,101.33450006684424
100.27784746148798,100.24107882975865
104.74362215115116,104.66612000158563
100.85419947611378,100.70717085777973
106.0545627911015,105.90297413091287
99.45861427357109,99.43179006112065
98.11652904750007,98.06861288357415
104.29898185448188,104.21445529655051
93.84887625412179,93.8250269807531
102.8962842332944,102.79708562455633
99.25790999537793,99.10862343908684
97.09237034569604,96.97713323650368
102.5913314037472,102.53382793065242
98.93656622829484,98.78403877515122
98.24183216027592,98.0857675204042
93.84388396651825,93.65114557250118
98.19388464864991,98.13007439460445
103.09889151057052,103.02219269984788
106.28441172511346,106.16295261760068
104.73544223011531,104.657813681507
99.48584342186899,99.41570028751589
102.63898340740377,102.62142131008999
93.20738914788114,92.78661170453556
97.4432733431133,97.35961283316921
93.52442299579252,93.2857593611525
98.58971140325158,98.5278758332667
103.65870120887517,103.61483910702913
94.95922118893117,94.83129607727001
99.4237664187974,99.36031923537966
99.59844717230594,99.56316121273164
100.8332278948314,100.74050053771509
101.36297988149892,101.31058350952148
102.93053242897427,102.87024540145218
104.37442568201145,104.27782038175688
102.97945438220717,102.72060308512148
98.34355479700325,98.28573518392916
96.23922848117115,96.18846644679779
95.54693055316484,95.5066675660981
99.49012267800052,99.39889660728115
91.0701059665919,90.85554085420304
107.19302757431922,107.08618223451249
101.88741957956734,101.85899233586433
97.80963094914203,97.76842119268743
107.13549115429036,106.9541090086769
89.6689748445876,89.31126763551124
99.14992264048409,99.10557368735259
102.40757332259122,102.36561868094627
97.09647531216369,97.0165357163398
98.26016081271597,98.15324947198792
107.71574648242438,107.3766081469756
97.36010480799936,97.28603251485232
95.2700460369479,95.08979653125976
101.1417292912501,101.11511520685143
92.72587696502977,92.6654551223163
107.16144269483138,107.02460003448736
92.67385574188768,92.64256399522989
107.17285544051316,107.07480217359812
96.31340813625071,96.26184912922356
100.04217796092559,99.84005773030022
101.15722640069424,101.09584724550764
104.00764506076668,103.90667163462027
98.51960975906914,98.43380087066014
100.84273971313405,100.78092817605831
93.79460776381038,93.64699894653624
92.42105931856595,92.17840682022376
104.65389314451309,104.58830005799895
90.20168318639573,89.39268547693143
91.48032334080536,91.10810996866587
97.61581897262049,97.29395646999747
100.7213031500524,100.66670366222768
105.78747231952244,105.58656577135652
108.25931488631521,107.90129945758657
92.86132791913066,92.76588262147392
101.79850090678897,101.7639768288749
110.18746378172492,109.95012631961326
96.19798421804325,95.9760583799678
101.63162199097695,101.50505963770699
101.35487481395822,101.32642148718075
95.00823410844897,94.91560346634115
98.08337145072701,98.05479807197338
90.85271965394362,90.76660529682442
92.85750269836107,92.59770840456233
101.6166713930911,101.56777589539442
106.62829908266328,106.49530348090705
94.3945994930169,94.25255462273694
93.50276365120013,93.43402927184988
103.48430828052973,103.10777987715774
100.46587938403727,100.37536937171893
104.42169499485699,104.37511051385559
93.99580383491598,93.65432159470136
96.39688309590281,96.3332152142816
102.75431377558374,102.67774285208702
96.79261724176436,96.76705085916721
97.28453714939164,97.11485250607801
94.59791880956973,94.43707079114081
100.27266200960288,100.09823320322928
98.7439589051205,98.70131458628462
102.48920602077119,102.45555419978577
97.92638881887368,97.81860961917
97.64777784710012,97.44385922781508
101.27228401534165,101.22687548168454
108.78928679744253,108.65459048682742
97.96121425187617,97.8971423581037
106.10661522705048,105.9888663271573
98.169444041758,97.9736524687275
97.70120660877558,97.61293954468644
101.17511000972952,101.09081847272084
105.78089303601597,105.70295440559771
96.24742911676549,96.11447867232923
90.78493990045094,90.3880794752469
106.58352401582799,106.44623859927043
108.40278350120286,108.29876994722453
103.84192315349019,103.77173005915321
98.69970464156172,98.64517689392656
103.49017114719018,103.44261812368103
105.62078819094923,105.4922275590399
98.3728421173557,98.31547292124026
98.72397483591014,98.69185588438148
94.4977823153403,94.31009432278681
102.25999388787821,102.20048965592332
100.61042368692348,100.5268962086024
101.19571192507684,101.04355783960685
109.85032377804346,109.46913764774351
105.7341390012512,105.59675764473788
96.63692362426855,96.58062464513496
112.9706313854709,112.65370193399566
97.43124517388915,97.36978669650327
96.16921231197462,96.08967433311498
96.17112148831038,96.14560673263253
95.76575052953814,95.60792299208977
106.80101889677157,106.74448140864808
93.9841913432101,93.86844326963089
92.89866803060637,92.58310431002107
89.9400344064674,89.70376799230093
107.09887503220419,107.0151030723163
100.69167632645328,100.66654400234984
101.30090621259177,101.123924646514
94.3770483958755,94.2827804004488
99.90066921339971,99.85277798021778
99.96596167144948,99.73818280128077
92.04933516297315,91.90665817382636
91.17401622205983,91.06112323061639
103.06379555825542,103.01989095487761
100.01667423568058,99.9408764019296
94.54551461098976,94.43797636977934
90.2161578936605,90.06231539166524
87.15916823275703,86.62060916404597
104.01862851810719,103.95217684062472
97.87212824209422,97.76102544659508
102.56783663247111,102.52068386278334
92.80843654217746,92.54924579000878
98.83930388745965,98.75732996741507
99.78211673368892,99.76686631099668
99.65715797656549,99.46128820133887
93.82045606006666,93.7054512897359
96.89657252420655,96.80114486700833
94.94619239987402,94.8909520996593
100.16227552647108,100.00295777154209
102.08207720413844,102.0437404162902
100.37205927996293,100.34093368026427
101.2300763061401,101.05448168153553
92.0164851413975,91.84575510541013
102.64695362577174,102.61274259924384
93.35172514737366,92.86641674431729
96.75584549544783,96.66198846668873
110.28793680055273,109.6445291289425
93.65214661285185,93.57846693566776
103.0525737788899,103.01685992820146
97.41144664864092,97.3370764197208
102.40124632768764,102.3610393377009
95.03447705022332,94.95547108524647
94.41873289374499,94.35865586805663
106.29645552497554,106.17985920996377
90.12538626557357,90.03719444086803
101.15290259642833,101.11064378734851
99.04271561440531,98.95707568371539
102.57670043838712,102.55062286190349
88.9559161809531,88.50133430636355
98.06586415705947,98.0365510803074
94.54461314595923,94.33674787223731
98.55256828282201,98.4825905655993
96.20043642204897,96.16787020968121
99.83044799297672,99.6405983343452
102.29623266379188,102.24086811117142
107.43066020715237,107.33067988501983
104.6392380641943,104.56695772032097
104.6897207148288,104.65944159127977
97.03521968512672,96.96816350005169
99.9623664524399,99.70258802362532
95.03762228726094,94.88599562979086
92.9967996092003,92.87482847502159
98.27307350358863,98.23580508642362
103.74226386757655,103.66114103121933
101.4284974000694,101.3977583566128
96.53473344862783,96.46656528257111
101.4783025387189,101.4275131519712
101.54995028383865,101.5081510666868
102.47744007008369,102.39210362755303
90.52110715230141,90.29072320430879
87.35758343530966,87.10052306754191
102.04182612866713,101.86904026476518
109.02991990984061,108.6040601278324
103.28504006143818,103.21421832570991
102.37954066524004,102.27189840470477
93.2303923105916,93.14647416934757
93.22752207203983,93.06728729467842
98.36751859530003,98.30093294273739
99.18436750205896,99.03214396640892
94.95263863689726,94.91068301323438
105.78962074991304,105.73578921769355
95.1129472670204,95.07075357693869
96.9881070133243,96.89260166704553
109.15209657775897,108.81917193984816
97.06613409017312,96.86902534462358
98.2112442289173,98.15699703331255
99.44283151108948,99.39645745490353
95.28336133780263,95.02077853441013
97.35153826211898,97.2874779125956
100.97332563651615,100.93761300137793
90.91185883719442,90.78263958097031
106.48981491190555,106.34895549256736
96.04353427927755,95.94398397623031
93.4031544446241,92.83634171431157
97.24157324193409,97.20101080145895
101.96876313034736,101.92224318573219
101.06152541842182,101.01037412008358
88.611488065872,88.41417125007283
94.72502378953627,94.54205440079474
95.2781441777787,95.14784954321625
99.00312296759672,98.86713853795973
91.79856628055094,91.6822959822598
93.66411231418577,93.2944336248172
94.61874261578895,94.45987568624915
91.92810419502659,91.83990359390295
100.40209875520225,100.36032806117343
92.93963502790145,92.55829028802361
100.01794564085743,99.98967762873032
103.501617612059,103.37043216921384
106.5808829534752,106.43601070080402
99.38896138772554,99.30402599482109
87.65784849667897,87.38616381964208
97.96375874072385,97.94511123861864
102.63909496876009,102.57553653024753
107.24989543657082,107.19042558883193
100.6929449687047,100.52545535060919
100.39060361098272,100.34312972673004
91.5724561219005,91.31760437922716
94.61429194497316,94.31038668110993
99.75100355717585,99.66144137033794
100.49029534766859,100.31321185086276
101.93445254685022,101.84305343387922
108.09051542474235,107.97958355164715
103.47137629454117,103.4209256682063
99.18072035538793,99.10028516045665
97.37125924027367,97.2600593260551
99.52163308947515,99.49907213813329
104.59029809558098,104.45919952309363
105.68349906292693,105.50465305575537
97.36986341720852,97.30881850430039
95.71341416544506,95.69446279722928
92.7384432999943,92.50438673515005
96.56647015335119,96.45516234178824
98.12179121870912,98.0101152242067
102.22802339909973,102.06477927333654
97.95051346880042,97.85844703453532
100.66314307845244,100.44087008820495
100.78632032931135,100.73502674409058
96.7574566693536,96.6150894854768
103.61388895280916,103.56964354048806
91.2739314058215,90.95577193795602
99.49215186437822,99.42726841880699
93.86869427132353,93.6765062957711
105.74457435313195,105.64068156196961
103.44502580821609,103.38531921329313
100.0311964476809,99.89118695687316
109.10407611777698,108.8943724014399
104.15422468074956,104.06733322056724
100.96258169192022,100.93318478149654
101.0937206072485,101.0478987197838
102.47805300720427,102.37347811194574
97.4719381981819,97.45109069302244
98.71708668118818,98.68782189980432
93.93067926721484,93.88745417552246
91.13848339774503,90.99195203490808
101.82303522916465,101.77097107777006
99.70639051271007,99.6687133625145
97.68090389148442,97.64293337420652
99.32955758122836,99.23579315018362
108.4851991285379,108.41580872740869
95.29432723495476,95.13075734837585
95.22061814655014,95.19359909436983
97.00504673179792,96.92067882678198
96.62902320236671,96.40930190723365
103.5977725904586,103.55133185030851
108.13333228831308,108.08171561844452
94.55584690176707,94.44901190805908
101.30815537024034,101.20251704834688
96.03312540496407,95.72503499358209
103.34183431952206,103.24064665123916
104.47549014692612,104.42971192978695
96.49486138156445,96.34445987637024
100.40245482343421,100.26479655644567
97.08764115940795,97.05211255121047
100.68362313896134,100.45108551051842
95.96803624534749,95.87714642473165
105.67272512552353,105.60655853310749
91.12118987738971,90.99026145604078
102.92325526696446,102.86526443488602
88.42126623161005,88.12274959876318
100.50659386533587,100.28299675983818
92.10718725540173,91.95433785195546
92.0254627991456,91.83019781321103
83.75361371105375,83.13366492025523
91.77511331154469,91.53950644724337
97.43185387152737,97.34515550084829
99.482506562499,99.41623304313234
103.39174925961723,103.34514205616823
104.84427088642828,104.57220859882457
102.39386714337552,102.24282269280971
87.80634051724026,87.43776824248292
97.97355013611315,97.87113211758866
94.05097179807015,93.9749794148338
101.66736103394807,101.5934758473393
91.31087194852931,91.18340778166497
89.05338836714918,88.59852471800207
92.56428823338356,92.52071151017819
104.95524680201463,104.56789022094554
103.50970803556716,103.42366798344695
94.31112694369061,94.02102002889474
94.23971496472247,94.16208305850226
107.92756097735997,107.85964470755451
99.91433357649129,99.86313177344479
97.20260824523794,97.14845612526167
99.60079704857507,99.47959781255534
94.78249756176382,94.68685384235631
106.01227498656503,105.95684446178521
94.08489811171441,94.02246964692118
92.1989383958596,91.75377327257483
93.73928740938021,93.51172987155786
92.40208534340198,92.23697198973142
101.16446738847179,101.11427963505068
94.69029158905903,94.3070307188545
93.42553836468608,93.28406421345252
95.99609908018226,95.91450872111272
101.4909956070945,101.45305298940117
96.96159414236823,96.91641349356172
91.20186697476439,91.09470067128434
102.72928709633368,102.48960755498918
97.76096809733448,97.71890492064018
103.33100672561874,103.29862327851332
105.94397533617456,105.90274721837206
94.98648524680934,94.88102026747434
90.29617713960835,90.09700230289644
107.55648089553341,107.3969494135377
103.89883265792047,103.82005204237483
88.49910535932577,88.05731948722932
93.75116896103866,93.6909256251098
96.87526728462299,96.80449298556856
86.83900979168381,86.40251643285114
108.1210638567722,108.0718293398023
102.20376963402715,102.12915198434771
100.74571341867897,100.70282492419982
97.85783614119899,97.71372261186941
108.03844170238993,107.81950735105356
107.85516410340077,107.45702392061303
102.363210458573,102.11807276556934
103.24150243156215,103.13520703962384
88.55815613989645,88.3757520730582
96.25557448414372,96.22827713387073
100.96243364509903,100.90131068263564
95.84628481345234,95.72337069368926
94.80079409043894,94.75047863210439
102.19453292865222,102.10459189098931
96.6806151576954,96.58068684227625
102.37637100998585,102.34194572911821
103.90154724058677,103.78700797382652
95.42825195457172,95.32074041102454
101.13139312841446,101.00344765339726
95.00315905387416,94.91224018619788
99.55678507454223,99.53122068495625
102.97660926908561,102.80221822641714
98.45328770870726,98.40812673215626
103.3087429246241,103.22149790099728
96.71922806958088,96.64207197869581
99.38765352732099,99.36167283256627
104.27361986303178,104.12166900028855
95.45554563282272,95.12875673384859
100.72779836448973,100.69802005336611
94.80888371823059,94.54488391647861
99.94764266348142,99.90615577924851
98.09453560719696,98.06056567306912
106.01334957842273,105.85105216071506
99.35429812331681,99.2987902644492
92.0947316038984,91.92755350577063
93.18408759929258,93.0197325926071
98.59091858637639,98.50033656473704
95.81317826895102,95.60288525587863
94.13619177251756,94.05797365021934
103.99896002911423,103.93009501246421
97.8573463212109,97.7792988483567
95.71710311949577,95.62575328146193
103.23933061113667,103.17709582117845
103.63679265979975,103.56801784559879
101.5306543149892,101.45220007806
99.19753275303108,99.09673107778096
94.06018705896136,93.96010350390533
95.70503356966289,95.58378013296105
97.63111709468322,97.56969497615911
108.18654297050333,107.81704308040514
97.25612291556241,97.22748533660526
93.35325450949468,93.15674835996941
105.95077273210406,105.57076524050527
100.90597820543117,100.8245387045309
103.84281604671831,103.61459022215125
93.35988305669751,93.29387510723188
99.70777195048485,99.64351667059077
100.82162701709592,100.69513376871186
93.71559324869631,93.5903035512107
107.21827513008229,107.06443052608942
100.86887739627856,100.83976365057936
94.04241130586836,93.96295679475452
95.31312885649106,95.2692216567579
104.39563209415141,104.36492529758628
98.87980179184439,98.7453380738556
99.49705929846179,99.38189104378344
99.02573749290748,98.9490102811345
106.53692278808552,106.37126337290483
107.53704179319091,107.39614941958128
102.96659076598013,102.88858154498543
101.54226971947246,101.48579535304485
103.19851865113456,103.13846872722756
96.55768935198395,96.44191199025114
93.00560976419332,92.8577773113666
104.30632930455404,104.20671766153207
98.64202256521317,98.60877789133781
101.56668134918806,101.53740647615835
93.8067937837928,93.55373104338106
103.6763855371681,103.620872672422
97.49911958761277,97.47573679851075
96.38332232227644,96.299511562259
101.79638135684543,101.75237027185129
92.85036573935383,92.61009309676423
97.83291210820181,97.79069433025276
106.46963780352735,106.40162238622186
100.20794084469966,100.08415819438045
99.99774987121133,99.91402206590615
93.07069864613021,92.87663458292202
97.21332221619717,97.02039921906173
89.53099533065382,89.4134902478308
103.76074363689582,103.71551325577418
104.54765329534217,104.47130640139676
102.15259694973167,102.04400859950017
94.37564980844522,94.32248591456877
96.48758429899864,96.42328397297287
99.43915600995993,99.38538261688049
98.87490933881347,98.82565561397148
96.9397242853264,96.81650153232872
98.19282842290133,98.15927975389644
86.77705258557673,86.4795746920123
90.74593849115764,90.36952946823153
97.93415300854481,97.91253643579446
97.66000480597205,97.62947476025514
87.84842150552431,87.35287969983541
101.03534201195563,100.9511249472589
98.37936622760567,98.32384493718956
103.11196617702053,103.07342424971638
105.46336541712701,105.369967017948
97.71952950055494,97.68108784105861
100.81097533388125,100.68525627526544
99.24823652663383,99.18227452145673
98.75704516084438,98.64486785925557
95.73552740236508,95.62586147234305
107.95510594594869,107.73263929295811
95.82868517066613,95.74926283847266
100.00220925841015,99.97764934392606
96.80966686389485,96.74493211973814
109.25574882337482,109.11646163937964
103.87043411175793,103.68470279322602
100.01688259921224,99.93885529389075
102.94405661103453,102.57741229483067
95.82743458434292,95.66743362437785
95.6223734841771,95.33266585525405
94.75482696392852,94.61496438473
100.61589621465046,100.54232242818492
100.36685737188368,100.34163604944949
99.37244581241137,99.33441070915757
92.33982533166842,92.19443467451643
94.9532778214104,94.86911334540241
96.9405717770083,96.85683424273533
87.37869943821889,86.93070225689856
105.07629543630038,105.01526494020287
93.37133318199969,93.21989825293866
99.9142175091007,99.83441715755733
89.81120056884949,89.60207783715722
98.08635007228409,98.03127542688208
86.72472388209584,86.21506394930444
101.04308880978385,100.98941270027848
100.03729779597852,99.90158896288366
96.02078893163447,95.88479776171167
98.86064614807012,98.65778981223933
98.61783086054088,98.39751416441483
106.93276390343712,106.70675564698297
103.10918900287739,102.89963267913181
110.89427640076336,110.69604114894366
94.61938973876059,94.51388595956179
95.55407712386324,95.49789545044696
98.4398285484592,98.40755824593296
95.4893977763265,95.44963311934168
92.32768282113835,92.20540065484215
105.92084774350606,105.76548231399603
95.53646536964449,95.47376805281604
106.0813351003151,105.93896371925686
100.80734207654527,100.73676256074592
103.73317463968583,103.60389535238167
104.77544946775271,104.63489175411178
96.5493438892027,96.48320387163383
101.45516979945087,101.35869355810097
96.27733099512801,96.23047895306156
101.74131848051894,101.63508955699655
107.65457217001912,107.28353689268211
96.41648545074317,96.34763618113553
95.98764445695751,95.91364954514219
104.13588800074378,104.0787621358287
97.78928606109739,97.71124362107365
94.38416994099198,94.33983979810382
103.82557318966771,103.73465344851003
98.0891961769189,98.07418614461602
92.4456717802064,92.16064555094731
98.34766511885552,98.28953606325776
116.33139708480314,115.95280988994223
102.72126687861542,102.52433656058184
102.83939721656994,102.7926822568041
96.28117384152043,96.22351539753004
99.81700918535452,99.70867901683256
103.1776265700681,103.09647451642391
96.10026253227905,96.06008604202177
108.28757640072281,108.11887707063202
103.8273264416668,103.78359805161959
97.42063252243946,97.31394655731401
98.52447143547558,98.38898005715942
100.85526961806784,100.76686834730853
98.1050071654142,98.07100179714887
95.27972161947818,95.17123620617645
99.9512905450478,99.91004615103861
95.07695780584798,94.82775403709107
98.76664590734336,98.72153406590274
104.37730107220224,104.35319353575849
99.00976156558156,98.98144787852287
93.9603068723968,93.87987278192621
103.59183569949954,103.5553588763689
93.55203988024714,93.45367257515629
97.5264406326656,97.40879918216397
93.47886283077436,93.3958062883993
93.29780525615793,93.12494644334869
98.29422969448227,98.23733980181694
96.95561680511258,96.83633553077638
108.15597526164922,108.0660240386334
102.98764432639565,102.68356997762484
98.41459439618095,98.37942609996368
103.10395066899142,103.02647561130871
97.37892209025377,97.29876706413
96.01510222527511,95.98622706708208
90.50826125562344,90.30132715321689
97.62753764984544,97.59396133419834
96.25477591717605,96.19238704836035
98.28729413879255,98.16929984974799
104.3173710937481,104.22873322923314
103.29518101984038,103.10419121418113
98.92599782747286,98.80398108175457
90.99282673400052,90.83372012213812
98.32190324575723,98.1751311236468
99.08238597840845,98.87760156231109
98.39923782872867,98.36418932808262
94.26619556413777,94.21363743388616
102.62526496627079,102.59723727887751
92.58258495046091,92.49788960818178
100.19674006409194,100.06799562121441
99.6376745063975,99.5616393956941
108.40250294969675,108.36991575476752
98.38712061248849,98.37528967632586
110.1643413772787,110.01702338364863
98.37858740994976,98.34075298434841
104.72637918693083,104.59909861432861
104.5283693336865,104.49268331244157
103.32478553549177,103.28544404140021
103.19615311715654,103.1384724026497
94.32497581640168,94.29745935197026
107.47128469154461,107.2902884066345
102.24889551561317,102.22095227003501
104.92956836244178,104.82089125819391
99.16981858824128,99.04760974975522
105.69595898074344,105.42795991085558
92.05747947105861,91.92448128249069
93.12708303561956,93.06531572338305
97.1847206362059,97.13957848593054
98.76810713395865,98.66954077961417
97.26123903688878,97.21436676045289
98.52639456299363,98.48673020450293
94.81491111788836,94.73688855016599
95.40799218754916,95.25378609376384
89.96369682929512,89.7071710209512
97.16068744972299,97.13991907838634
95.39821436557726,95.2630003963113
92.67364825123606,92.30354089169448
104.71408329687456,104.64803619080507
107.56166185203985,107.3348021750751
105.76469965036762,105.68934175296741
105.35251552715447,105.23215310353244
98.65752865421202,98.61425929846521
104.32007932562918,104.14071572721305
98.90119125775094,98.85308264889085
109.06031184266732,108.85937644377537
107.76495479789972,107.53871893928313
96.19640909848076,96.0950391260566
105.2182463477395,105.13905162023055
107.8613624447037,107.81012190160517
95.62692617519093,95.571957573019
87.54459108393019,87.26523544373269
96.81232995962645,96.77345092842498
100.82973408608981,100.81666844612369
85.74924729023462,85.57758292339616
101.613172447544,101.4866942375217
101.64125632242468,101.59166621160175
99.75591297992258,99.7361560691718
105.03643024878271,104.9967381591325
92.34844092183232,92.19581858335175
107.94069621691625,107.44446095061338
99.50465860821456,99.43154606839903
97.41264505852513,97.38043439873968
100.51782276334227,100.40017552239249
90.64711212484345,90.38324100673614
103.3531938383409,103.29941958045859
99.56442726637871,99.50481261816823
91.64384989669108,91.15682062968376
98.98135109707458,98.83835398561405
99.58874137479317,99.22823895712656
103.00330816831033,102.916167001615
102.34088623335259,102.30302586162563
92.75542042615214,92.66734593821852
101.97623433440118,101.88992197318073
106.55677646228445,106.47609474094466
99.26276429430396,99.22866094038001
106.93860777650059,106.85799101548334
92.97957944198748,92.53829092459084
98.7370028554788,98.50859199489678
102.9292165319167,102.89439863615351
105.47023282893427,105.2927786294756
98.81247534304885,98.75004753886694
98.11831160236902,98.08973617562944
94.18184348184924,94.04527241282672
106.2303413624997,106.06408581499284
92.3475467975075,92.17201000851561
101.12339527842958,101.06535147152627
104.93954790641536,104.8923844230874
103.8295678116564,103.75869130807331
94.45588408434729,94.19674209993063
94.80279706731186,94.66289037939984
103.46183253493673,103.40975028842556
91.082811403231,90.71129992822267
111.4696305971813,110.97790904873138
101.47155551135931,101.36934988628475
101.68466902637711,101.57459239023073
99.30580189533481,99.23632756553884
103.49532458895031,103.37153588234374
101.42696802314504,101.37797129226699
107.8376957258213,107.68826575344184
95.4062070367294,95.33040844967792
96.61567955899129,96.58533797781358
102.9621680044256,102.9115479909526
96.52835398696249,96.3452375621871
100.69588888560615,100.5746175467841
101.86213975218998,101.81345196738911
105.33603500403139,104.98605044294644
102.36823708279242,102.31519439069085
102.62552266632967,102.50829290529664
99.53358555909067,99.3483321730465
98.49753796623229,98.39529431954365
93.1115397719797,92.94497408229421
92.00450632093289,91.72902635240526
96.6803304886383,96.43215063732453
95.54039015358867,95.47172219755299
108.07153052844838,107.5317252606986
97.84008809650038,97.74621282794551
99.9451565882833,99.88322146830417
94.68508634962973,94.58740305034746
98.11993820262181,98.01030484261847
89.6594699311289,89.21998931379116
106.34042542664437,106.17474464748318
108.16002276855002,107.94364939015853
107.72108172663113,107.26165180417374
105.99253368075537,105.94951706697125
98.31343660195334,98.24547201888842
99.84907603767535,99.76685898000736
109.62602160666131,109.13616333663039
97.56710972000381,97.45324835521838
91.45616049232592,91.37000854281597
98.17267792418653,98.03161221358134
95.97197070612286,95.90414527124274
110.2896323743302,110.1217172475112
104.26661839108557,104.16359670421387
92.1660999752541,91.79153624093591
99.26956391933552,99.21358865166701
95.22977181928009,95.01924786439336
101.84959868593101,101.7772580477109
94.86908713626639,94.79369949651377
97.53965755421831,97.51749673746464
108.04805866837678,107.73116141650506
99.49670134331939,99.36106204002236
95.62167652747493,95.5590497748821
99.30804963444305,99.25767725152444
94.82500215701269,94.77058044380922
102.50229985275932,102.46257246391319
97.19177565932759,97.10221470699656
99.31205534458424,99.22802649809762
95.41571484593163,95.3077195012939
95.95943914404465,95.93194544269653
100.49283861201796,100.39715245090771
98.58412763339649,98.5223742933477
100.44287097255739,100.30208371286258
97.83483427310705,97.65977490987848
95.67433165813982,95.62776993032485
104.37062017594123,104.33144013709537
99.48798454812184,99.42651760196748
90.95187770827623,90.78567025408144
95.63860811800402,95.61375948450802
101.65376050974281,101.52103033286899
93.9751441486968,93.86342661455659
91.40385189130002,90.90648044762229
103.00308233527895,102.95308730562488
98.751087465075,98.71781605537683
97.9120540397821,97.86269459744754
101.31579860781864,101.25961919394224
106.03006288631724,105.96481855529474
95.41637852179193,95.21957353233242
93.27111964406892,93.21985514232263
99.88542222892085,99.81252752566601
100.45195728508028,100.38415856231973
95.58189382375117,95.45860364867765
94.65007758759852,94.54496469038567
110.49575873280581,110.26778035903995
93.57221017552291,93.51492605373727
92.1759326659847,92.06248709924782
85.4378774175354,84.70525073969256
93.62755322662392,93.4887232011045
105.70197797256564,105.5394952090377
90.83962725133584,90.54583192279672
89.78798327412323,89.6562782801889
97.34520938390746,97.20377301662995
102.47402966292717,102.31604485233233
102.54770878723056,102.51485269432582
104.05606532623344,103.99200102075918
91.69361918580015,91.58210435292825
94.70554303467563,94.61250809739536
101.09792441279677,100.93775396741988
97.33952214311712,97.29741172803872
101.30331060398125,101.16756668513584
100.67664814928901,100.54223907981032
100.955641264062,100.8876490955342
92.15634812965533,92.0480756665702
98.75371762418774,98.67618024621203
106.08032608291381,105.97256070060278
100.61453540542504,100.50904968350311
93.95637144288605,93.7890393237373
93.16841555996085,93.10490847793245
96.38676898120708,96.29218239919305
90.69231865340927,90.11148014915355
97.97014784374946,97.93393569896374
105.24859154094639,105.1246531720512
101.19596474438895,101.05701369370509
89.93989715357544,89.60244842161146
98.85984056552773,98.73203039023736
96.14365392422776,96.02003470475363
99.98811556966704,99.96229874044042
98.103613163059,97.8715134979823
93.26527686761845,93.16900302397465
102.65887678632217,102.64198952756496
97.19048160733787,97.14722476689461
101.44088603616461,101.31698630386748
100.29162240764737,100.25132982243409
98.76888230331542,98.73035759520793
99.75731315274845,99.73543827899324
98.8755534813536,98.57601421977799
103.01775799127356,102.9538146280156
89.46832998100335,89.21093150839442
102.44213380572505,102.3251051349585
96.42238885026713,96.29571833185497
96.49827413689019,96.43905569551438
102.64400747317345,102.60994723707879
95.25910193344745,95.14577151646999
96.20631196163232,96.03649346764128
92.80506696324971,92.73405613298829
91.39119264076874,90.90530497400017
97.25154234615516,97.05416713684967
103.71849094089963,103.54944776033196
100.51099904035395,100.4770236676867
94.87415518801843,94.78979074443046
94.14184895304216,94.03226795004397
91.81142045554577,91.61728399587925
96.58413082245457,96.37147287359426
103.06664027482643,102.85499619570244
108.1722349296773,108.09438159719579
93.10325829596457,93.04096349304025
96.23284060524156,96.0511494395991
93.40279337161333,93.15571323238882
100.98170252863838,100.88870384100083
105.50126880699189,105.22434405090613
102.21331314655495,102.15106724917538
100.78469098069367,100.74824388563202
106.49886421933543,106.28470220973608
104.8853136574739,104.6590295901605
101.03409527449881,100.97604348633706
96.63765867332684,96.43603542389904
101.48887991039096,101.42626874228363
101.69919783019218,101.6654227206088
97.73683849236394,97.64266966404824
96.05393784734535,95.90129645890073
98.58936361943796,98.56231068196126
101.27089406702913,101.21718534649034
96.78267367522723,96.72842926983643
88.1791207772905,88.00735626468153
105.7190467700807,105.6618443756963
97.13345949213142,96.84887028871263
93.83718310219415,93.60578954224559
104.20582711840967,104.17741255906728
102.09414548431496,101.91138856433855
103.9471839348127,103.87743915890675
99.12392328817629,99.0397862209366
103.89783393825415,103.84138675919478
90.27166383574189,90.17519571362425
102.5426280147135,102.30319208145804
92.00975252046463,91.56639158036641
102.85097202466949,102.8057755229476
96.92300055282766,96.81980923963825
98.35321198123282,98.11512247629439
96.1367289690894,96.09562814015835
100.53563894831649,100.50286044851653
101.45782549131077,101.28768060662308
99.96619865509578,99.92047516678618
90.21607303915735,89.97080835344293
99.97274314812707,99.85847813915136
104.29829400845492,104.26919415462885
107.62727041689442,107.45040988720969
101.3026665193815,101.1766907518162
104.67001853629834,104.53418624556072
97.88522908214735,97.7538640824295
94.53690835482008,94.48577307898901
98.71303173271643,98.5562773965815
96.22085276544422,96.03517166853706
100.65332335240036,100.62438877495511
102.59703859552391,102.48974109352622
102.47880806652336,102.43284437451939
96.53438265363903,96.41506541401891
96.21911935196813,96.17852701869955
101.88840387773071,101.75889223475718
100.67035728653995,100.62266887013098
106.65783454518066,106.520511084005
96.39356325661257,96.24493638418537
99.34189237408826,99.20198362968499
110.93767382626304,110.70847840708431
97.39449495146093,97.20880426520358
101.90456979535847,101.87524325118507
107.99092232881283,107.64456995539447
91.61886457232154,91.27678217538188
96.78301801197945,96.75782590335719
94.00922916345834,93.8740204760044
99.25879949147983,99.21732608468713
102.62894175029221,102.56211594740026
103.42641478968892,103.30643177482332
95.54737280195177,95.16423268574293
105.69195644333038,105.60906989964681
98.2304575875967,98.187960274829
101.55753432721731,101.53321585876553
103.45911496577097,103.39486292884652
103.0092273545397,102.92090052366608
105.50371144088045,105.4291440057566
98.51173495901088,98.45006684088989
89.71071927101622,89.36646556018918
106.81102781424768,106.60793205944479
97.37762972900353,97.3447855762404
100.28073229357506,100.25225598979264
97.64857553564283,97.54083759566554
102.09331225109139,101.97752243455326
98.96452576347218,98.92842114008343
94.89122749463259,94.77233399309358
92.4657374008901,92.41732776083863
93.352202938428,92.89558027096967
104.1436843246179,103.84241562986766
99.60029451871662,99.57581772829897
105.42143287256177,105.3372575774397
106.51613405689426,106.27296631338344
103.95495292693282,103.90086033983141
116.80992385718237,116.41801719960178
103.38282796923784,103.2786432155998
99.01140153500513,98.9814570302815
108.37093512560712,108.15512803477358
92.79750991999343,92.65990195455748
89.43166402005367,88.91829550200903
96.02253502124529,95.9475921711049
103.52619735051708,103.4084268384885
102.83077232539142,102.76373648341485
93.40860365329934,93.25999018222743
100.73913205020388,100.69354556573451
98.22606203226385,98.17470684175773
102.92830722421462,102.88188437861339
96.75754784443241,96.67886847456697
103.45190552183249,103.41134994125926
111.97667351818575,111.71244735897743
89.88511060914271,89.70057255814399
98.15078401780634,98.05933290223884
98.34277002081132,98.28238638313636
105.58508793186581,105.49164365033914
103.85214111392932,103.8149871163308
97.50030034950059,97.38964817022
99.55217498710503,99.33982472096613
97.11256193132897,97.02169096731282
101.19016322069749,101.10939371672745
92.6746273471776,92.44467579345172
110.27507622250084,110.11652099971131
92.6115769592505,92.38479878499896
99.13483539435566,99.06836636964005
98.98639454722756,98.91070984475492
92.35235847990974,91.92142630825047
97.56148048126951,97.43102794451548
98.94098780458314,98.86375537582651
96.94091539713217,96.86322835641647
108.29491059367272,108.14439336885926
96.306715019978,96.2418384413181
97.15087573225692,96.9881613908996
94.35966492081423,94.16254252562916
101.11058310776053,101.03616367617848
98.27314650266909,98.15518441101844
94.49392246715477,94.3249951423751
99.8708227099284,99.7736115352693
102.28673860939374,102.22061206275937
111.47009998694487,111.23371895112157
97.1944448464188,97.16646361762947
90.74635416823548,90.50357976023712
91.33896998241093,91.211594055185
101.45025576002489,101.36969879850076
100.27268695843694,100.25127917986886
102.74896856535821,102.60140076131486
105.70108362437094,105.5921422163812
104.05534762339171,103.94764103575075
93.52342949047198,93.38727061849688
87.69893931378822,86.8938762985917
90.37046790675421,90.08640472976275
86.55940795045028,86.427396409662
97.3017162848878,97.15516043440493
96.9809056239997,96.91549262310865
93.43143422691296,93.3853925622635
95.49125808237491,95.2907521098856
102.34184608328205,102.31125380811424
98.51914184938583,98.42067515991617
101.67999252117663,101.6158005190215
101.86689109353087,101.77419650554418
104.10404642350105,104.0363804539283
101.54369521471375,101.47861883582082
109.03344913655242,108.43056212273984
89.8303624693575,89.68381400998014
93.24462618762692,93.0872079516893
112.09174073986776,111.68042114008882
106.70841486359028,106.39006556226562
105.277721275545,105.23994259447815
90.15774559179947,89.72797771445306
102.41336418444664,102.34474837119392
102.11218949875318,102.08472371751117
96.46199075481155,96.35302199131915
96.32637974426316,96.24505702976201
105.33911258899933,105.20703507921553
109.09320868224094,108.89903596343396
107.1082539153047,107.00677370101867
104.33963292335152,104.25258692796588
97.84441435109588,97.79357901351956
101.95774495966204,101.91575477934165
103.94053501608228,103.85016583401206
100.00759908034946,99.95442725901287
109.81457162442905,109.40952733489182
104.57236920269592,104.29122872262226
96.26922516593055,96.20654205734245
108.36091820837014,108.24060123931781
92.13261914151892,91.9767024353777
97.2320919077752,97.12062935668718
100.66920693818831,100.55325372932441
103.56943257803694,103.45793425783386
91.75661998402134,91.54862630813355
94.17238799290718,94.11132272136905
97.13231956364825,96.98550940176723
103.06256294305621,102.88649378531527
103.43643766040962,103.35978233929731
100.90367253574219,100.8508077145221
96.44751274642763,96.34330619424554
99.16111323613977,99.12653875539425
91.53218455010439,91.31990407808716
96.44088265830072,96.37463066030934
92.7685706973779,92.55940726900907
95.13762284041977,94.9217615978992
105.2698023101137,105.16685356808661
97.93985387984412,97.9106871502992
92.5860196014958,92.50821617618455
94.50482409990722,94.27499531985981
94.23899605353648,94.167532959705
106.7465345115885,106.48332559296205
103.42137667734693,103.39062197635745
94.66395166620279,94.40929011472261
96.38934705932128,96.28769924697399
105.92539306075047,105.86169543122439
90.46254126641479,90.17977917229126
94.18369042044358,94.09044210793546
103.96502564483413,103.90728400913589
100.68360963342266,100.63254515536582
96.10475530537715,95.97418312363247
95.72191835356803,95.64752127507138
103.3076548993291,103.09893397860594
93.83016162981414,93.76358324597102
95.56929557371684,95.48468487446034
102.1353483441224,102.09043221921495
94.69095263928719,94.62789806124303
94.77919466114803,94.64200319817547
101.87994054884777,101.75842870397638
98.9075843819025,98.8644856686895
96.31757843840067,96.22943878742534
106.75009909239262,106.51749466608271
95.67906542695877,95.529436955705
94.77134126587205,94.6559552298454
89.80048890576634,89.63217770700966
91.02683959644996,90.65193994573467
95.23644805284239,95.1663658416364
107.88769356848304,107.79132655240049
93.10458768395587,93.01581293340072
93.85164132150221,93.65604946317839
93.60616446804683,93.55252407309094
96.41218594060783,96.39450108173388
102.35525155918378,102.28959950431451
100.4583842920597,100.28837338318785
109.23507114236173,109.17481224984398
95.36305782567204,95.33784947807253
104.4542135345761,104.3706200917285
103.90692993159507,103.82423881966824
96.47722358708337,96.34961938462132
94.96611908281548,94.93798443585816
100.0183016732075,99.99045811903254
106.72955990204665,106.66243741032834
94.59595099010623,94.50503862322834
105.40421713610309,105.34527264456905
96.48249571176568,96.42367270456937
91.27722284367073,91.04144952990866
96.74666409167905,96.30926581933457
96.96734474436893,96.92870321794159
103.85408341236548,103.81594614739724
104.07055151810685,103.95418305943815
101.64189028752095,101.60274173668394
104.36572503132146,104.33663336795352
99.68306905945278,99.52247017870016
93.72877061205108,93.65840011222184
103.79873006281704,103.7510351986625
101.21652379373633,101.17797024706208
105.05682163852089,104.28937266691523
99.99294880117539,99.97145673465197
93.83256657349804,93.76061038635572
92.60598953384532,92.41257176922609
100.06145933203302,100.0146775765897
97.59667357579639,97.43206153167795
97.13824062498549,97.07098963340361
103.31301683362588,103.25152511386067
100.32553138989425,100.31037956943707
107.61923224257204,107.5104492518736
99.92769739530982,99.88397205735622
94.10777725375434,94.03040717868166
110.65093111906026,110.33569001094716
102.07349170644058,101.94690657486427
97.97768142098386,97.91673392845922
105.57178543783222,105.50138354639093
93.04013217281589,92.97957975989338
100.35650489237995,100.33716812956618
102.48481866847615,102.43306865305198
108.8464344341548,108.75458102767618
92.85630521603294,92.77632013589636
100.86375058195829,100.66815490577282
95.28370000310879,95.15730447253551
104.23257614137042,104.17473302556841
99.85873185721117,99.80196461189102
101.55657651513594,101.48425037192523
98.42006040911234,98.37558743173288
99.86849373833455,99.82181237122359
101.65002772540647,101.62941265544102
93.55667387395324,93.44508537125499
97.56946330709913,97.5412926143749
103.44301230696958,103.26132749433164
91.19051831580754,90.99886572209323
99.74712155582743,99.70929539288099
101.8106767977779,101.79740223569209
110.05632358810232,109.69801968460226
110.73119132736909,110.61040867420427
86.57658914303856,86.37820845171572
97.30867802380915,97.23057346681084
101.17412679096708,101.05327846364325
101.31392943890411,101.29296049449236
100.68732534683917,100.57272915215084
108.43032611193034,108.09351382214616
97.40981442055033,97.25928045129355
94.00345949160275,93.81975937219475
103.4700953195721,103.33399942729586
97.41809771920374,97.30019311068912
101.07334151400521,101.0256762830639
95.79129685580254,95.68119489359553
92.01503237048935,91.78834347886605
93.75532127787679,93.62310210277222
92.89407192059271,92.72179567686612
91.51972354846087,91.25908004411643
93.26452549877123,93.18276333949197
108.4712818545621,108.21188463669445
102.84479295470985,102.8147135448347
98.51775659304298,98.3637953686673
111.28747298740319,110.7769736223588
97.09393107824795,96.98140008168957
100.66334884186645,100.6369153461418
98.39016078374516,98.2982025773889
93.76830978706258,93.67200803188979
109.66392539460152,109.52317653852425
98.0934053928685,98.0471625736342
104.73953309094503,104.45901163440023
104.57259105737116,104.53418914794102
105.46353913678576,105.23641535004371
91.61557297435903,91.40507113505322
100.19432414428383,100.09730228975135
97.85844277000955,97.79971092125906
104.05145925792988,103.91433018525191
99.39694722723401,99.234969716785
100.86778851168276,100.83759243037034
97.18103637048415,96.97962126836616
92.24307814679554,92.15902962567245
92.11487059235246,91.97914958487128
99.33133203951562,99.30672376023139
101.95560291020445,101.89473565801563
101.76955602011128,101.73715147470679
101.59444701081416,101.49718782952635
99.01458041835387,98.9585145015598
96.10297081009934,96.01375125421613
97.99862094048893,97.89194489820878
100.69486918754676,100.51909886812662
94.723770543733,94.62448792676089
94.21591894780092,94.13935165746769
90.3796080871763,90.22407724344427
104.68408730110077,104.64010770106707
100.16744882968565,99.9875347340289
97.70475315663276,97.58836860111312
88.85581770284745,88.72814051690203
97.80917407718964,97.72598440110123
96.65956774168406,96.60999206708178
91.56749933215418,91.18150568880812
105.70028578086956,105.66113231393537
104.84697516315345,104.76452183961437
100.24281275030063,100.17169460939192
103.8880225959109,103.7593700458469
96.43293239677405,96.39458501413215
101.36049579467068,101.29657240076405
102.53955383607807,102.48590763568917
93.87949148253648,93.83035010076011
93.95597466279617,93.85392759264808
103.46430805961695,103.34259124231485
105.8253334724146,105.67835353696128
104.16995320976271,104.15321129526971
93.52478951662289,93.24141926059701
100.31428461764418,100.17837141451466
95.27047777519341,95.2156960030266
93.73252101536252,93.42088535746859
95.62746587170172,95.50271466281173
94.04380589903522,94.00431109216464
103.64066512324297,103.51695520927666
89.99092462280731,89.45857528156037
96.10818741530191,95.96675560512843
94.69124541913679,94.62961482181929
97.59861937349584,97.55042435368408
100.87906557555094,100.85098774701066
101.37608374089555,101.34311871559288
98.28135069296215,98.09827172666593
90.39526377820658,90.17918250313701
95.48467471869498,95.36331753814429
95.75283342159148,95.67323567482056
95.39246913556502,95.2856590622165
99.50933548398065,99.39528678603739
93.20025114957322,93.11487678254727
101.37486929208008,101.3342316296585
100.57318344695436,100.51127349031381
89.75247425092452,89.51021055166717
101.5777603762766,101.54841931251751
103.73220844390502,103.68600165213456
101.25371703212593,101.21627884543685
107.48958506230197,107.3204687393416
94.87567564899454,94.75615605652473
106.16950503384228,105.97436153788009
92.3199033373284,92.16557280553005
102.19886422496018,101.9559942638971
97.10088306517127,97.05524284068655
95.20287362025717,95.16639905301236
97.91697487193201,97.88144591921211
94.99058090448301,94.83805832208245
99.2287338707734,99.01766143692333
92.55267131427283,92.3235835893557
95.61393733253978,95.58099478487655
95.82098608889993,95.73216330793923
96.37432965353564,96.23409758220177
99.46830705119297,99.44500880642991
95.58552455214766,95.48360878664697
101.04728755815529,101.01822500118112
93.40520273216912,93.14524428927724
102.4026898970857,102.35931238508384
100.77144462407412,100.59109339953288
103.14931070184001,103.0807824266866
92.30549978492101,92.1632800010525
105.48059942493286,105.28419786649984
93.24133317779311,93.10438755558938
93.01919504256524,92.94301746356122
101.8514320836415,101.64327491045421
112.79992018962052,112.36953807631494
98.9507617147374,98.76349452268266
101.6702734311991,101.59449855741157
105.75203023902309,105.57314212622266
101.18098136964956,101.09201000884214
93.13075397009464,92.57402281408635
96.22850131605155,96.162319712002
98.20905368275471,98.11512718613284
98.92054631263801,98.84123014368811
93.03508964220912,92.5828329922544
99.84403875768572,99.76413261293064
95.85574510682085,95.78313736135702
96.3542907190206,96.07729150366517
103.91213396212618,103.83399213964144
99.97650920285786,99.94446741947068
101.8381607162127,101.78668770503012
94.4068012014532,94.08700883372397
99.8041368472438,99.74635004423591
104.95565371125024,104.80937913538365
101.05602776083825,100.97590730682515
105.80497954754908,105.67468038672156
98.24813807270294,98.17636520734187
97.41548158274075,97.36392259654599
94.83898588240487,94.80178332973534
104.15823802227489,104.13592719852005
105.71621546455277,105.6271034380131
104.41642426450261,104.26245374814945
103.59958117620218,103.48145996831029
100.16317419409657,100.09664744126509
95.48317075311874,95.44043186614354
97.08097023989643,97.06250995167116
92.0521496369796,91.81437436618361
94.86731693126598,94.80624024235335
97.01655248502625,96.88370082811852
105.77496900296858,105.64803034445892
97.11891244410194,97.00448362996052
94.05152147797448,93.65225111757587
93.17773047122813,93.02425603797168
96.48144039498655,96.4378021001285
96.40039957029182,96.31668654790312
104.90321835323465,104.62894619432822
92.49351327579005,92.39846064661914
93.59542347294241,93.49517597651344
97.8527743242908,97.70961098287621
97.72888945358255,97.68844353443946
95.00146553513565,94.74667607217951
100.78965496278711,100.72548702867847
91.18544491050916,90.82194121450661
95.77246073431324,95.65151252997839
103.5020359270131,103.46878712043254
103.98281076256926,103.60158627175406
94.81242985846373,94.71422590632484
98.09428981818968,98.05735400393583
102.39571667430214,102.349386998883
98.51502085233479,98.4771056558022
104.5500873940662,104.4649068676835
95.14989312307209,95.05368626251196
95.27407218381416,95.23578736984102
96.49462883730948,96.47150345052314
98.18081282779171,98.14056382608234
96.05398342440222,95.9416938901758
100.90545498763282,100.84269580327015
95.08511670021952,94.90716415164603
105.28097054868488,105.05453030387277
93.5794757081861,93.52847499165043
104.94357853132698,104.84393772131985
103.5176826994752,103.46162981905573
102.2380556602257,102.18262259646737
89.56293862013703,89.2895974569109
99.92902792703562,99.89336367922006
92.31361055813436,91.96713046125737
97.38488501011707,97.35428307869851
89.38352825036154,89.11392739761929
100.02913634283071,99.83537997642483
95.73602660441969,95.42344373924246
103.6297985797489,103.57589167632558
94.32716001846222,94.05987691002024
95.39732138562204,95.35093944715905
95.67899086629205,95.59846481108134
104.7596248202716,104.46483197013669
95.93109491713267,95.84059640290289
94.4587128713735,94.40649431177211
102.7242986053176,102.37270722839249
95.98531082378946,95.92334656458364
102.18218422576543,102.04449696849379
106.18345981239302,106.06973512718055
97.16863837713366,97.12199944846917
97.09503697156451,96.88416198920068
93.85330096464845,93.68405284393862
93.25383134771906,93.10395624771789
95.80591677359917,95.5758946457559
99.99592370163968,99.96136530780286
104.1679985635206,104.01032658824707
96.73250945509393,96.66195685184675
101.99827522618126,101.88555332987481
96.60240437806286,96.52154575172153
109.55286330504914,109.2330363991893
103.47029499396135,103.38002028384577
105.32269739163148,105.19581407957226
94.41197476834937,94.20039597088646
104.82827940891325,104.75676268018923
96.24002399150976,96.14212244830769
96.30105717341583,96.18448647318904
90.30618569067767,89.74653636180976
87.23742330819277,86.41648241918774
94.98556239089541,94.8326745220343
105.62534421267824,105.52692622420552
105.0093424273768,104.92221514765157
98.20486644772147,98.11032127859336
100.11447004007627,99.99720764455854
100.71650617156858,100.57977351470686
103.73948400238764,103.67457642884777
90.45648610152962,90.23600460521897
96.2319498872766,96.17579590396053
109.74173153043179,109.60426210826647
88.03163331271543,87.63837039267825
91.63587961088315,91.46256082894764
100.43090944939456,100.31442684632488
100.07024543584318,100.04510444439329
106.9082984042413,106.66833664320572
93.81611077905376,93.75905579035884
87.09568897401688,86.69154908711229
98.32371890759708,98.24190979836925
89.84616676386828,89.64033629397197
97.18772997974897,97.11974340227694
100.98508375822125,100.87974075653489
93.34685228213816,93.16003397778412
94.87817320400218,94.35906572684004
111.20603539647813,110.83551937572469
109.42397854047509,109.2432512350084
102.67613120851306,102.586110102958
104.71860828716572,104.64815233714054
107.83679139350879,107.70309767527306
98.55812845734356,98.36504487211319
94.31734986282333,94.16765075204265
105.2543282263688,104.92539641936293
97.07975941528768,97.01805697996102
100.65944699058944,100.5206343808934
107.34855513808282,107.21179892021954
96.65896221061587,96.53279933571605
104.85271449260058,104.7694952271261
91.31784231268665,91.16015305640492
95.77652020876802,95.73364591298072
97.41854593364418,97.35489711095032
97.84753332726787,97.82481950692313
100.5866037990074,100.56477978622297
100.59437274228007,100.51829849938025
104.06127209257622,104.00916342365008
109.30924061655428,109.2278852753151
89.5638709007867,89.15834600687911
103.22406111799434,103.1365902305624
90.44933295007615,90.29965553701813
105.38629101765582,105.19186328268637
97.3695219649529,97.27760663072308
105.47081473054665,105.34978096478551
104.17952771155393,104.09428203640886
100.17383901443098,100.08761426967706
92.4984950158286,92.42661931564548
101.24733815124968,101.13175874186827
106.67166330611924,106.39907200566185
96.52973664517431,96.42511772884322
99.6349320465776,99.52344908346319
107.10504390117013,107.00897138518515
106.2557585517232,106.21922961508959
102.46446835761051,102.35760303466336
92.73769852418424,92.64292729638295
112.37757290450644,111.96654788457325
107.99303573736783,107.67944579183724
96.98952632935043,96.84800725311098
107.59995099849162,107.53789957633393
114.39641748299124,114.1058034354146
112.6039435138556,112.02220310020894
99.13814361530676,99.1011806369043
95.08593188245624,94.97572914491283
94.05969217933139,93.74963457468877
105.4367807357119,105.22231411805774
90.51521546416592,90.3309986335366
98.5671844627035,98.54912793968217
97.5286374051853,97.47926002082042
107.54350608859764,107.40286281953986
107.91015231724045,107.63583147483605
94.8640511049368,94.55240897886036
108.10877007673609,108.0633952173277
97.58902867686383,97.5086703388043
98.9613882540435,98.92543503782113
87.73994218942921,87.57045751125374
100.86135927468509,100.6147104411476
97.4935573056163,97.46202793794663
100.69885864835602,100.45171916939226
94.77357010480608,94.49630754517075
96.24596526725345,96.23181019360621
112.32662069494661,111.73824533061897
97.10138921047452,97.07194595508221
93.66009275082328,93.54692889855657
104.34341251981617,104.19964475192083
89.8136895275884,89.46765096115972
98.74946590772288,98.5767934206741
105.3753091982262,105.31569768540989
104.75880394152715,104.65706580540825
96.61111557036901,96.54967924293827
95.93672105559388,95.73702836983324
100.24431501797694,100.22205633054547
91.87421056940903,91.73069387420682
102.86817404456225,102.73802256879013
87.67227798585591,87.32332769561538
106.6607412473166,106.40075235749805
96.18720290100296,96.14845554333935
96.83179509445587,96.7095141204438
98.14755751260253,98.11843617727006
105.02652749187133,104.9972066980136
96.44558455168334,96.11951343144725
96.00956518181503,95.73346423481641
105.2659110577118,104.98525167233333
101.8095509643994,101.76418274602278
105.41293662987842,105.25717620940057
103.9766320566579,103.93697501937864
102.34111481337405,102.18136280739625
109.54682397805519,109.32609828241233
90.31946554743843,90.00615215281537
105.7765655604644,105.35745071304021
98.2994254976036,98.2763843555142
103.99773623284572,103.94476515540778
100.08474684312145,99.96124941597824
96.46188694868053,96.43745095675875
93.23621653630411,92.93229641665467
98.94303548175216,98.74295041185279
101.2025079153424,101.13699799707813
101.19774845899924,101.05509013343091
96.25643194017267,96.14564878443635
94.26068453195008,94.08627391114399
91.81569083953093,91.65836020350946
98.67782468991196,98.5366696333754
93.5853314589304,93.43365335887053
103.66178241924679,103.63084823254168
97.36704729147704,97.34534085425247
106.92806899469133,106.80803648989176
104.96874269754971,104.90539132064201
93.53909102962854,93.47391890429394
90.48152661400133,90.25459920399656
104.08444425737329,103.9704489920531
88.65039041292216,88.39401896921609
98.43435057301696,98.30375599612327
99.31909395785198,99.21559467031018
97.66160218420698,97.64020096659534
98.02204488977435,97.96859485854893
88.98931599078864,88.63145917511052
97.30281985349697,97.24310234989501
95.14896481355268,95.10174698886665
104.67537612996874,104.53886669345312
88.68874181006764,88.54340151000264
101.20758821165612,101.12023477345862
118.40478595874538,117.07107285332013
98.01447032963101,97.93664432576135
100.22841898910914,100.17766370079839
105.49737266086504,105.35321025109953
91.70605690292012,91.52598234676707
101.92514310124852,101.7397751732692
86.34895261896412,86.1519730922451
104.75648520632582,104.69900110976934
95.40638638814076,95.32343587889127
112.11395372026612,111.7951153869741
98.9302076850913,98.87540971145627
96.46355788888131,96.33969322790546
100.75967835740428,100.60735313292025
92.49089273104451,92.33533171943846
98.6355392502244,98.58809772513393
102.13581170844056,101.96238033906141
95.14653785062434,95.03811887025776
95.15304337796948,95.08631391537561
90.19848908011025,89.96041196962516
91.72649811849313,91.58399374389106
93.82271577921341,93.46245695736386
94.28880083406783,94.24428211785778
104.64047434880894,104.59605719789987
103.63550682485062,103.45448995511676
100.3630356159398,100.26098113165116
100.7048665715668,100.50169946801789
101.2481370462704,101.21705308127277
105.68228751761407,105.6061504723783
104.43275317095484,104.2728647411193
107.63921830884907,107.56436539794113
87.90202057374445,87.66535923195381
91.96112605028566,91.86355731594948
94.28983847007929,94.21223996321922
109.48552350702408,109.21746485920622
106.3893496295304,106.24394596980483
96.53387965501028,96.40373289392039
92.36645950018242,92.26191109760401
91.59291702341861,91.31915919628734
101.23657162249843,101.13206098770131
97.39386790118701,97.33940352157067
95.18739369314888,94.97643447070367
97.08036804446601,96.8888201800607
102.42363333403105,102.35916553278068
96.46345566961315,96.43618338915275
96.02809083632498,95.83868933713924
107.0878140254069,106.94786871287192
96.5072431418764,96.45223683630982
105.76019244485083,105.3994246782521
106.93571676049538,106.83830355828228
102.98399217889872,102.80779897235348
98.35462207679839,98.31553607408874
88.12587273444043,87.8412217833612
99.0798984323301,99.0571944893152
110.85951569285335,110.27663062987492
102.51692298164281,102.33873146603496
116.94966690007746,115.70587918863414
99.31429699778147,99.27848496791702
100.60242990381076,100.52037170738078
99.89503118562764,99.78144494138174
94.02396927975985,93.94580439720177
97.39445963060825,97.22752200145587
90.41460427040357,90.14469315679347
96.75751950460213,96.71218416054765
103.83183421684126,103.78984194181191
93.82162859443606,93.57150133735162
100.40364290110341,100.35546734900664
104.15085776406403,103.84958618565723
94.88155651148537,94.69517415709134
95.75184215482659,95.70475450212977
97.2837052808305,97.19227178352773
89.28380047091905,88.98021394149893
95.18025764098792,95.10469637136093
100.6804390134659,100.6103790501362
107.87865344606645,107.53315570485293
91.17565898003484,90.91853308193363
93.364168610091,93.28403190124772
96.08604671022962,96.017179127639
96.23274217252319,96.08560885604653
101.14453399451227,100.89011633981713
97.003569831566,96.90672816108511
105.07215117443195,105.00876998034654
108.11810569528826,108.04066324645552
102.43967931404191,102.39476305282703
90.77656262871795,90.28761590541866
97.82741262964036,97.759971419653
97.23227973096387,97.18929221541927
92.46571715037518,92.41540478475117
86.9782065200584,86.70875616592132
103.5858621929079,103.5109688479319
97.17069224937163,97.132300619422
88.05335200889789,87.73691234968075
106.1304489475579,105.95211675468008
91.41438408157434,91.29789736888412
94.14494337472655,94.05046387193276
98.71272301457037,98.65783455538943
91.81613290983543,91.50659022040242
100.43879683113205,100.36957512286797
95.7609629474063,95.70731418442608
91.22972480015693,90.92799367801827
92.89042788748247,92.81340604350089
103.48456115351942,103.31063256115746
94.90778930129909,94.80717630420666
106.62451033474599,106.58963727632337
95.21004174467285,95.15128552235103
95.80100572429741,95.71500163795075
97.00502246348591,96.89804668633246
101.01022180528135,100.97699541618466
95.05700618877309,95.02116006637567
88.79335030693301,87.9854072405554
97.96887332697077,97.91038760122919
103.75406578531259,103.71297036410775
93.46366747480774,93.2010319167179
98.03346862901479,97.96750821170593
102.47219419986087,102.42267571782536
97.92497285511992,97.74723301416631
105.24168925970102,105.0484943107702
91.06541313520134,90.86485898635695
90.59682270591216,90.45334459661083
97.31136966000133,97.26293065285562
95.0932760697361,94.9825205801594
91.49124550035043,91.39309932041844
106.82589431679872,106.76723317692829
102.88075999002709,102.82880624794254
112.94378113452338,112.76345839192977
98.45158422100296,98.38505854222416
107.36882845862986,107.31486190019292
103.18114117687955,103.08912060316392
102.34824500382223,102.19912626848216
98.96272325571388,98.8790585509896
96.38471592826554,96.31501243887111
106.37585303161309,106.34237023715706
94.58786532561494,94.47967896100458
104.29477704563332,104.25478107032403
99.89324091717059,99.85317465484678
90.26515418844296,90.08494106473623
97.80571061321201,97.73804527963789
102.16953183478834,102.12230351495145
95.94819960193863,95.88707792486753
103.61459289277082,103.47684572969915
98.66711327762887,98.45770046962186
95.18337845237724,94.56083149353384
97.99011696267242,97.94655869617964
104.46434777188696,104.41825780942982
100.9668211852675,100.94490773061446
112.35161564090646,111.93316999558273
93.31389242659809,93.19503459455694
109.3631259273332,109.18316180057866
105.12912569168112,105.00446294557247
104.25659549293435,104.07837749695545
91.14564778761869,91.01679728228552
96.62570116323863,96.4061151544281
98.69233054691385,98.65348730179474
89.0884492234155,88.55180374876292
95.59247347840166,95.55452904830304
108.96707567396537,108.62851787615294
87.00285275475736,86.75985721794078
106.32554661474282,106.01427802050021
98.02503994701551,97.94496514198372
93.39450598943246,93.09198577163318
96.95734779277805,96.85152855660046
92.41797015314027,92.24098765880323
99.24601538184957,99.20270261692491
95.82319338579424,95.74022427904956
95.2222564553319,95.15587740435583
94.2167764186633,94.11995455488639
96.36399134536867,96.16077405430448
106.13098140416432,106.09872129190418
88.9159099242527,88.35651279851008
97.66814516626874,97.45747283111277
97.2142110817364,97.14464478342543
91.88851502365374,91.66210680213037
102.6511063312078,102.57638409545183
107.48043802805006,107.36880979901088
105.30569864137368,105.03456328703577
104.8456463935038,104.73983876060238
103.68886534156015,103.61977034379949
94.44222781566,94.37719928523916
102.4307779619393,102.35292905816758
99.79448666977986,99.74131401015774
95.67590315018819,95.59534937809434
104.04308194860816,103.99294934157977
102.06710601099554,102.00035631568954
99.94983785910996,99.79343931401935
102.40367433522924,102.2943477947756
97.86764858934279,97.82584079969283
94.76971867075228,94.6280424206779
100.34504538120265,100.20217184335567
94.75423807079135,94.69423207519756
105.69307161595431,105.2546439342671
94.51731806316144,94.3075547510566
96.82639974687672,96.8049825959391
96.1324308636742,96.0129205065091
101.26401162934285,101.18852476291671
95.10846097629032,95.06270326706216
99.77932068088883,99.62686619501308
103.83126912473178,103.77741114750458
93.71873524419287,93.65780531793699
97.12492919523699,97.06331034123863
103.79857307573324,103.73708556399522
99.04358131976888,98.85790003319354
99.71908719212648,99.64218336105596
97.54804643770245,97.48955424181288
100.70109218323276,100.59748167779192
103.47746199989162,103.43088110644771
98.01118846542138,97.96997895897299
100.41747885008141,100.36380288196099
102.64519741737345,102.59593793622886
100.42291017611798,100.39652471284556
107.10737617566228,106.61424752704326
97.31967863215837,97.22653836915059
103.25431918255366,103.1953821651864
93.66459856282584,93.31354241598578
102.01823139813484,101.87634016550469
94.29412950760765,94.09289096036838
96.99065403205098,96.827250180872
102.43454500664046,102.35730360657811
97.37054657599793,97.27404636341433
97.08859063046424,97.01532867191948
92.55856489149166,92.47823421647718
100.95385183994202,100.90707679689335
98.58729815985163,98.52713555520906
99.09185796137899,99.05611839357815
94.244255978839,94.16314392029399
88.94888131709051,88.64327560241104
100.4302126298241,100.34535296300879
97.2250709401228,97.18188211508046
102.78417152990234,102.64754845088335
107.40713254379958,106.87569995404277
94.7019711594668,94.64196113278413
92.16071815117694,91.96806008922869
98.45569256355176,98.30109002746536
102.74744837425213,102.71669601192787
104.18312129058832,104.14222023332394
101.42008195961293,101.39788136748834
105.93497102644623,105.88171550080571
103.20807351095607,103.1592565013752
99.59797470057181,99.5681932536771
95.95517179922325,95.50873757423616
102.88527563230862,102.64140972605617
91.18721278070775,91.02952675244964
89.08345893119545,88.90904201310862
110.7028467204896,110.18624208843939
97.598668575529,97.47826582090956
109.33292454904318,109.04035512833617
99.37220705763725,99.2932393828482
107.33049068620684,107.08002636130523
96.35265533619952,96.25454223695432
98.76361581289002,98.73657300389874
105.13847417561365,105.02658056453973
109.63234960895383,109.50643096096607
106.7377813781728,106.70096939115798
102.51420601976815,102.44226601987292
94.58816224097401,94.50042693370732
91.94954890424452,91.83071207825493
95.51088072313034,95.46537535488575
101.7371438162823,101.6600256439338
105.01226033513598,104.83159745410742
108.6064528288935,108.50489076397201
92.83105444307965,92.75981046023176
105.33016829100963,105.28759948573766
101.69054410159087,101.59726513751528
88.62133008906171,88.25984857371672
103.65204324995051,103.53721641077874
95.0780303217125,95.03935758873085
104.98610852896277,104.78719928962282
103.92686894181772,103.90049178564554
94.1562121060081,94.11428504110842
107.11400267055515,107.0479339783694
95.34531367166686,95.19969277671986
105.06708316715444,104.88931126329751
85.75968323455203,85.15426799061886
97.51970202878941,97.45963681825899
99.31039609289456,99.03230988561613
99.46074136211371,99.42104131947508
93.53795147380931,93.25271760721314
103.32688912063735,103.19207731542691
97.88560907570115,97.84942835533367
101.25848360240835,101.20954873963491
98.50069317733941,98.47399372474877
96.42316002358525,96.36624585988028
92.15342603448177,91.93351305982166
98.37126304548433,98.2835899876347
94.44685514864872,94.20365727565087
100.34205771263363,100.28068136161612
100.54479143815948,100.50972400789594
94.61103943208226,94.3934254180072
97.70353986873631,97.64875161373402
98.03975101201326,97.8941799643231
96.25375979794183,96.15143107910168
106.01171329136338,105.67326617689565
93.42113090485763,93.13457072007898
104.19353982156221,104.01332159995118
105.4385321049308,105.28776219869553
99.15732029801092,99.09733536307064
100.07676532205546,100.03533974582663
106.86153403425418,106.75634659855488
100.70778979478831,100.64152794614222
102.88427609430268,102.73483057472191
95.27686239592529,95.1860260056779
92.75013655751606,92.6643678307428
98.13745599772284,98.08851995371423
95.74015102219964,95.68431430332494
103.04553733264622,102.99652869553677
97.3293859384293,97.28369794012582
92.58741609016833,92.51807791238467
104.59528562075822,104.41563077940698
97.35504660401745,97.30311708718455
99.84326810534081,99.73487064109553
94.98490609202562,94.88391459709385
97.34890357893259,97.30403187229473
89.67572129824406,89.42426634164433
105.7050516252436,105.6010849318422
97.78185370136217,97.67685744090741
95.10859755476868,95.06494514410394
94.83876867177672,94.69828357564266
92.6193815722294,92.3571645315986
96.59217989408336,96.47900434780678
88.10938520903868,87.54669138460737
92.78774308169555,92.75642308323526
105.94309356538109,105.72808211399024
98.61971856418982,98.44758831145474
91.54364581734127,91.41975129151824
95.00626074694206,94.8284338111828
91.17215213074073,91.05601617816595
105.22165779300433,105.14888145022934
105.49246788487608,105.4372794140349
96.09344316458822,95.96069121219949
100.98649936958513,100.94977381106304
97.29306650083475,97.19308856363766
97.62376473731818,97.55166432438195
95.3970880168578,95.31985552393513
98.25866958135182,98.169319018342
95.94290093338832,95.89511343147213
107.40855106524819,107.2829709923954
95.56319658117573,95.49904323904916
103.87125999127919,103.79589150873555
103.56187413601539,103.48760504306884
89.47910906958063,89.33137532033838
109.56372461100231,109.15598537376188
97.54827741212999,97.46838054102328
102.09065962839333,102.00178988900107
111.8474283644089,111.16055327935592
102.23048652449852,102.1457698558829
102.4560229342098,102.43689373244094
96.80960459734342,96.7554852510525
102.90791069212555,102.81101006761047
105.02486134993849,104.96898494359385
94.63910403007534,94.43521551093889
105.0976280956989,104.71925178853068
103.8597881306731,103.6748053597985
96.5077941535293,96.26184733734107
95.01486995292382,94.83014750528577
102.4565974868807,102.24101500793182
93.1965699199725,93.13848478157225
100.39217028833762,100.32768674770561
98.78620883929773,98.7292652086176
95.56677150526288,94.88035356792231
104.62179068587896,104.52315570948502
103.31073166124872,103.14877314165476
98.70534841430849,98.62010251682479
98.09942637700648,98.01200339382123
99.21430657021725,99.05066485699425
100.64050216088644,100.3582153165404
100.27153780409608,100.23221592726637
94.90011095677438,94.71977920828188
94.47040960672246,94.3871863467039
97.86812573984025,97.84760711825012
104.15094805336855,104.06640199524406
93.35843973864161,93.29201685165589
92.506583504434,92.22224309723241
97.7093257004202,97.65218117284827
97.94238323106521,97.73288871834269
87.66703163624634,87.31451208240179
91.60985235801502,91.22370212546853
104.80645411626001,104.49015886597225
96.32236344113412,96.2281320867818
91.94879903612629,91.84578807181938
100.41613598694195,100.38791885799414
98.97533458070934,98.91426991143555
97.24722285853395,97.08913929287765
100.21259951942949,100.13346032959855
109.35955195545506,109.23689763308832
100.68832522895649,100.64888549499078
100.69866189507262,100.65632697948384
90.78088812108403,90.31864986165961
98.93743201544041,98.79562234346112
106.9027691194741,106.70447901820765
101.73205697577026,101.57225819365677
98.90286878721777,98.85050307802346
92.95740941268976,92.84596719326078
91.0404203795229,90.89856225850052
90.62383783166874,90.49862345610704
97.63478078712373,97.5852514891137
110.20599318735772,109.7781898075049
103.80365907675233,103.71249695565606
100.44738070193776,100.42628890456942
93.47795350759043,93.35740812013154
99.66478489516464,99.58726360401488
97.88548754099688,97.7190335502273
103.95340986097193,103.86702871546314
97.58914481697943,97.52093913977482
106.6960435853909,106.46745533550337
99.43517088612823,99.37540048051383
94.68600646836303,94.58639034241716
94.089768200801,94.01112887409732
88.49337217728045,87.82609196271957
96.50004562635857,96.45641876846415
94.53678335757239,94.45047558338854
92.46200028868671,92.25193591527412
97.32003351907147,97.28950781548754
97.78159835838676,97.66877046033692
110.26447419162619,109.84998887456476
97.76372673843402,97.67200994201859
99.81430507237415,99.57582963883222
106.81270126423044,106.73347478561672
98.02294041789452,97.963106016071
99.53814191169594,99.47360481291452
95.69479019608033,95.61713948350054
99.67738443244201,99.59985085229594
97.71860914484276,97.64416847628537
103.51274636291333,103.42324638140215
91.7705165113894,91.35208478870311
94.81987192746317,94.70748362111489
100.8757519343226,100.75058579476203
100.47592165027753,100.30576460624465
105.42832494878311,105.32665674867762
100.37740412912937,100.32911273184372
101.84573007355624,101.75161277600279
98.9921875379253,98.92596741263888
102.98117930952634,102.94288833952834
104.00135040457512,103.91279319767057
99.89118021561244,99.83929883115901
101.6568071642238,101.59109718425469
100.06917891701133,99.94346988476708
99.19820606745492,98.81841208553317
92.63148851451133,92.47662254854413
106.74642094672957,106.58710074445489
97.1365149433338,97.04080926833109
97.50038874198275,97.46001050321186
97.56979059090729,97.4928716953257
99.09458087574723,98.97825140368143
94.57133321685369,94.35268823371958
93.64417154507663,93.56092363661253
95.0361281876259,94.90112738314086
92.19483173810131,92.09263584174816
100.32549654986802,100.28335443848923
100.37053866531332,100.28973842201866
106.89824093403506,106.76590797738963
100.27182448057113,100.18416832644776
92.66801130615542,92.59611568200098
94.17728978349228,94.00113723380848
95.5474781588451,95.3309159519023
98.88158192993829,98.85046797463782
104.98111355474843,104.71702550251933
104.84359372936485,104.68127405566028
106.06686233978749,105.98510224617146
94.30401204175699,94.24370063402085
93.27933302315492,93.11312525474962
96.2225199898441,96.17280070933137
95.35989010384286,95.1888359866434
102.52088635897024,102.42639384163091
104.80018008134007,104.6328579962387
91.45904456484524,91.25834924699184
100.20844246609144,100.16748602807972
96.41332529315164,96.26189494631262
99.68716897923015,99.63934534038987
100.48066574329889,100.41771783540204
99.08414293095389,98.82153053814989
101.81322717821793,101.72934578518554
102.74290766040409,102.71797697700269
91.3860832786734,91.28649971122275
98.1765422913073,98.02461729146555
102.24442068301725,102.0014913268103
99.71491256474508,99.5768793022405
103.97601828623726,103.91524530763206
93.29425250822493,93.21062407163808
92.75326096512245,92.39159150270264
107.14393265468017,106.94272996987635
105.46993217291441,105.2998713908281
106.4314100206935,106.11765456133926
99.86957173673885,99.83074921151076
96.27686515791108,96.2114668756095
105.43531144267827,105.31126876442345
102.6395170184533,102.50114978643695
99.92540770042555,99.78508858807325
103.63994863164845,103.5294731213703
102.99683729421857,102.94646343398787
104.37828538710805,104.27675736043744
101.11597728400197,101.08489444278588
100.01586188876652,99.95855641131902
103.5686077498921,103.5072562480833
102.26684135649168,102.14500989810062
97.11744721496466,97.08379769329748
96.93695549511027,96.87018633811581
103.57956234751018,103.4886338538863
87.29609937368073,87.0331279689919
90.44352805349192,90.23426025758806
84.5829367079019,84.24082470920055
109.21097428589947,109.1039106712602
103.20543683207188,103.13544111197375
99.99521644095765,99.94271506304119
101.2851003761475,101.04839379213432
101.75441640689462,101.57231775539758
96.79715390413183,96.69548529431377
106.57828304583005,106.2357668804435
101.5075598010909,101.2495192319006
106.66814568927704,106.47360153437312
89.60439256405284,89.3903077740544
100.1400200286239,100.05950159462027
94.65842501306406,94.60633246924273
95.2555494644775,95.17243391192167
95.3143132625876,95.28375385382755
106.74110340729574,106.64454863004663
96.8032459727294,96.76862489735942
106.19330980148537,106.05218621288829
99.76205545569181,99.7204935394358
97.49511430483115,97.46502746173913
88.03160422147786,87.78187237081687
90.34210605461215,89.89752752810551
99.50362985963478,99.37006468158702
100.62153209726121,100.56177453879585
99.5439816021797,99.29279068384118
98.1011911710737,98.06626216196385
95.4488098474872,95.38347231903789
102.54009286287679,102.5041737881183
95.0487701475221,94.92566290955399
97.17298224396683,97.08598916883126
98.07311198587993,98.03602594486411
94.76292097306856,94.67034396181813
100.44934921074237,100.39484611231721
92.34279820005409,92.23201735170964
95.60445033202691,95.5259677841272
89.88315584881029,89.54617249668917
93.40767778821115,93.33810438290205
93.77742805406737,93.6980220393068
107.38304210914649,107.1446730018867
96.2662031065697,96.1498902519015
95.45715203732956,95.42003370405692
95.1197887467129,94.91854417169833
96.54079346793176,96.48447685489562
111.35554786856501,111.15508708629028
102.4365669266262,102.35985322475386
94.25466962551154,94.0446820201137
96.3666877853835,96.27222731470064
109.88440581352792,109.56453991246481
106.34437768729946,105.95431812931079
109.09290114453553,108.93250260434183
98.10732358554365,98.02922122608429
103.34207731253315,103.23871830354322
93.36946339729089,93.21300765664247
108.85662246566939,108.76326694652542
102.33120083257771,102.23833025881186
92.95119898324832,92.90477579485123
100.09550399081846,100.06582240545686
96.46060083607064,96.38682546034855
91.04612704808935,90.66920950512834
105.45068796308513,105.31602779687866
98.18608567700137,98.04809122469689
91.63286104794615,91.47940912715556
95.58139539133447,95.45695998090646
111.29597617905173,111.07683299396413
97.85247141337926,97.72638500481493
103.86933143850136,103.77964859453027
95.04471774015472,94.99142462688145
107.6146332301145,107.33919845438088
100.30977044641426,100.2908034510445
97.24900054784796,97.14477367334784
94.75483665459309,94.66189242478903
99.52873416393814,99.48141007006966
97.7396520332032,97.70420130298903
106.36798556726309,106.06929281327801
94.1669048394897,94.1206615149951
98.05718791615372,98.00487009359684
95.56691604781172,95.45724366234239
94.98800162308035,94.78893582372217
91.0185320606141,90.84251597916618
96.99067167617088,96.92807463417627
104.15152496449447,104.06818079523768
109.89907306807858,109.78160241157958
104.85697391127108,104.82082498781544
102.68084118768378,102.5857273779998
98.61912444167568,98.37884569538672
95.17708145515748,95.14666443492357
94.2414206036432,93.9771099924688
96.27760231555376,96.01923555703598
102.91304524433663,102.68756331148712
92.69896663179084,92.58916366768513
101.08424704558351,101.03005996008817
89.0570642120287,88.91297411514763
111.94909685187142,111.49966385984841
97.76996921494809,97.63146882060352
109.69167592136525,109.32464871969096
105.6353754883176,105.27096246471062
92.19916453981126,92.11629902136276
94.38870342825601,94.3385697337873
99.16486256706611,99.07603348486427
103.201415912543,103.0588094937296
97.94076311437294,97.82369656011558
101.77415328178883,101.53324766310892
96.28549349446303,96.26132326039286
101.22160141562763,101.17948200753835
100.0284434675194,99.9891051011841
89.0607330229755,88.5659106792915
100.3250053179094,100.21413644089616
99.83942046313601,99.7780950749876
92.88997947282377,92.80222169643
111.63688140753416,111.08591022380179
93.22277626258273,93.13749053355407
95.94146300276056,95.83450500331156
87.93343244025034,87.21258843001517
98.75272795784133,98.69383892155776
94.01692886589797,93.8030123098739
93.26366541284241,93.1504397373878
107.02597627187247,106.957103545099
105.14821157200355,104.9651475620805
100.9713343340351,100.82538230024971
98.16063770808447,98.07115478961703
104.35751097375602,104.32404666819507
101.753386346569,101.48553823312227
105.53391211774817,105.44840530366237
105.29448830342513,105.2016299739299
101.37571863745882,101.34817175695332
101.56094516471309,101.53345901777796
89.93699950328588,89.78098642724069
90.19688048539894,89.79049960949486
109.39817029993362,109.0759284826028
89.32459422286828,88.40177792718104
101.10749393546283,100.96519858960978
105.08379534821329,104.94938312286695
97.20899535468199,96.9383141914041
96.2565429262771,96.14924043847478
101.41103914973868,101.30159035660999
94.04664707785425,93.99338202334651
105.61844717959782,105.50266066511855
92.91594570555863,92.73078150567889
100.3738325522942,100.15888193700509
99.2996189071252,99.26794641242154
102.14714524543396,102.08495250409442
96.65043435431836,96.60166407721182
96.24629101800112,96.11508209608432
99.66892545438455,99.60299134099712
99.20983844960618,99.17608739621011
92.81287523994719,92.68384609489623
104.14237300180217,103.93257511322192
98.95715025943467,98.83988232551769
93.86172443979576,93.60233062717533
103.71992391986011,103.63773554355944
97.16035921056346,97.119272628837
98.14064146952916,98.1140902555561
102.0982071651295,102.0257128597625
92.94889320135948,92.58892467332873
97.13264634103287,97.02971492630482
102.81190793865862,102.788739784789
89.67229144783386,89.41900313530887
102.51690170098884,102.44312860471051
103.15654912647969,102.94126037334253
105.50748491906917,105.40461148715605
109.6790109226309,109.162044414611
105.18912806945106,105.07585230403966
105.5114314837226,105.45055945789902
97.24797452048664,97.13244085891846
104.49368142975638,104.43399648829792
93.98452243703485,93.88369940774416
101.12682396247828,101.0918247440756
102.43362362986365,102.38016576372063
103.58586957742754,103.48003403711267
105.77891864997636,105.71686961133246
96.21131232725325,96.03322232767869
98.84581617003988,98.64018712630548
90.20791469111036,89.8511784659227
87.23112141063673,86.81993670285466
97.296165527094,97.13178238218607
92.07231481166102,91.78154706638739
105.62784733500297,105.56887855146559
98.08100565470261,98.01520025108465
101.0658325406775,100.94577179033102
92.60576312748528,92.30796319900058
100.06846503837352,100.02387035596574
103.354992005352,103.29878129849317
103.95107915334647,103.91246129144199
99.78735667282186,99.48428582810924
102.01871627776862,101.81213701246715
106.53939333672477,106.38832521552979
93.50166946055774,93.40936038880902
100.18732719987716,100.13056265897129
92.10648672217751,91.92017769711792
107.57146884089805,107.49693427083707
99.78224734275402,99.72348407251805
101.68406302665785,101.53756876121156
97.74138866872819,97.70705993112715
114.04188435299915,113.46325819405581
96.30812264677633,96.13960900341313
97.7258214926135,97.68079748373985
100.05717585684864,100.02228256159484
94.84076747611554,94.63963418869004
98.4880533525845,98.44454974113052
104.27210370985672,104.17297993908015
98.35978118311165,98.31152331409413
97.52190891626577,97.38313748116735
101.20758235781996,101.17548216665335
90.24633097414164,90.11050082527954
95.1641766714602,95.10246773471452
101.7382706596809,101.71866342306465
100.60377109156707,100.55984482388801
100.27115203267034,100.20677785928451
107.29513725703671,107.11958826935312
90.5399123024842,90.42288017640547
100.35637469883885,100.2591804061784
97.76956423761604,97.65235212765967
98.5863442735268,98.52573382174413
103.03568566517208,102.79191057913256
97.72786049203879,97.68654913108398
88.18877319558122,88.04762108581515
99.17758161354257,99.08689398264941
102.71993696372476,102.64977184976564
101.29669778642216,101.26600698345412
93.14235777009863,93.03866026134337
101.05180102209117,101.01373025563261
95.7149595079802,95.67718765174581
95.18218875803777,95.07607145433253
97.79455818450197,97.72426778288401
90.92022438741165,90.82410041087854
96.62025711814618,96.41628623775325
96.03871213152831,95.92192942950146
96.95626863392276,96.90696583515121
94.0320225335097,93.81288856294385
110.41753518756542,110.01295633154116
97.32772429741553,97.08136144279322
87.5711096790304,87.41218343206576
108.88918034966596,108.69713200826845
104.45879737077087,104.32380634732235
104.08720702013207,103.90972353658236
98.62561223196403,98.59866276300268
108.97275577746214,108.89767988344529
100.71487395413007,100.67025773545842
96.67805232049413,96.58436735109318
103.29703575013629,103.23058265085578
94.48034751331964,94.18115291911488
101.60431480476777,101.57120434317306
101.92066070604506,101.78600858343886
114.79228561417047,114.15462870028739
104.13918644858148,104.04348609790088
105.05236306670402,104.8689129869868
101.27876921511825,101.10041280595586
96.34266378000589,96.25448656949756
103.56690794158432,103.31123134594509
98.66548675506093,98.59653229197949
93.30319085155375,92.92448156539022
101.22507268473018,101.16319555036841
87.20956388518248,86.87862273898601
94.36293161593453,94.24768306695667
104.10701170099803,103.87064072172222
97.34797065414081,97.09857235147268
98.40947116036034,98.37891318170139
98.2643132864339,98.15623448488772
95.15552566370174,95.06803213305753
102.08063586050646,101.90524423998971
98.61721991903777,98.5608147666935
105.94704178372822,105.78558388184925
97.73591565519254,97.63317609922531
94.23409074735186,94.13971158976307
93.76978711619229,93.6723958078325
98.7705323347454,98.69129332553318
96.80468356321653,96.77030580710338
101.06668838563738,101.01913716734106
99.64244652054575,99.61567056176258
103.3080584193709,103.0961163424946
92.24888206776353,91.912451246884
101.81698126349485,101.6346957072216
90.807585676346,90.55297950562665
99.4649483551121,99.39544888708195
96.51864130410182,96.47273604073166
96.44107929223156,96.30858316126134
102.09092121802516,101.95760683147016
100.60441114021143,100.44371065388046
97.39519181620048,97.27315505411603
95.76574458940719,95.66180506621518
107.11313016182118,106.72053641677903
108.27452836622922,108.03204373391314
101.65576948085499,101.6170503949091
96.73077574373687,96.60922217845949
92.88510078454901,92.60096398356185
89.12919704621493,88.87969697028775
106.08752954517496,106.04401371816827
105.5800365381851,105.44781174392072
101.05775830106899,100.95080911138494
104.83796770188702,104.79965992391573
98.9783376446959,98.93524297373634
107.00588494892769,106.92147492145708
96.1011541183565,95.92188822811052
94.43463150260243,94.38328272278085
94.48040659238698,94.36406915896539
96.01441982173493,95.88357401698178
103.30174184430481,103.06168504504446
111.56360611785861,111.35094640473918
97.24022680110369,97.14939424256086
97.93361548649875,97.86404774782703
94.8095420953733,94.71878024655918
96.68417625784657,96.6475366581103
97.44867753542938,97.41102434547749
104.40636776393504,104.17550753276464
96.52244338163584,96.42247372748135
95.74996962384198,95.65317449886746
104.92721117306273,104.79379454833366
111.87684093954229,111.61329005242753
94.98580039469645,94.89045018750902
97.92465837070772,97.8613222742456
94.16440935829834,94.04483534486879
103.75602012623222,103.69906902656585
96.6834634559656,96.54962845517275
101.16655704821012,101.08451375144094
100.43560229544657,100.28172803620927
99.5262524246695,99.50412469380228
106.84209734158723,106.71759922729989
92.4499918403969,92.2766833006155
107.95012634307164,107.75974911084307
101.17931188975184,101.02300407329798
105.33133624780682,105.29098354772762
93.20235800982068,93.0687816899951
106.46403622866299,106.34986332061096
90.32527100716852,90.05955213136662
95.77831924223118,95.60026660428312
99.14828388130184,99.11293254209839
98.20182988759025,98.17145642853023
104.35239515353686,104.31190668917183
96.34707340330807,96.27370579521704
92.18585034342134,91.96741206041564
107.68008236171536,107.55042601958674
98.32619928671284,98.19975171133976
88.89821200878778,88.66762447380839
111.08335241312807,110.91390950013405
106.08581978143756,106.02631718460974
91.91044423491562,91.7508126273083
97.1744968115825,97.11054707864362
100.79698288368408,100.63724882511164
102.06365433954161,102.02001498908156
108.18817418846966,108.06831396208669
94.79676061863854,94.6666103549382
94.29374334259812,94.1460387855842
99.41160231992892,99.33608419028126
102.25743920713404,102.22937386789626
98.2823610154129,98.22569696615719
94.69082736182877,94.64507279501122
96.34122287312742,96.20645473141352
101.45523468580393,101.36083884088652
96.22716715510899,96.18439415069736
94.940194503857,94.89805261534514
97.49484524892254,97.38698581260158
92.62451873505245,92.17393049854174
102.33364241467996,102.24190640083877
101.41829482052174,101.26448844596023
96.76177268111184,96.68683162234476
106.62752927500134,106.55344718781464
96.61512012038332,96.57107580684118
98.94368844526907,98.87469326468351
103.06164267936728,103.01516800224007
100.42889654063617,100.38186789262977
101.41963493788518,101.37856780974221
96.14140556821148,95.86708437473166
100.12662065463684,100.03561126008157
96.98470254420852,96.89978891137099
98.04870281036345,97.92440909796392
113.56967919285175,113.00882937028054
99.8544491378279,99.79229169427448
95.61823403657898,95.57642891875302
97.974663317198,97.93613427260198
93.97318050006847,93.87985103096396
102.87234364748836,102.50387913614678
98.26270698990278,98.16036469254368
87.01166321578243,86.73945628380616
94.19557466003239,93.99435420843518
91.26567808332426,91.15058067766934
111.01764395727727,110.39473801315118
106.46480821090532,106.40286976548924
106.52698803591825,106.46152605492273
108.25732320457115,107.60790444718901
94.39979262278113,94.17367787107467
101.87172255741338,101.8071024359604
106.20380740643024,105.79861277819833
104.05799202676431,104.00568073641054
110.60540036577028,110.34346121114868
96.56129922371682,96.4801736782203
106.61884368345122,106.58569231858657
103.66189094544076,103.61406657636336
108.15787086503207,107.96376388306123
100.95747360819699,100.92261539291648
108.82600518110121,108.66508336676327
95.92333381184724,95.81162316182781
102.84063338075065,102.77827490394256
102.57348065921937,102.46695660631264
109.8340890907977,109.71892108986037
100.24459394355036,100.17072038811922
102.51939265804187,102.48664050370078
102.71740786375574,102.6484616803981
107.47510009421369,107.38359611314269
95.33143794033523,95.23462654009415
101.26363143218374,101.19158005856981
103.04298647338655,102.8872727260717
107.47739572196348,107.34570746398445
99.62737125274653,99.54819133470339
99.93296487971013,99.90893164341158
97.54316932519346,97.46519956420892
92.86785699629861,92.48013952097372
104.82121382025221,104.59147486728389
105.92093793047624,105.6543607589688
95.24968680326897,95.16777092140752
102.5019813103569,102.36403906080872
102.58983460947522,102.43974942650958
99.98954535119589,99.9574857758178
106.42491238760138,106.35090136555272
109.49453005803596,109.07659160367857
92.11475483272503,91.74829076070286
104.11547454074551,103.95150198958584
104.2277324312934,104.13426424707907
91.6647284823556,91.52679792178559
97.88764722343264,97.84401781258295
96.73722359479954,96.59056305788557
103.42668095250602,103.33736952655401
97.30097770057067,97.20662290036911
95.7594701620907,95.68629322583121
100.03802390751426,99.72702942202679
101.86426497005473,101.78780403489186
111.16331016724838,110.65413192063883
93.41366574139414,93.333013246938
107.40802829984803,107.27463559849551
99.41942087044919,99.37815570683146
102.29934817366497,102.23919436194427
87.99989848327927,87.56785691083235
99.18733427030175,99.15453313395925
99.45695021292076,99.36405705068006
103.36419929142414,103.11987418226252
96.33638010920548,96.28514590124949
104.53940546526297,104.4690185457228
97.95826597025123,97.85841466590277
103.66748556625744,103.58712709775568
96.56838751889038,96.46573372690176
98.38569067943835,98.34475277468698
100.72969705214952,100.61906403717273
93.94419196939965,93.79813765662747
94.03754531144267,93.98949474095144
99.06489845182158,99.03555483804395
99.66669972754298,99.6271488829639
95.66857903690429,95.61847991029134
92.21485128829683,92.11615147632419
97.93228894807343,97.88932756624928
105.86168770800397,105.7173069081803
92.85145541403212,92.72494385114004
96.15414734869529,96.05161308854674
88.80791234590097,88.49931086804033
101.96837009226525,101.92416227074918
96.49131728772689,96.39813293913284
91.95667384055055,91.75284495701639
93.02306537553336,92.94574137723937
103.32658400537575,103.23784213946898
97.52087204809165,97.46410375408954
101.2231899315084,101.17533343932553
102.08382578782715,102.00811768230531
96.52495595225601,96.49219492005705
93.18483047380907,92.94516431540761
104.11631098119148,104.06812969903658
104.25912054562116,103.73336994793989
94.10991937400372,93.94009124048841
91.69483369597408,91.54128203478346
95.89650286012052,95.74134282282233
98.58893918393954,98.53276514004945
100.22686330067971,100.16929635549229
104.78127947562528,104.65024039536294
105.39102049292912,105.23479061910494
96.18411823113502,95.97745492347491
99.97177700950759,99.89601161733573
106.76645210617963,106.6585116688307
106.48688655042183,106.37806068396479
92.50552769892738,92.40592037388038
111.35268757932023,110.64479367796574
102.10282111177284,102.07327316622374
91.21650689744007,90.88938982990798
101.89231838613259,101.85727919595794
110.6486304008028,110.17000622426585
96.65843714117713,96.61319968021503
110.22428615027371,109.36261945916408
91.91112861291404,91.69149063990615
102.840762777508,102.7216529348217
100.2946169452613,100.26806636578311
100.5929836528563,100.54864247115614
104.24465419148481,104.09771841095795
109.1056397729418,109.00007900854061
104.34189814739415,104.22082070342105
95.06519534920177,94.8148370397266
96.41628395863769,96.28224054118843
101.04210262406872,100.9495128165736
96.17355656978638,96.07615283578927
94.8738133214269,94.74634316355679
100.6496973487689,100.62841712536618
90.68016002521625,90.30596864370943
103.63772957732348,103.58010586744152
99.0523181338962,98.93664570830195
101.94555589860487,101.87632199517786
94.1874933501885,94.09640043320323
100.48079916439305,100.40451337777515
96.61357910790439,96.56047839713543
102.32334313362637,102.30552287763246
106.54734894584725,106.46251982750235
101.107937149497,100.99129662334668
106.13709050915796,105.84782461934813
101.0656809819276,100.96966229657235
94.64951475590532,94.43092122810204
93.53197624237228,93.4508611411985
96.2374107529754,96.06834680921341
89.42396093554893,89.15765149782875
90.55788846917544,90.27098557305676
106.18940185515078,106.14319256357038
110.83446566145714,110.62243755576556
96.97088661675647,96.87312982430093
98.3381895846879,98.13509921790626
92.3261288481068,92.24368012571132
103.3606122723335,103.27144571389887
103.56912991076383,103.51729518961918
100.82624622321809,100.75721212492799
94.11364389503926,94.05117502480903
95.77535662358733,95.70996378115724
94.0785901788662,93.92560508163795
98.11672286473457,98.03952057980628
100.33478057423092,100.24616907205504
97.94723530315763,97.85940905725347
98.09578588321725,97.94241284090214
101.18859517161629,101.12807060273879
100.8382698503704,100.59356434300234
100.3424188044356,100.24620957028267
98.84556188248362,98.80036742769683
103.87480579728344,103.80014479366264
105.58120434453639,105.43295559911579
95.94227220315518,95.88704848434568
96.91018271559382,96.85827550375109
88.34247694828747,88.10454551063094
89.66911976061193,89.33344494423137
103.39957410606183,103.28966620241536
95.94972700686189,95.86150877073695
98.71587641995748,98.68294703270269
96.44820250811081,96.37894157592021
106.94804560482788,106.8036521444441
108.74855868797589,108.63018737265322
94.60574628167316,94.55081530719221
97.91858340867175,97.78726642753925
100.00428099143446,99.89891216460627
95.72784767659422,95.65775976922555
103.81287850897442,103.73869967596762
86.98990913051568,86.58971223674344
94.65747190227884,94.56685942109016
94.6072191382502,94.54145313628314
98.99106663475285,98.95508095000756
93.1007711624252,92.96599591923716
104.57157658012629,104.39450050368289
107.70879248199174,107.41946494560332
115.91338212820158,115.3237575902148
89.44379988787465,89.14270120344024
100.5878435240198,100.54644994209598
98.95648211577472,98.9185112414472
100.45905911055337,100.41856907639794
95.80451360852416,95.74087266688433
106.04444815369847,105.97575554960821
108.48591159227935,108.34785078207165
107.74331608997629,107.52314991650083
101.43880667456588,101.40490801224344
101.60013224933138,101.53760986528056
98.52957704309793,98.43990258350908
102.94256074464842,102.92269844004937
95.56917491329928,95.51645398711526
98.99007054981013,98.93672907629394
98.65935621534503,98.61096839448366
102.8848033997741,102.79034302335897
99.9324408648952,99.87867993497525
110.00746090107039,109.61482899401585
97.4262909215804,97.32877751811522
94.12372851893295,94.00035794500657
108.10896047509536,107.94259758785465
96.00961487684359,95.81334332443225
96.91025596839356,96.77505436893645
101.99028361814902,101.89659980031495
93.30261191311604,93.00122769169273
100.61651688253929,100.56029458194307
109.28036482863666,109.20246866278872
99.86409227882619,99.77990417162874
100.25203992421528,100.06697607360013
102.48101314949834,102.37929029389818
103.90363473679754,103.6885985070415
96.25912179582787,96.18975203586234
92.8932810764507,92.74019361539172
99.9900352177444,99.77720884193252
104.2579749518275,104.2228850209715
102.69427286938844,102.56001354260567
103.19493855559129,103.16551498850916
105.48226321133954,105.42671022058977
99.40902718013793,99.24863084282411
105.27791727562425,105.17106882827262
89.323293017234,88.94750609789429
101.8522939365713,101.70539936912324
102.74981268737446,102.69464462500717
93.43334235402561,93.30046264751134
98.26287232481867,98.18929015195116
101.19646814915072,101.10187232398893
93.9455535968949,93.83548669838542
94.08368458374115,93.77018977087907
108.64090081271934,108.44206515498227
93.08113325157026,92.81322819943205
93.69138660740795,93.59795954574732
102.34481810712202,102.24399155799205
85.89013084477203,85.53766075819851
100.17042411497104,100.12285082626661
103.6425876181826,103.57824820317964
101.90811369748606,101.83014284781476
90.87878741485416,90.42233715519144
105.92945755625286,105.6673142184977
95.15245385046661,94.8388668066007
92.14673324721551,92.02028813912092
98.18728981589861,98.10545855696544
104.47266341838211,104.29097239543299
89.92119469300869,89.73609266524767
95.26676216629659,95.18762818541258
101.5268515101297,101.46348775328603
96.54164148127373,96.45198556745812
95.78230042536217,95.54131636302368
94.52170820693347,94.40750148787204
95.51528748946716,95.21377248246863
100.45588278086139,100.41296867559839
91.37245194278798,91.16643595378203
105.36790725441416,105.28662768979727
93.27254914873271,93.1630040896826
97.81784395894815,97.74955086885767
96.98347136380107,96.94971440379135
96.37485683076143,96.30518677588405
98.97762065086435,98.94638939016741
106.46938341496458,106.33797476032623
97.94544785779796,97.92305832956016
93.79393878694884,93.66489516885663
112.59925318053503,111.48656736418224
87.85420294417484,87.46449741714727
105.99451319218043,105.91114420639668
90.438615622643,90.09504951410479
96.24852609447984,96.15877467265047
94.69593950284481,94.5206998082757
97.52393982265883,97.49419088001078
100.24977859094038,100.21403255693089
97.34519692202895,97.24877681674037
96.72480184111458,96.45548013150146
94.53649324582886,94.36408918749409
100.03931555714615,99.99845839871683
98.683332004759,98.60678212363335
92.93961504093757,92.72328660184188
96.42656618351285,96.37162689916978
95.58311928417542,95.30867216705124
105.41823236962986,105.13511386433291
95.62388113751312,95.56769902299197
92.44388073429427,92.01984587495018
94.21597569708923,93.96646273818513
104.65096092797194,104.61743100522801
105.01757582055743,104.70252722626905
104.73294760662262,104.63060017490936
103.83946809459266,103.76904073130818
97.11316037879638,97.00605674726972
103.7897885378932,103.72525020425658
94.92215384265506,94.76845341430958
103.56389845883653,103.51449164337195
97.09025902706674,97.0565262454684
102.27978302953042,102.06523941839636
99.5089459467845,99.32967257885473
94.70022263527336,94.59198695443798
110.27095736775918,110.07618782355928
106.23373838275157,106.16123124973086
97.90961340026516,97.87030978616309
92.61872999613175,92.4314941188767
98.90098105735714,98.85079700958462
99.89355395829931,99.82669840065437
108.67440323886632,108.20365325446554
99.73264224066145,99.70588405313663
92.65467740002991,92.49432407984852
101.48622279851294,101.43073537061699
90.25549782034642,90.08478908387598
95.83548148612614,95.6423457114161
94.7523241584871,94.55516167294256
105.42144317078764,105.28731462151914
92.73537945978015,92.57316572405499
98.12030952992545,97.792591311946
104.02155006576946,103.89580462101331
96.66611222387999,96.28753254548272
104.80008607125286,104.75463162953115
100.55513605835526,100.46248283988838
86.72567923008297,86.53865073106287
92.62630118087912,92.50156253363986
101.9065048809609,101.65029763044701
98.35959659055062,98.24771743826153
96.99350785524437,96.86014957253953
97.2306716965071,97.09473340558739
102.09886738911857,102.0455683046748
94.8791669354082,94.71883072929477
101.64639973247516,101.61781268213382
97.12085840428999,96.86736074388624
100.79544935837777,100.75591253092202
102.64402628390405,102.47216616503324
95.2438177686171,95.19490704654051
92.58688733196253,92.33690615928157
101.2248970181684,101.2024123228094
90.32086463803147,90.1222489355868
107.4808731368037,107.37528623008116
100.80755521486576,100.72856120795221
97.48429097198165,97.42824965473409
103.01956678884628,102.97562640530981
88.61013149564326,88.37189450743016
103.7206079561662,103.67389661463348
107.45706156238266,107.07707970720867
97.10046550036701,96.64919734731403
93.941888026339,93.60981881253522
100.2009540807392,100.11687795540432
102.33663004421989,102.29289315700548
98.10595071587503,98.03066367442828
96.65630731498875,96.62876083772277
107.2422063235283,107.09910210785105
100.38772681184251,100.3618879916113
93.38054887992537,93.2883469733588
95.34223535840759,95.17852951852795
95.65401801962278,95.61155381670925
104.06145891491654,104.0150286713766
102.04487694841914,102.01312764248772
95.72978857021138,95.2883100083681
96.32506207692504,96.27520591224197
97.46556225303709,97.42009251483175
94.20870803814569,94.10871395521127
93.2687841741016,93.0082142391934
95.59074002853977,95.47275321475738
102.8825969665224,102.81067418970572
102.90177771130799,102.7969238153059
103.54575270324683,103.4608656176449
97.62832290618493,97.37152143284361
104.78811582348416,104.69250959796162
96.56899690850565,96.26340398480036
95.58567938434982,95.45902070303296
98.2192138582156,98.00736566358981
99.8696293333113,99.79412577268636
103.07369347549229,102.97276138582883
107.02112759604623,106.90340912276588
101.89354392997326,101.86506783986356
92.82127541078093,92.75946543431023
98.22477821490456,98.1889066996801
93.49137662395675,93.37643272817324
101.25711379585812,101.18028860731297
102.04220529799646,101.94675284372785
104.09633353909307,104.06605631005897
96.42521333507487,96.30590197558651
95.18563998692562,95.13131526293655
98.20802851060688,98.04991799163403
91.05362180648127,90.79692091671008
98.37281733879419,98.24926358692727
95.44784108745117,95.39694164645537
105.81150945370297,105.67659371436633
102.83630531266843,102.71521461900903
98.93711781019232,98.88697704992576
95.43590433910578,95.33725810225687
101.30893081085794,101.28838820065941
97.0246266720929,96.87775001781436
92.92538236082781,92.79766692909264
98.81141771401474,98.7640395419139
104.81577784069798,104.62369770097884
90.30822091730786,90.06682916171624
102.23804682855612,102.1726839616774
97.65934038649019,97.63409850354886
103.04675671246467,102.98367961781071
111.00443730799105,110.86002786501801
104.86746071882739,104.75624184375187
111.20304591537743,111.02060147917507
101.98392798109236,101.91219298693063
97.09012537600283,97.00724989761055
100.18521554377698,100.0998907882585
93.0413268276945,92.94957779563636
99.78515233294236,99.55644872386544
94.9490477253484,94.84759476250888
92.38252011248025,91.9942815198791
103.9955302295627,103.82725082968552
100.83405353800721,100.74479558310719
103.90332197993366,103.85899979040788
85.98771100900095,85.61942067975562
102.63317151915493,102.51248096753
93.80768795086011,93.62600061983183
98.45620053100646,98.40824332783319
97.31848687986577,97.26885040554112
97.77781499557054,97.68586538904945
90.06188023626814,89.77467762753524
95.81711886817199,95.76399155313771
103.17924434394703,103.1314715807701
98.62958837473698,98.49729375958592
105.01569181776806,104.88724813217382
99.37583962258576,99.33297908581748
101.9100406328612,101.89102686854314
97.38133924140479,97.28890157746284
110.07965212069463,109.97654516434584
106.21251063455964,105.97688628045852
100.39338804175186,100.36129825665418
98.34182667164647,98.21026030471677
102.1869942745171,102.1384695719369
105.96182370412974,105.85816290515244
105.99143928625682,105.63981659904093
86.18263707352409,85.6265261679999
107.83305560916837,107.29378283540312
98.13054341556666,98.05589679242928
102.53189332110729,102.44946026718307
93.67203006813034,93.32757988038036
97.0344681953932,96.90614754418456
105.11329088531197,105.01324899094031
107.06196194181756,106.95205067543068
108.24703001324146,107.83994955663576
96.91193398256823,96.89112721786151
102.50413706036409,102.47127237730518
111.02188621820373,110.84156569481178
95.56183984705218,95.40495661002063
90.82814277966058,90.60555787336172
100.9457492450801,100.89506415906237
103.38155913032729,103.33365204223006
87.49180984407933,87.15651659755721
107.76577427574432,107.53062476685567
98.03962344877571,97.93146317270144
91.33791291028321,91.12313781763599
92.31170414488203,92.19757284363466
94.76553737070446,94.61338650923446
105.70148361302107,105.62927585327722
99.23825448884651,99.16445132194758
105.31264963012492,105.02818755607886
97.0304898259071,96.88256919904192
97.42969079771315,97.39844604786579
100.09303108395885,100.05852620549246
98.64519194264078,98.61444108482502
100.40969591227798,100.17154998337591
102.28305481533879,102.23676728551028
97.13096147852748,96.94727337414805
107.18877316825261,107.04050691207857
92.88338153556327,92.70060412227723
94.23167952648333,94.099949915642
104.84617708312591,104.81052898078062
103.45305927356362,103.41253123971848
102.27189428946446,102.21164305178714
100.05072726595137,99.92950333976742
94.48402974538585,94.4296616828944
101.284080022082,101.23797423405283
100.43249272528239,100.32556516495622
95.16974255511631,94.96099500567298
101.93007112178044,101.84230748410272
98.13011279371273,98.06367531766236
103.61461573872555,103.55015430280159
98.11708653489274,98.07304861036651
101.36636136211962,101.3345445471985
101.46088038511989,101.43091234735546
98.43125765976032,98.28446586106362
96.81347979014865,96.76715957400464
92.90842619369782,92.75321629986466
98.17244596743595,98.0360304630024
93.30828717149285,92.99975486864771
99.16860219201934,99.0953099087548
96.59743730799481,96.56917660425366
92.8608413206286,92.72822388486607
95.01843981684934,94.91827284515017
103.89211205499913,103.82076686938214
93.81282807814101,93.71351160704884
99.42742682812546,99.39087646954144
94.87193543117608,94.83067232220007
104.56062151948522,104.44982364923415
99.26800683853443,99.23474034831258
93.73772765523609,93.64875225166459
97.41632950985495,97.38004163185684
101.19221249445522,101.07585664141209
96.62313538373138,96.10060854717501
99.35300701020802,99.23504806550025
99.32817737035026,99.20847118719712
111.51407964195785,111.27224988645561
98.48524452204634,98.36836189325332
99.83973183942672,99.80406302486521
100.58787076915378,100.48539173062949
98.74658454570142,98.70714034830469
98.44294606255745,98.36818288596697
97.44281394150404,97.38606592614617
92.50009704602189,92.3915223103489
102.89096952944823,102.87280587391402
94.2274147184426,94.05117980557814
93.75755465434442,93.54433108299258
96.7127631204154,96.5985732358391
97.21422715322136,97.09445938947556
106.20036447208564,106.06333874270567
105.27185135865767,105.21267970021833
106.04745316386057,105.93626186587298
101.5063661395849,101.47746651327081
106.81324500309977,106.37462147522488
110.11458207692029,109.70530690329717
99.10967480938844,99.09583149130428
96.93358824214519,96.65621911203883
96.52287266272673,96.39813026167147
100.2517463139487,100.22593391182426
94.19610090698733,94.04496303389749
103.24670843899938,102.87929314030927
105.40757527068335,105.34654170128115
98.99496074422956,98.96504846874058
91.13114166684339,91.03121739653838
91.08073907561655,90.74777486134258
103.15086648681334,103.08080380582109
96.49424598802474,96.3336978823283
98.14377420124046,98.00757575640095
98.06503720307981,97.99356805688116
103.63237908539263,103.54463097336357
105.73208077624044,105.6894718607118
82.66970372438432,82.02543422861795
95.98960640744987,95.73481477034665
106.7298256105299,106.59398313415993
103.79291249337912,103.55602071437787
104.99658846189236,104.9228344895269
95.72632133760627,95.60951933478789
102.99665297330063,102.82338185552295
102.52800213857752,102.48610825079578
95.34112508991268,95.26657581092893
101.85475788919808,101.74238127955759
103.70963712781719,103.61127658568881
102.61751000834997,102.23776398865778
97.18904773861212,97.14127200895668
98.7035879176077,98.46340750945683
106.17231572048388,105.88278919489619
106.798690721546,106.55103005838497
97.40520140675133,97.38033954169093
100.71283871696964,100.52488376875459
100.20646974615825,100.17793893840111
100.73225307927598,100.58837353814894
100.94976592097127,100.86676218576648
102.56548880027194,102.44856428944436
102.18658001620464,102.10333657508599
101.95930595942784,101.93124450953691
97.46497222475855,97.36739677877219
91.1849744360251,91.00877655334817
96.68322563623579,96.58838589858213
99.02045846969874,98.98930213113132
95.04799880349289,94.58773800500836
104.51295309369742,104.43203052744042
97.59490497356026,97.45369291131041
99.32041068887611,99.27322281989304
107.29083203274831,106.8800469185221
104.79372549262382,104.64351514718157
98.77097333161915,98.72070596340394
102.44596656927416,102.38536838565489
87.13610702983247,86.81166439817125
105.35654885326436,105.25819704588172
102.54193257139694,102.5102228238881
98.89325120306326,98.85225967161479
101.9006529434611,101.85167906530256
103.09228511855386,103.02083069468756
98.150680075034,98.07034264511005
96.25302363155633,96.19032804370642
107.32743974154236,107.20137642664481
98.62303640538207,98.52258025366181
93.0532851598253,92.8830855792087
96.21571384450971,96.13325450175697
95.17215198133768,95.01507802606694
105.40160848312519,105.12902191323408
103.60360441182074,103.46146377854713
98.9436008209967,98.84878642451012
97.2896019574379,97.16613603447784
105.85737172616373,105.79610261942106
100.43981281869354,100.41746668888716
91.68745836364367,91.50634189938471
95.73034794944775,95.66498053346689
97.89593762591154,97.83304768709162
95.45087740962907,95.32472635305082
98.2042644078078,98.10226889238433
107.33222725047055,107.29960002565743
95.72121843604569,95.547320177045
106.30799685183023,106.23226280958748
93.1212292719784,93.02830789376084
101.44166159299829,101.33891775805762
94.63719119050471,94.58764524511915
101.41943436254314,101.33406220024493
105.39519373336067,105.35876303385436
97.04518957385882,96.93149122204053
98.61629715324415,98.59601045394037
93.16156769172507,93.10123099901558
99.14651112572433,99.07341987794354
98.45483745676412,98.17761247839547
97.89960614845948,97.56704000539885
107.39940508692105,106.84270229913146
104.6355387393129,104.56300061124728
106.5373840776534,106.42212729526764
101.40188750171778,101.36257769761994
107.02417631940811,106.77444215179324
89.34285554475758,88.86570149275427
99.9051272481243,99.83450472341336
95.1080944753496,95.03093537133921
94.20616052170546,94.0503393953161
96.29592347721997,96.26337730115534
97.73693932954582,97.70723898808993
90.89795804931195,90.61076146741
103.52669722428948,103.44916470911878
98.61401824020251,98.3399166603654
103.65283434568548,103.57701188830298
101.79915815989601,101.74552195364909
103.92353899226099,103.80810581762319
102.78785932362176,102.7246791485897
99.70128040031744,99.66833737104011
91.20410427960859,90.87438729277196
96.31066166348654,96.25448410112475
99.30465938968374,99.2721202221036
97.8081366351191,97.75488914556597
102.16998390290975,102.09597597157838
98.0635367472542,97.94938039700276
96.4239898651535,96.35536419953189
98.7998405693904,98.728384258436
97.51623650158477,97.35016758211762
95.45770969800319,95.29858079366767
103.2388177131957,103.21661565109176
106.77161490111584,106.65676851108468
106.31714273708522,106.19695828677622
89.66629746705814,89.3132804140683
101.52263046392474,101.49328860616488
95.17250349283107,95.10242617861763
95.85162460187219,95.78486392170537
95.6450947213696,95.48401762730768
97.45864315264251,97.34235377164933
99.64162762392125,99.61543052677791
98.64489819589018,98.61995833597231
104.76385229190667,104.65464993147164
103.75741317695424,103.65743963149737
108.14988088826848,108.03122450269308
103.81668206174766,103.7744288786388
93.02543176745057,92.94482200269047
95.9230117652927,95.63871054842973
102.37378431814848,102.2985114539878
88.33327090021936,87.99190787778345
95.66195690271387,95.29401700828842
100.48583001884995,100.37102674074417
113.2661778836271,112.86114458201305
96.56178737909609,96.39835319480342
90.15422631441241,89.71736664373351
105.11192521406592,105.05692555931388
97.49746003905265,97.46458107579346
106.9182981756652,106.6899051885241
97.73967805403736,97.67592909253459
88.20515065319853,87.99864454923507
95.91977280297097,95.8591894682467
100.54498583728842,100.47732333078591
98.22631750743241,98.18841661403012
100.69798586717201,100.62914750514159
97.93177949042227,97.66487485588009
97.94851336366288,97.86773323639515
99.19356790219527,99.08458297077794
91.9788875116864,91.88963687105614
107.4221367878234,107.29935032238309
93.90583317612733,93.7492358139776
105.58289680700682,105.46354001093196
100.69405947124022,100.61647620420815
95.98493810668919,95.94705305387028
110.40233482820156,110.16582403882643
93.55921672691197,93.49484490605042
110.35460504123152,109.82916245563759
94.53383797863248,94.40474368684885
102.49037375364165,102.3203219168781
100.8666594873214,100.81621419543276
98.06999311085544,98.00472114548687
100.79957747316274,100.75906511951797
96.73485720882145,96.65936804801419
95.66667973240328,95.42098862663596
92.62137501015071,92.44583843768963
105.36149351057584,105.30611363998443
95.1136372510143,94.97169156677214
100.68147213640903,100.51690422358801
95.05805486764658,94.90478332979721
99.82510505843618,99.7594679076339
105.48134295976932,105.40624390301889
100.45341664671234,100.40111812575765
95.93192507915086,95.66084292436457
93.32874523039762,93.26453482210695
98.78192354192377,98.60942614642575
94.37658992508673,94.29842867617981
107.09020262428494,106.77805179230398
99.08643276748657,99.0284072391462
97.10982300025842,97.0802170806952
120.74114593227958,120.15096713502761
105.86551979424915,105.81869893046043
96.4842377499949,96.43721857529732
103.20623660504445,103.13402232083381
104.09838498714156,104.04998949161761
103.76616441640354,103.70555571346405
97.0603082113638,96.89143258375965
98.24352596883504,98.16827490789812
106.62146159200775,106.29900730565
100.06112520223877,99.94804201339171
99.8506451101389,99.69531940525313
95.08024615699692,94.97673655453232
94.51157060149767,94.20464152778257
103.9504965135489,103.91674877154763
91.18433912838417,90.58830025528952
90.83202543318997,90.16631743994616
100.7916963144774,100.71290161366932
98.69938911072718,98.54580610215783
86.74865624813985,86.43599143146356
99.61655485635077,99.25956986248465
102.31953959579992,102.28927437156509
93.63466017397161,93.2430377551971
104.52507495850789,104.46855038745387
112.22571020915113,112.04333520790449
97.7099396957562,97.6110091857753
100.5990279358477,100.5141565637992
104.00850921925947,103.95268896896081
103.70505631682758,103.67492846583333
99.89850886111287,99.85887231083238
98.51797951198363,98.3032743804937
99.56157171063822,99.42944386563774
99.70181295140975,99.57789734547603
93.92954326322143,93.84665926914741
97.4787794883177,97.46068771548462
86.99747927777358,86.14846816122206
93.42707562754933,93.33654668702525
102.59529518103331,102.47530430194179
111.5439626230322,111.19649780491201
101.00875423025619,100.96058037784793
110.92837172681482,110.79092451214012
104.3808302517268,104.32573767528056
97.90722080222474,97.8623434726992
98.104159991476,98.03839315928009
100.220837192596,100.15157389521255
109.17980831911436,108.90553162738898
97.82051719425881,97.65044132505318
101.52371565676638,101.41058357158039
98.67257597469695,98.46576470993506
90.09432548611707,89.91203977076917
97.11441330147474,97.05748727317746
101.31450880599421,101.2837378292005
100.92774946623514,100.8931693203369
93.76291772616993,93.67855777754448
104.24649936172423,104.17756006533976
95.67144371352268,95.47707924527167
101.75513502597062,101.64184269801154
100.99998118047955,100.9818252445884
104.47925918130238,104.39670305238832
100.26999769592972,100.15298984864044
93.80964016022335,93.63121216241281
93.65547494829661,93.45703865296375
97.93120509375859,97.79296408793178
94.90665581624653,94.70161791872694
101.325725780845,101.26110784578474
98.6314260936163,98.36673191059265
94.07146113873073,93.9819658092627
95.83240333043676,95.66992511613425
99.7183614355832,99.61569777088319
105.87838608673896,105.81416988016143
108.57426360759621,108.42953608691299
91.87873366134296,91.73622721177428
108.83134448620233,108.46788257712181
108.47971500182187,108.38326073726587
97.92509978044865,97.88564433919586
104.01316152052343,103.88291285833915
106.16220878890971,106.0482765985246
97.65815942189744,97.5710840234742
93.85554537433497,93.6412127901361
103.63974566392068,103.56940366667527
97.94932835122472,97.84290766034347
93.64849954867319,93.57194020761038
96.81490244653246,96.73006445259034
92.07911412293905,91.94570758752015
114.506642894979,114.12523272492197
101.59231675478276,101.44661596291449
101.68296074758123,101.60330112452256
97.2205467856758,97.15486065955524
91.32906435208122,91.21083122616876
97.11476958856657,97.04970601805559
104.75139292993677,104.48567391709119
99.09575273581558,98.9847574596499
100.1239887296012,100.08093671738162
93.36775677504842,93.2791038443235
98.86129030424678,98.80004410916003
114.48368124236926,114.28783626901665
95.1502403959961,95.04252312268264
95.08169240129686,94.87998102356703
97.46226858650482,97.31490779852163
99.10284569750266,99.01670982558561
98.37988918001122,98.32178906937145
97.5199508461532,97.38969513363752
99.72477972205556,99.70325134692514
100.44843866795853,100.40811123113751
103.77390123848228,103.70934718804988
103.08669261364929,103.02567167821493
103.16589259839104,103.07230074021106
104.68605720517762,104.43925159808309
105.0571470738691,104.90858159632413
105.55115668857712,105.44905643342035
99.07857410901636,99.040068965365
99.46872040534885,99.45507146074168
102.50677119504672,102.47304199772552
97.65649196570823,97.62392600705867
92.70303117330985,92.59010085070369
98.24867131649182,98.17698437200283
91.22565220121817,90.96674791440286
111.09616576365684,110.98770163005138
93.76027020919318,93.57583942037643
93.33595026517423,93.15093627554978
105.15261492534195,105.10484551396264
103.71032017889948,103.60695412700493
97.72333595647532,97.69598394059855
86.7425918749071,86.55709353642871
108.1254760294038,107.85010981853657
91.59535349620596,91.20350659517422
102.0397805134381,101.97586669400414
96.23214410891887,96.18033844480038
100.58717731099978,100.47123442797104
107.53630414534118,107.48134358242538
91.20876680659721,91.11843034588448
108.13742425505171,107.9616262454304
104.80222298867078,104.74445118576844
107.7530131142697,107.64286305999853
97.79390186328159,97.58980046305159
97.06601975006306,96.86962821160857
99.98824350519993,99.81862164094318
94.6505069951621,94.57957744872158
89.86267386610994,89.47255391946334
110.97258947576833,110.58155560728736
108.21152560772353,108.00886021284258
103.17557560072302,103.10021297360602
97.56658276639166,97.46635447618698
99.04207018634584,98.99882911789749
99.66169451500295,99.58453137724993
104.23662447208036,104.21382507275736
94.33805005714267,94.14140642870309
101.26394130985632,101.19456804277637
107.24823342690844,107.14356407568687
99.19968853404106,98.98167254566619
99.5300173080626,99.50100638689251
107.7833705696721,107.72047564925113
100.78403722576286,100.70693622883736
97.6056022198131,97.57555489817906
94.09097026654185,94.03918119060077
98.70731184680295,98.56011845631089
101.93097977881418,101.85955203490424
102.64323114460261,102.5067048574765
95.7080680531769,95.51266181760136
92.86503314293056,92.48519431046377
98.98127209451444,98.95515636846767
90.59187672569996,90.13054786587365
106.68343158324822,106.5791109069128
101.42467662525128,101.31843522820304
102.66956577946623,102.61773849990854
96.64680247376283,96.55401514727913
99.82241184142298,99.72615838047483
88.21282758367398,88.07319725648021
95.88630373346204,95.72688040389629
109.20346287452772,109.10116356031573
105.12632204216368,104.82043026468865
98.80060665445724,98.74238611401863
99.77076119817302,99.71539679778236
101.52346055996267,101.44246525492592
90.63575613521236,90.53947262001337
92.29607256840822,92.09951121601699
94.93255910531414,94.88403008448209
104.35860450903881,104.25894241768727
106.80680251335,106.60617271589288
97.02116655404265,96.95100221789839
114.42673821367855,114.04918491563087
88.98145812065,88.4790135403605
108.55896409913709,108.44253931989189
93.4179903359837,93.33650355247639
106.65033885628358,106.51639342349374
93.20625529730529,93.10031513767973
91.72239889884072,91.62156001645265
92.85169865947881,92.60472242150698
104.19204792728786,104.05561176665398
103.65596804634099,103.56211281235885
96.9593984585523,96.85266378248399
104.01085149392375,103.90781234582403
99.39904809416159,99.36669632312801
109.23290947217774,109.04748830220888
98.4206261908265,98.05231111510918
96.01283300977516,95.79366840742446
98.39930681020387,98.344595278044
99.98086166844885,99.92756361679668
105.57395447991142,105.40997101303992
102.05644903927892,102.0143656894094
100.94895652810362,100.89095218892119
106.15670081881878,105.91513672342066
88.83108847245731,88.42048413365673
96.10297470722661,95.95461154647488
99.9724636698821,99.91900007770083
113.01247961868532,112.73879513180046
100.84876019741779,100.7668155453115
102.26476442855507,102.20007661787983
92.12596763205939,91.75511502085376
98.07324353240277,97.94498237400973
101.47200049472967,101.34778281954495
91.7031986949952,91.54642451844249
107.74276275136086,107.39766737668631
105.5700634065009,105.45929079594632
96.87792295734499,96.82934476082163
106.52255264911409,106.34128939540219
97.49805653793275,97.46114575963965
97.9985691544361,97.85531910898274
98.75682621797213,98.48931924943857
97.00302938285989,96.95857483105404
98.98525723055913,98.91817147130094
95.08416145856964,94.94911810081133
95.19780880986369,95.15410715437726
106.19528578080016,105.93191462219316
96.37266911377934,96.32344611437358
101.34502252966941,101.30180771481803
95.08251856709045,95.02626304794528
100.18082216508046,100.05166240458895
92.82497268940037,92.61866262932458
98.19443815517033,98.01589619439851
105.68785217626842,105.59595545459773
94.66342234369941,94.60678191758504
96.863149607005,96.80122762843938
98.11642857144376,98.07348616214456
97.89771008584394,97.80891363835305
113.26118197607,112.76370149109158
95.09509026820702,95.05470766248456
92.04342813782138,91.93065313316424
93.49780706256182,93.42668080222619
93.49208626656115,93.15474549366466
96.57032343159875,96.51573968269994
101.21852460908072,101.12729681966194
100.45893696854151,100.37771748984855
104.92436976437506,104.8617203178611
90.40640827138485,90.18367563593466
98.54572763120723,98.51174925544909
105.71184586504275,105.60671146243517
90.3253685909543,90.16017072934848
100.09784373799972,100.05402110796476
92.63021344373622,92.23719440507836
96.97018996729868,96.92379593530693
99.95801741905298,99.70996360436355
91.08953082017013,90.88921581956019
101.14009966341462,101.06860297507257
93.15747272484391,92.87371838569247
96.30570716284171,96.18500980883272
96.91141310487514,96.8851379321567
97.82954997696459,97.80409072878145
99.85568383192752,99.75197241939706
87.69015214012515,87.31093046634753
92.58144846932724,92.46844888289405
92.82891425144386,92.65609210753365
88.71123308293141,88.55991668406487
102.72196937320281,102.61056926207874
94.58981804009996,94.52227108447016
98.35098213419093,98.29498412811063
108.97863752309593,108.85490584876376
91.42612564972205,91.27288397630176
106.52844988454403,106.46134626843134
101.56943529212043,101.50465646334368
104.23888659276385,104.10490249783449
101.58899548339288,101.4310772136139
97.93990942091631,97.8380508019836
95.38875190007631,95.19191916650162
98.8439570386277,98.58257374427254
99.39675496875103,99.30717351703146
89.02888318416568,88.80168463375198
94.58240476017531,94.50067497703877
93.03065698658084,92.87414407225035
97.8683541533736,97.83222161110336
100.5399918139014,100.46502549959044
108.73333940252687,108.48367512369272
100.4902669695431,100.40062323711807
92.30701707786817,92.00877300286689
103.7352412997098,103.6716165182919
88.25396176731688,88.00993059666104
103.3845548398493,103.31676335251085
95.55052322461442,95.20241704774513
90.23409982232259,89.94085547449413
98.29294069013753,97.87682284045422
94.33132138162915,94.25557057762889
101.26835222234635,101.17891316241402
103.51654781317737,103.22290010674764
105.31509506903839,105.20135671055036
101.5735841443412,101.36395950087939
106.24813397443847,106.2083578885492
103.11684858914474,102.96044906819043
100.31945982875476,100.27910095278659
98.7267870611142,98.69767001683002
108.3313446901339,108.01511982700731
102.17864666312855,102.12400555594293
95.59367973042163,95.51579627693566
101.62828418371352,101.55911972537753
95.59148609781926,95.52979258484272
107.84885518223419,107.74218755845745
106.09381179468046,105.93894412091309
102.43239433297828,102.3743487427738
94.45121575443095,94.38705642563188
99.21859735890528,99.14406491524065
100.94317773396888,100.7528538217405
101.62063099129077,101.42765039292995
100.04580151158683,99.98759555382372
91.95867404032872,91.7464514117849
90.14232756623122,89.8062229574443
94.86988999685563,94.76298429900511
103.7881261952509,103.68268676270172
92.57857822943197,92.35313394794339
111.98113779252073,111.5870396354739
107.27498355595058,107.16971040283788
98.86001685329995,98.80488682318742
96.67520339913493,96.6147573547166
97.64992278018062,97.56322619092259
106.33148267924662,106.1524582202934
96.10788583632569,95.90221008838701
99.79367532372682,99.63853191028147
99.28211627779403,99.21990669594399
93.9223039766765,93.85094934878846
105.3241359898467,105.24285720752425
101.98279661846813,101.84226317110009
96.73813745313042,96.70727165418653
103.70153100628266,103.60981759350672
96.04588500758098,95.96234451228794
103.11786323479622,103.0563410907816
92.26030219282711,92.09723423879831
108.5909305734198,108.37468216332988
94.64375635915407,94.56219898979013
91.27139627097304,90.87254025989003
105.5451396802793,105.3335707111411
99.35496283458204,99.08088224233357
92.64479722069142,92.2106113414103
99.37018915927722,99.30499245456605
103.61118367910589,103.56756281275457
105.06988644304487,104.8057875615789
100.22308493812378,100.19309390928674
101.2268089452453,101.17022358561368
93.9025089956412,93.7937655288209
99.75263117678276,99.71720701961691
97.16413812452247,97.11765137007895
90.8201905243838,90.51599544607268
94.27031841341625,94.1833192279675
103.72640135236354,103.54901604521152
96.34797599377563,96.29349678876657
97.6324627723354,97.60947728327491
111.66447362909456,111.16873508350598
112.62227293706371,112.18941003081189
92.0218032924498,91.82985222681351
101.01943790297972,100.91053940272181
88.30049641907482,87.97511642961082
102.19194277270103,102.13988824170684
95.22744491608344,95.14904218203468
95.8032645647018,95.70973756275394
87.55501404364135,87.08110663437306
109.44235144250746,108.75162578612141
93.44797699168494,93.25497218459823
99.5047798843051,99.4306877505342
100.02152557806704,99.99034190405703
97.49276083435652,97.37987970586765
104.17330741763382,104.12041191922135
96.9301870069885,96.88722172165868
100.26820209517042,100.21793137456842
102.91439052321722,102.68142107887915
96.16752092217824,96.12660641884268
91.54427644465221,91.39803749274715
95.09744114410631,95.06361897659836
95.83725126607573,95.69643206437831
101.39349572923935,101.34396130715338
93.19028291888145,93.00979340138785
100.89757912192681,100.8792070074215
105.32991859338041,105.24403040443173
92.58124298061446,92.21968583381091
91.10690080289007,90.9770977189309
96.92267644818854,96.84218699389535
103.57237932710555,103.54374074836294
91.11467278509396,91.04576321252573
96.75431820729781,96.65785126017198
102.6258244209096,102.30056525212883
97.03545094984635,96.99093225868756
96.52874973377259,96.4610550771938
92.16075475384791,92.09743585026999
99.39073474678239,99.30815651793334
90.07454961574584,90.00241170602148
100.97727016307246,100.94447544611972
93.14705273016735,92.8052928717542
103.42689986348684,103.37881573949146
100.08720982649862,99.888879759913
99.38655502572891,99.17672799307147
107.21930396157597,107.17878116011846
103.61451853483894,103.59058883017319
102.9223740709041,102.77678612499717
100.97367024992782,100.82334760893129
91.06748381791209,90.7737203793449
98.11900119650832,98.07311451189551
101.92483078949417,101.88990765387925
96.28238983392461,96.23714102014537
90.28622840860484,89.88649916049212
99.94894606948259,99.92630710910541
108.35615643495937,108.0613118018816
98.26280927846192,98.22879416658347
94.04656275713518,93.9342823488746
95.60556770818717,95.32292315299006
96.86920804834126,96.72986402406823
95.46649535494687,95.39521405998973
105.84463014050151,105.64840683104052
96.41123364103504,96.1644818101035
98.09104573682238,97.96170291210976
99.89333860422961,99.8317718690125
91.10071821015578,91.01668405738064
97.34156401985494,97.25619707681105
102.45229333102414,102.3927386997189
93.98500862813552,93.95031644122595
92.57442980959038,92.2271564433811
97.05374503611209,96.7907491525518
95.01599823901151,94.70943166479572
101.26525357429566,101.22378572471382
99.12739915817545,99.06027221677577
107.3778182450306,107.06099186103152
98.32146475083853,98.1346024150065
103.08027744815554,102.96516319251316
99.99101535280462,99.96707207268163
102.22646332007602,102.20989663567178
99.18492301776132,99.10706579842184
90.79734369367291,90.6811416740366
101.47288580021916,101.33814174354416
104.88399269723408,104.74760254542275
100.31584260727648,100.27788990943546
100.49734319750894,100.39585097579621
102.53190767707738,102.13979075816785
95.74490744116274,95.59271850767364
92.26392178255337,92.13358779446996
104.4303414525279,104.17534427722066
93.65396606742006,93.41356912154423
96.18835147057808,96.09542972176261
95.60105440490405,95.57223440331886
106.22243549450903,106.16201195167464
93.34158921521517,93.2369322329386
101.9620329155278,101.90298126860456
98.26705295985506,98.19367438047846
98.38023846619575,98.22169717920137
94.57277973414224,94.35278179711023
95.28519907673771,95.12604734853872
102.88751537009155,102.79639502301303
98.71771021968446,98.67529792522176
95.91956647864286,95.73374388243063
107.41601337146994,107.10981350281567
97.17416454550872,97.09622087124187
98.26766620991053,98.13378510837515
94.7324293185472,94.61837005429679
96.33066627797533,96.21968932451647
88.67901222661092,88.49555947927134
98.39621436130705,98.35758321483324
97.69446821030188,97.65656283326084
101.72313944256491,101.61858717928706
93.39913105979701,93.22289506924898
101.18008688456752,101.11735128907407
98.85119767969388,98.81908668328425
92.52398830003007,92.42277088390593
97.40930503143656,97.31552540291841
98.16787412717014,98.12384655000696
100.17184883390351,100.08656252682674
90.11380135789388,90.00993105992167
96.34980149593515,96.18469947281804
93.71352844527378,93.66443106429224
101.10324881074295,101.05611327402661
102.67458933750946,102.63189827530584
109.33475571503122,109.13530609195595
101.33410625040298,101.28434750556482
91.43103986640764,91.18762282221566
96.23579048653365,96.14706641590577
97.62902338408036,97.55506946437214
105.96083714978644,105.80312001436798
100.15522830513937,100.13674882533702
95.32255929391056,95.27265334694869
102.42596281599936,102.36997969907394
103.787205715755,103.72947466419468
89.67777550566156,89.41434629096128
104.04576494393699,104.00771866444222
94.24419529162799,94.20442798591158
104.18397850479714,104.11184392573381
97.52856705955539,97.48622020650446
99.82894305908178,99.7736331690818
92.90906534990725,92.82437547562718
97.89969884024477,97.81471141139627
101.95253538872949,101.91143369174195
102.60975047055719,102.55889591491803
96.36619667601397,96.24243774763072
92.93045335056222,92.77214543846529
96.92090043331137,96.86991719321753
102.70772608385492,102.63683736361934
96.89936357636289,96.61750230354981
97.44245088226431,97.3583190502304
100.11303494388392,100.0626434526055
92.21964459985948,92.04492547957894
105.92746873244074,105.85033044189184
92.28732999188561,92.0430836893818
94.22485191765179,94.1095424963864
102.16134896761399,102.03917265375406
90.72626560142507,90.50815286962786
100.64837164949412,100.60501875955644
101.13979532030396,101.02284182292344
98.62406575319037,98.60876748866553
95.94397216544174,95.84903889274996
106.43735805973603,106.18699338916045
107.17441453752961,106.79303178023346
103.18679337522698,103.11365066162328
101.9442009830374,101.86695190881507
99.07620458922189,98.9510322445718
105.21214876218184,104.99159373889191
92.62023695460626,92.4620512839275
93.20969488963665,93.04268842600499
91.18105858003666,91.02930988922787
89.02397130585314,88.77299018665278
99.15197935047168,98.79260721514845
94.81525865379946,94.74503902411169
100.68706169382098,100.58911981019105
97.80210234196545,97.59093601404984
99.45800376114599,99.39495937947852
98.78108663941666,98.74286409736551
91.8366477179024,91.60001868548562
118.35518491939197,117.04382264972028
106.94162278163984,106.7401501032526
97.14241096531856,96.93723476115527
97.46554551456374,97.41881594363613
95.44426503356564,95.30603506832381
94.56904364919805,94.25921742597747
95.75143228765752,95.65791460374135
94.95074799185859,94.88992197757896
94.35047140050992,94.27547260459995
91.40347359661993,91.25982781255307
103.20206090476341,103.13485058513338
103.98142431016164,103.94874669005966
99.41339144729358,99.285047578695
100.137897584985,99.94027356090336
100.445376864845,100.40068448165286
102.69294634125606,102.56797649012155
105.57612080803554,105.52105075140166
94.18924052725178,94.09745147810456
96.43149670078934,96.30636908893098
103.73410757204502,103.67567181433601
99.02480591980893,98.95400533160613
99.79857315325101,99.75201547444219
108.16919718084911,108.10214838179013
92.19926647830272,92.09330381367519
100.25451139040588,100.20795098531411
98.87272629269282,98.85402417078168
102.89158491176951,102.66051973777932
93.32773568542966,93.12484813555731
98.61242763172066,98.47754507345195
96.2730096487737,96.16402683796983
101.21498636693606,101.18878217921377
99.88910677203621,99.86304055931217
94.82818962969647,94.67780083544199
105.85251568854034,105.77409266259514
104.14982777259938,104.00157746481788
105.2676488265899,105.19748808354232
95.79595281765083,95.70027295564294
96.50084867056978,96.34433791746747
107.60758774268459,107.55557980672876
90.59198350572149,90.30623144077188
94.8873049533646,94.83514736341469
100.74579358212819,100.66598596596648
91.22518512874122,91.06276921933846
100.2967802959237,100.25076153951319
99.89026948603296,99.81460954571388
96.37953933594534,96.30909968901852
104.40269447892197,104.36694951852185
101.63293847577266,101.57649320316914
101.36280133561992,101.34593167852422
96.40694714063949,96.29365088495253
96.96027529731349,96.88914541810423
102.28073038775075,102.1605510675424
91.86451145630825,91.68739514674992
98.62164747988453,98.55961184502779
101.78547297507065,101.74943533537927
95.4413578962953,95.35042932795886
101.57304082269306,101.24811697308546
96.83551970197414,96.72839403252642
98.30798532253982,98.27542485385786
97.22696408170377,97.18859403619749
96.15297120078465,96.12921444496791
105.32515687301034,105.18345188127462
91.67699963891802,91.5241428212991
101.76344117808144,101.7362940273589
96.1102564745403,96.02983072040651
94.45420501544207,94.3958704766242
90.85267426365641,90.68325919563881
105.2527637042775,105.20148352725901
93.76016919083007,93.530524081222
95.65540529618849,95.6108984720062
92.3061109800678,92.17260123844964
100.16262705784328,100.11508013446108
102.25442450352817,102.20048341674075
102.99336343713209,102.90428930625157
86.55619562660222,85.98168544745425
109.51110821931174,109.38454542604312
96.91766695168926,96.88020769410421
94.22202279450924,93.98286879616737
106.49807917141975,106.18187008677027
99.74511010497574,99.69156297086847
108.05930720603024,107.9516451785588
105.35288926161043,105.08842645326008
96.74168941558227,96.69411234624934
110.36167838608472,109.83996664210763
101.32426849721344,101.18339692208848
93.08730773700206,92.87640492235441
100.69384954215565,100.65597864397589
101.36190553915449,101.33176382897317
96.34170716424745,96.23406360086766
101.40386751108846,101.36015630781361
101.23027652609791,101.12241947071082
101.64533219940931,101.31061539981377
104.55901267322334,104.42785772581064
89.20232310035553,88.94950489556825
94.2235019916485,93.94577765860257
97.52450386040101,97.42363667224559
100.21183308209567,100.02362501274426
90.57170398439713,90.19030304023661
99.75282031612062,99.67673386214955
101.58163737258148,101.47226893962166
100.39198408145312,100.35522360718731
103.90910565382464,103.80725207128914
106.81690715103116,106.73030831942935
98.37250940270843,98.27713157665598
105.74741066649635,105.69387400147232
89.31217492762138,88.95127383005016
98.32068140945006,98.23964110275216
106.3611959825189,106.26556703094779
100.24581303795041,100.21527015912686
98.92172280274512,98.85946365806467
102.45266130911372,102.38377505633349
104.21562476736703,104.04388638990712
105.17625920620593,105.13098632386684
98.18688928093968,98.08093125896063
98.13022427212343,98.08002218429276
88.68045739747731,88.34675696917753
108.57983121436246,108.40062376771826
95.14212384867089,95.00713138972641
108.4661614466013,108.23840127967478
98.43175736265431,98.10470350385405
111.11766915701419,110.68677140682145
98.84747333991167,98.81691683855894
104.00189134612492,103.89926558090667
97.81051267664547,97.7775404544079
101.54534495594467,101.3970075046846
100.62638328429044,100.57806585072034
94.41910371224759,94.20904580047066
101.73947350727815,101.61973859081304
91.90792108702225,91.50149127343325
93.5720014345135,93.51146335491266
99.17644195475468,99.10535643945485
92.12855857295531,92.01029955607406
101.70737918401777,101.63156213268176
102.46897748254864,102.3079357249298
91.13309546870029,91.05439959887312
99.87413702781414,99.82388185853137
92.61167775605108,92.50260992655241
103.16983282804681,103.10146769362727
107.9754921719866,107.88579476687615
104.13073831706916,103.88446704843204
101.04632049442345,100.96228790743976
100.4843317321443,100.44839406159015
96.37523627319632,96.14663516947634
103.6476756166527,103.57693882883477
104.8487069022144,104.77192860056131
98.91456693526914,98.87428923597184
100.02722161869556,99.95522455795829
97.58854211306239,97.53825650003535
99.25934966496106,99.04073761409585
91.85646051877414,91.71923275513183
94.45920867946728,94.42243344950398
96.61260916606588,96.53774246030187
107.33356533352564,107.27795116251268
99.03063055701134,98.99185350075342
104.83967934624772,104.79585235238004
93.61243456926663,93.17721479663359
92.7565918862179,92.6638460821479
97.0522498717695,96.95728113744184
101.11556042614666,100.99866019596462
95.59979525465081,95.42717912859142
109.0404357963969,108.67800579625298
114.14029277315183,113.81555747334554
90.47382307736734,90.38917730766526
95.28665235347533,95.22244303157254
94.69371680612993,94.59734098950393
108.39352026920479,108.24163805361357
96.14801377064131,95.94099113688841
96.85882568274168,96.71554374149888
98.02236115947748,97.99580724991722
104.19648401754306,103.9907056382771
98.77361670200774,98.70612497521628
96.02183403292779,95.9590826913568
95.43399067869508,95.27468902877386
105.93051043725686,105.80001050357947
92.4793237318252,92.3273801232784
97.03309235686987,96.90933152078561
95.15871133751436,94.9828391059332
99.74174595944622,99.58300013153764
96.98277918867254,96.9158489336739
98.4220174103205,98.02122626598397
98.30544232350184,98.25514867831157
113.10091712732905,112.73315141962871
98.17811677962737,98.12911732454826
92.45770558558128,92.21368564447312
90.83260306653683,90.64241718001688
99.44354304750864,99.35888993493613
92.32415176659559,91.96828817670783
98.45175603870278,98.38281688611336
104.37619146898325,104.31731190609362
96.80555049806664,96.6992647896005
94.48006399753469,94.40935907255098
99.19613416792359,99.12477162312852
100.6257472239198,100.4800717248635
97.37884936500461,97.31525447321958
101.86902496397208,101.70731957369628
100.68330710997425,100.54562699213879
115.23843317907547,114.70921336290532
93.33374717960001,92.99364503211306
104.36652984552056,104.32549626613805
103.26064380812524,103.19033146323103
101.20180259764047,101.13652014491029
110.33051728592498,110.04937895596944
88.1201904218236,87.66627507146787
107.52254548934948,107.34471668388237
98.77328848600085,98.74360440692803
91.60179507425751,91.43502603082311
94.1806922785162,94.0500314303103
99.48709998868179,99.41960718055086
103.29700587331327,103.2521810302539
87.8626448856177,87.58626352498747
89.21221101239318,88.80303278348401
91.07130970533737,90.82420964879002
107.69140571862798,107.57913889615678
102.40899077397087,102.25885004344462
103.32888027042968,103.22620956338119
95.46960811894775,95.40880281622515
98.03340514707848,97.98451308748255
96.67618867527725,96.62232945299175
105.18662676578055,105.13501513531895
102.75477109125794,102.67167903349146
105.23676517908696,105.13216617870474
101.0562942411444,100.9220002934791
102.36487546409137,102.25680794709645
91.06898884735497,90.91053257787368
105.60209724540884,105.48907401484789
100.93697694194934,100.91403736701058
110.78841123250703,110.06066240923364
103.86922671276321,103.83128679657389
94.9448119620056,94.91277607547335
88.65132617387847,88.50766345986568
93.71031573906123,93.53767247996952
98.88284795064301,98.61452919132947
98.47899265320692,98.32626728354292
89.28231094329456,88.86255912629618
98.92534802898996,98.79221131514477
90.23825849440756,90.07471436772383
103.13808432208243,103.10578673325884
98.77797241261206,98.72048339061935
97.7717922101369,97.66084417585706
97.94716068428724,97.91698372224917
99.34707441321116,99.30708716917806
95.41406062168971,95.28799220702055
102.57524919757776,102.47636524008216
99.45427735731548,99.41548271355288
95.66939193539433,95.61877315833448
90.6690532225473,90.4697403843627
97.89291822266128,97.80615092628847
94.09803408569016,93.66637678232537
92.877235380089,92.64165533705237
90.99947514702977,90.61790895141112
100.6678460979147,100.62040678171817
98.62538071371222,98.519425798643
99.96656006586683,99.88095181325761
99.20316338550415,99.11781667925776
107.28077995850762,107.07810587884913
97.46646704153314,97.42760250597149
101.74754363919912,101.66916200029682
94.74288303729483,94.6569228631579
104.5661115202048,104.26827169859584
93.03970013373628,92.8083463058139
102.11554659279636,101.9996144355761
101.47559171255376,101.35513355372206
97.76343227508083,97.54373147925222
97.3061445406446,97.26442820056455
97.98094978114291,97.93967370873773
92.13312204398251,91.82788402635528
98.22024582780692,98.12847866443673
89.85977876309454,89.68713681587298
97.9217845507331,97.84605421452964
99.89406514453476,99.78000461627613
102.6410709522158,102.58588597960275
92.05293073432352,91.97571484034745
99.94696004990789,99.81361248524502
100.97972529786131,100.90282083781884
108.9410209919893,108.76829233322506
99.35818285773784,99.25472902956484
93.67774641521899,93.58545056846519
109.49928919408265,109.24160122866313
97.23020373129377,97.15650955598731
93.76547872806424,93.53903403904512
99.59391242666379,99.54174134161653
101.93704859220655,101.86701977522443
95.53058774765069,95.41373664223754
92.31232591740361,92.19253275305371
98.69199489846734,98.6607282436318
91.96297177425794,91.72086472100959
105.41978982477167,105.15879856828705
99.15928613112811,99.12156865590997
98.63846061529586,98.43310180227014
94.0621669834814,93.87604971848987
97.0549498000124,96.90856309533393
98.35249266733899,98.25186881335567
99.34173514246214,99.27966687326057
101.45488788692677,101.42513486387926
95.66118733201893,95.46466615081228
98.95438262239686,98.78206044870178
99.64734557986681,99.58407897291137
95.54766323420675,95.53100928223895
103.08409177122556,102.83829829242487
90.51578407213589,90.39191563232747
100.1113479517625,100.01874179762203
102.07869015657351,101.70568620366397
97.13708527689137,97.05352543816628
93.01756836687571,92.6985025956594
98.31237964106151,98.18880470139626
97.17219674914946,97.07834988947181
99.91374399594984,99.81521475263746
93.22781336610895,92.84790268498851
105.42109688133361,105.27807170262584
97.88727749549571,97.85288189194446
101.5983121839817,101.52738651006852
99.74362968331069,99.69843128417553
98.74611250622468,98.64646484941396
98.56155818998025,98.53921694310712
94.60638428875393,94.54668244695486
106.47721106287055,106.29122659549977
101.01625172832817,100.89143008261911
98.91998430607413,98.90723424806009
95.01588575735732,94.92069897094758
107.42472196102675,107.328324210013
97.43162402582492,97.31199017605512
104.06334072214916,103.8235648453076
93.69894223765844,93.54949654433798
102.06087516055509,101.99371525482486
101.82900041526365,101.74771007919561
104.37719797997943,104.31270957063039
99.08007648655438,98.91747330521115
94.75865794761714,94.55551291353864
96.716977030451,96.60622132149778
106.83198287702272,106.71002056069625
102.35912464097223,102.22376916902216
101.41536245012212,101.38820512595305
102.03665029083119,101.87350573383449
98.7235759587771,98.68441700057106
96.88225439578062,96.8295668381236
96.94299138607252,96.87301872751505
97.38608588125639,97.2694783956705
96.73366073539108,96.63559369985342
88.4718299346342,88.30850760641854
93.1828823179881,92.92834109019444
106.29847651618202,106.15188361501643
102.42255560098803,102.20087530611532
88.68527830930122,88.32084243424386
108.08849398384953,108.03401512814233
102.17408652596268,102.04889075406568
94.7747727143681,94.62973345232318
98.92498781661057,98.84741105591748
98.297935328012,98.23209660095996
91.84325105708348,91.6920740663938
103.14443888439237,103.04780229940242
101.0885481956068,101.04593446103858
94.30144406790163,94.16675206262784
94.32019029816729,94.24185079736678
94.22011069616875,93.9826769749874
104.54718362546458,104.44537807017844
97.35433956673629,97.20468867038441
92.36539166314911,92.1791912383993
98.84295950497437,98.82192853502049
108.51016507420343,108.38093199343783
97.01829696229862,96.93447577876434
99.121029254705,99.01363373212851
88.54001521288325,88.19902730270898
97.08268572596411,97.05879877953087
90.58025347960341,90.26241599047297
94.1547387105935,93.9471070350921
109.85969647929966,109.72045071175083
98.73879045956822,98.6513647685853
95.59019917346792,95.44990089652745
103.38924452787883,103.3538230369569
106.33530696204663,106.21387390518767
106.31627246254783,106.03356320021092
104.8752758246198,104.7082063142439
106.31945052735365,106.16994500990347
99.94900568146446,99.86102577352455
103.43079656194115,103.37884640770018
103.72431474155515,103.64558912711816
106.35283891428968,106.24177387852289
94.30931125675136,94.12291562506107
93.91364845189575,93.82337201673673
100.8517250222265,100.77152662247818
97.03415964601965,96.96962331851292
99.93229640858227,99.85495451620467
98.82680418587955,98.76109639461313
95.16246399375021,95.0812190208461
95.78661526811544,95.63442552160639
99.46916203847935,99.41199767092425
96.98810309156279,96.93261900231713
101.1971798795462,101.07979973309902
97.15973266673353,97.05821587634821
95.55939816147784,95.18186452459166
93.49552554957434,93.36736094828952
96.92891398474272,96.82006746947495
97.96487206050492,97.88876509832221
93.76186759847411,93.70366702574697
92.93137568933085,92.44698962241335
94.33094682727533,94.23989818065655
84.43471985961922,83.92820435482678
93.83128393190543,93.586967855825
95.54386458500619,95.41325162008935
111.23917345280303,111.02859448668752
93.78427292591854,93.71529883207833
101.44077503841882,101.39013837308553
97.79616023615044,97.74702261439366
96.91002245757134,96.7365355376229
98.82746161305411,98.78296654634676
93.5594131261285,93.34671225749503
93.45777207551951,93.32691856405086
101.26268852227933,101.03729959261833
94.98347534593994,94.91184396676876
100.41287780777786,100.38901149786415
99.38715449693656,99.33756006878602
98.04616285735332,97.9746227901507
102.68594226167141,102.6417292289051
88.77443948522398,88.60884770778594
92.16926119771583,91.8952486691554
106.73576231030665,106.60225477608043
84.04683267297678,83.71507607583932
100.25465620304236,100.19972652639068
95.80885584903567,95.78217743192207
96.1132913181419,96.01830724234401
99.02439390025586,98.98919124072965
103.40778276539466,103.2278259028581
97.6309827949337,97.45513065898079
113.50574130320439,113.30957743302935
98.81385636901712,98.7582384102865
105.33611543835,104.93847339903922
107.9435013764131,107.6618012352752
104.60221372618729,104.46233346132412
95.17255576399177,95.05369436370259
95.33556233936368,95.28419492959884
100.6415960140026,100.50493051206298
93.26029097339904,93.2248672122608
106.91613852158214,106.75478715342207
102.47992768172128,102.32063558542671
101.41935233917279,101.29619251399328
98.79872393199062,98.62153425596156
101.8639460429326,101.69449348728578
109.59037836372025,109.45617783821291
92.47724500765618,91.99133074559066
86.96413720280448,86.09638038392899
90.12811313105485,89.83970661645932
106.05733915449227,105.54959481204925
97.59509305193791,97.56124282847459
94.47054609689876,94.2370435146148
98.4894492658787,98.46817087745598
96.49399976921599,96.43542473130228
103.27184934847594,103.1881856702507
96.8562108259336,96.72754354902608
96.09722208061108,95.99764562703778
99.59593156247907,99.53324197515754
85.04695900963829,84.56966240073028
98.28006667369749,98.23968061237971
96.97108857367992,96.90873774435934
104.14544966756561,104.05632458866276
94.32079117164349,94.26603210631859
99.10731664478102,99.05302723355956
104.96903884279227,104.91683965844832
93.74295139296761,93.63557120115257
105.98105155506961,105.86788739048747
93.69843957846993,93.59731401108195
95.1822734146609,95.13831588364647
96.18202051449387,96.07909867528849
100.00813632046682,99.97122966138244
83.05217112032578,82.6162291351478
87.95800463576778,87.72453868335924
95.66733830687077,95.55475979150617
100.1068056165135,100.07248507430198
100.88116716500893,100.85584568823974
104.14727490589217,103.9725847392352
100.49920376436347,100.45680666216009
112.92722868709969,112.19859536500032
96.78959101247348,96.70143849753346
110.70480899261425,110.49450231589199
97.98501404497794,97.8443679279181
95.7718028685985,95.55654497691835
100.29864645292484,100.26085210025326
98.4777411240692,98.40927768090287
88.50348976832984,87.88722164106375
98.91063004927821,98.7542169476507
95.25563827361987,95.12846859476285
96.73108191047827,96.69950562131952
93.03820717840634,92.7928585633975
97.65069250213415,97.60255143137029
97.94540926274217,97.8680786825065
96.44466372095239,95.97049169235572
106.69672721965618,106.5751601413581
97.5989371641542,97.55232256423103
94.64978385395409,94.58188440116027
99.1987202327966,99.17375251508601
101.19085864149635,101.08676994451001
99.51524319456112,99.48107844919392
92.30128228487912,92.03673554766095
91.45882490076787,91.21561896993992
98.78984356426565,98.68600603898912
111.04938285409939,110.8712921763984
100.27945998577907,100.24105258666178
106.92781739230271,106.85565189968685
97.02813310697084,96.98036200902439
109.13007195654329,108.8365578354956
100.21793162913987,100.20121340134452
98.83855745272001,98.7753379369584
98.81890126682987,98.74500975910101
106.3982992685091,106.32757645073767
101.6991628298406,101.65217625819274
96.23937085686906,96.02601630511509
99.781892578986,99.70768737013447
101.7361167135335,101.66984288549084
105.14128284863898,105.03349133038459
93.72444911753668,93.54584142987734
97.91613458545869,97.85195350457587
97.71000381480903,97.6748444539664
99.77264754775796,99.70477027607396
89.43655099022375,89.21627186958808
90.8404817009016,90.74118213822591
105.4298728829661,105.36067764032138
103.60485229277958,103.533203280176
98.37717708320753,98.3357200694214
95.01166386080753,94.83698241532583
94.47698123274296,94.14120041814869
97.96559614046366,97.93842885767415
91.78582729455593,91.68954702731993
93.16432462946206,92.93047076129244
106.46890269775291,106.38700182221439
97.33750826263869,97.3009909449723
105.9671719672747,105.66027857169351
96.12329790210062,96.07589224125358
99.54566924260571,99.49360965880646
100.1969669336499,100.06835480332845
100.02489992533592,99.85391850266969
93.63990301150012,93.36004606530327
95.16038487920396,94.7687419425017
94.21351838008232,94.05177492193457
95.01283054775729,94.93735129622219
101.72826700315485,101.65108251284082
101.68322134763355,101.49309745088075
106.32348979315294,106.25079077084202
98.98931083485098,98.95651921923103
105.03222252493178,104.96638208583059
100.52427401719214,100.4753904945978
97.17834339950033,97.10576408586901
97.53380825474181,97.46050989145729
103.72235268098193,103.60533002262191
109.03132227502478,108.80676511168024
101.54667774443675,101.51781484821853
109.32609993827704,109.20541691213487
99.53447850702904,99.46483189455377
100.49851400835243,100.44363106653051
99.20709223414116,99.1281178082561
98.97848193855707,98.90429856254454
107.3779533316152,106.89175567990645
95.29608879619342,95.23800018825206
101.33091727699961,101.29055883002631
102.38366084954663,102.09644471407485
109.54679344919819,109.45370739551505
105.2458117918253,105.16092495012735
100.20176114919724,100.09527953792309
110.6618199123755,110.48066589926341
102.46482769239907,102.41408415599537
90.31286913320334,90.04084453834096
100.07425933057395,100.0280301415021
104.47637235940519,104.38760814991876
107.41162813021054,106.96457078802179
100.3369644806835,100.2452314527652
100.55233978365753,100.45537496521979
97.54075693496999,97.49194564804479
100.48721207603884,100.45729975282403
104.2663196094518,104.20708990111542
93.94236164483793,93.84783202649781
92.00004871327558,91.82153868936031
105.04273600170626,104.96365679325706
102.98075172648045,102.9169786136095
103.6934063981918,103.63987183906343
90.12381645409413,89.57717598811548
93.2598059271221,93.22251864349386
97.01815482193919,96.6663539671616
100.62356277812378,100.58189481995834
101.55606773096586,101.48642220708452
108.04131471888621,107.90014575047888
105.94554992031698,105.45992711307679
97.72866724720235,97.5836156863518
103.00181808784022,102.94663313192896
92.01068516997911,91.69018467262661
101.8622253664855,101.76277961030567
98.08629879719639,97.9848099755837
94.30296861650433,94.15582261719896
90.9384120645423,90.63787309419972
101.28605330574334,101.16692680213646
93.72483911592217,93.54506189465125
100.05875454712118,99.9370473861878
96.85897542380344,96.75279236836553
102.16017609845885,102.02366276944801
89.45312478354774,89.17529924273384
100.56314458394108,100.52072576384909
94.86177529360904,94.6462388655378
110.83288501230318,110.71377413503846
96.6301057297417,96.5609399086104
104.7448898197268,104.70463308857933
100.06370277818972,100.05080775544279
95.29756444316946,95.2427815746778
95.57623840780848,95.46086432297625
106.80168315263334,106.60990810805066
101.02634977138203,100.99385542503221
94.52191478130484,94.33690693927602
102.34442806849485,102.29347330292197
102.34418695668008,102.09784384731933
98.97226560078863,98.79963027059623
97.0845290018717,96.99075799864457
100.77070934408837,100.71898628918831
103.16230043671936,103.13478531470761
98.55708684540936,98.52868798779372
112.02664692791951,111.9483306100599
94.86649599229868,94.80629187344657
102.0175556908862,101.94556213096466
99.07486996906272,98.9898316987526
95.8308419504272,95.71706566426576
104.09745709325912,104.02183208655973
99.97371864898025,99.71868373085145
98.76450695420459,98.74818471607118
100.71367800696179,100.68981478754667
104.01388871906558,103.92635400780885
98.26813013191429,98.07598153398212
98.19789920009467,98.1268321938749
106.50672423121259,106.37992325438071
98.39865312311692,98.34219501848916
98.18225649672813,98.14407502955574
106.80810823975388,106.74298311267603
100.16884550080134,100.04420846060691
93.15760743853193,93.09881184784172
100.79572496775734,100.71774218250849
101.08010207584411,101.00318760973983
93.26773588765374,93.07143098063828
89.1246358933584,88.8021740627815
102.08160132273203,101.9220337181336
93.64013747130073,93.48580056896317
88.22560288187738,88.09226870726097
104.9363526658284,104.76701788898433
96.54653665711119,96.48044671643177
99.87371702664242,99.82510762017142
97.83320720904753,97.77765742170749
92.18966346888121,91.99931278632023
99.18370667554856,98.93406070969687
94.10630135313242,93.99129854930078
107.36411393931563,107.25992932324411
107.38381669235379,107.06705627552267
100.76625524732279,100.70781010286304
102.63976885144831,102.59887474688857
102.04712265917111,102.03107964771031
99.79439470487613,99.71875194733761
94.44819346901973,94.35318951077198
98.27624807482631,98.19635943790936
87.04844221456348,86.8210766969822
92.85357571605482,92.78048971073713
101.9507318242823,101.71768303363477
97.91517045830902,97.83496687707996
92.90508075016251,92.63913232179542
101.06233339412306,100.97078928119379
97.84496457926252,97.82176880762407
104.2382130461001,103.7391773434971
102.46721101508824,102.4409154217176
100.32736682029248,100.12407181292227
95.01969031839755,94.93482263021532
105.17510373796897,104.95738984088831
96.01982978213384,95.94365167968402
102.3589098311759,102.32657117141017
98.38663913525714,98.36029105163935
94.25833570819715,93.98638472657048
100.02361490163568,99.89883215943762
103.49702998283709,103.46479927045296
94.44562556686176,94.25734593534746
95.12292389717486,95.07640424784594
104.43427128198321,104.37785657852133
102.9430711901896,102.89193597992494
112.30575249390871,111.73614554206472
102.89509630521083,102.81288538076423
101.06260669776766,101.0208204470411
108.36569498280065,108.22556192147276
93.6784766333734,93.35942301110745
94.37252415988,94.31056455084223
99.64269917345644,99.52166826070068
103.35172691110215,103.3079314398325
98.13691200261978,98.09062389540573
104.71221637729852,104.5985591238344
98.9454445729485,98.83787240358882
108.45850664576648,107.87740039657017
101.19700824983548,101.06317331611284
104.23304603253524,104.06265931047683
105.99067505520868,105.92655775520542
102.73757870323875,102.60961513782998
96.83700049823833,96.7746130578759
89.9962977030329,89.82047956082917
98.38278645488012,98.32969365463555
103.86740718801559,103.77630741707335
100.75585441587394,100.71541205281785
103.19300299416355,103.15008444283339
91.01722834055163,90.89948207388736
94.94344402185874,94.86888133641938
98.33765795013572,98.14374318256216
98.2334749513934,98.15533505219535
91.90820503763365,91.86508135046998
94.83127294358303,94.69295159854042
102.47206636168154,102.41719046326008
97.68941851467054,97.61101389856498
99.85393695760149,99.74235896129825
96.37025744223692,96.26757455690566
109.96181796475585,109.76322565441718
90.70834413379714,90.17829352532517
103.2845419370933,103.10823960939781
88.97867733114911,88.38051950280293
94.04519470507998,93.9550661550021
98.03145862583902,97.90309069257736
100.31769581449024,100.252610121785
96.19162763369222,96.15700544431076
99.60709317201488,99.5648133696259
94.59692238119239,94.44496789284922
104.2297456410974,103.87066919079399
101.64098873060874,101.57046384639317
98.88221422200742,98.76889511434332
98.45123460382763,98.39594962613522
101.42625186540889,101.41048270988122
102.77595874556428,102.7136002864681
99.75481729358455,99.59861204061477
103.97005059980268,103.92067623261308
106.60103177141374,106.52500787523329
101.84876509408748,101.81745906032107
98.2797611915393,98.25167238697261
91.14690650202535,91.01172488556367
89.26036345745293,88.94474367728958
95.81682155454622,95.67978717125258
95.23825825017799,94.99055158846198
100.17407872062462,100.11763950641824
97.01632065881759,96.89643861703858
98.0798587002788,97.99093723859892
103.04464980955544,102.9313883064188
98.1492104452264,98.08977292749178
98.37534798100833,98.32278077096832
95.31285314374131,95.03037400599231
92.34522672214759,92.28729034229363
97.13881910078669,97.03941356107723
92.79096536756724,92.65384644057231
92.9757184093886,92.84051887106102
101.08243984546658,101.03789261964681
95.65338394150137,95.37183115049294
100.32454300318258,100.1217569727927
95.96062959346649,95.86726611097794
99.88241185702257,99.8478791801772
103.06878563018083,102.95439061410151
100.79413877004609,100.6813326583185
101.7319887261242,101.61637665149061
92.08391814324187,91.96653478343384
106.09531445991321,106.06887466816134
97.2746987653957,97.24937683164431
107.13509376215221,106.85253097784765
98.22027497015779,97.98557748279315
100.15021794570046,100.03766393180263
99.12256386438276,99.10877162820734
86.37938281623036,86.25574505022368
94.28891437378053,94.12525252350372
117.3028332568507,116.34950312832434
93.28871489610265,92.88787679141808
94.53893606966544,94.33835905648881
99.19926386447005,98.96475362219837
102.48324205805844,102.45117875726389
89.62390307071816,89.05314458670871
95.02071622422574,94.9764218077666
99.23444884147484,99.08964254692219
86.87467906948292,86.5752121311601
99.52406633391865,99.47388365603393
96.29047753124209,96.12545912389585
99.20252394380813,99.17207064955244
91.332650224879,90.91271079079867
96.05267869627617,96.02636023021583
107.68545675439893,107.56548458865532
97.93115502889917,97.87442805495955
95.10720863639563,95.01760372896648
95.40395631117896,95.36316368253004
96.37040429469992,96.29399661992385
90.8871230561292,90.44083276272991
101.91291889036899,101.85726284100589
94.31756571505919,93.94131349294057
104.56495760561096,104.46120654540127
109.7857669865171,109.70907141181173
98.52755088207294,98.49985259324063
91.38223544798694,91.22546694211997
100.57696187453081,100.37129039785601
94.31973940502823,94.2472658128086
103.92584281238021,103.90876426657256
104.99461064373598,104.94281364082755
93.99335743302291,93.75138728944582
107.72557263674088,107.57849336483065
95.51116943599477,95.04271776252148
98.76067015789107,98.72202677580977
92.3049076521894,92.22400718693866
92.4761700480689,92.15459304297211
103.20133031441753,103.07038570155842
93.77537323582999,93.57773453245076
101.15109089943623,101.09705775453672
89.10282405987114,88.9579084407193
94.48101149066873,94.27405873666366
101.04902566421424,101.01742055279732
94.50308043362806,94.4448106805055
91.58151406569914,91.45408045212889
98.97079626825415,98.94598681222655
100.58045946621074,100.50119649290647
96.48829930330422,96.26962726335049
94.30612978160738,94.13429629132347
106.16900532202487,106.00956843620104
96.41696017859586,96.30370679019173
83.87369918926696,83.11338978663444
99.7592977158511,99.72017226472516
92.1411291467414,92.00785599871534
103.51101513340471,103.46138726073316
102.34230656764848,102.30436349475902
90.72321810236315,90.64948610910248
102.4987102836662,102.40516747170967
112.41005075533398,112.07587946515608
97.28652454754591,97.15422362024512
100.90131694469471,100.86585363756744
104.1279165011431,104.00151933670699
100.55315032448927,100.40646208231216
101.10837338194702,101.05930605255286
101.84036985986542,101.79237046797581
101.19008592978525,100.97453342589425
102.81881769836619,102.66852556480542
98.85990569988503,98.81736924314785
100.38964029087562,100.34461201547029
100.05483749508005,99.91778606801397
102.7037564005194,102.67204619445052
93.85168400255498,93.69370451329657
99.62925437160837,99.59741831662016
105.2730963507279,105.1814877881057
93.23787541130676,93.09376144063333
98.6980130856222,98.63150615519429
101.20687357654951,101.16315736025416
104.639948485185,104.4555215313643
93.95266325382723,93.77828822707868
96.39453982070869,96.20012033688961
100.1799241463875,99.96130751393974
98.7126330482493,98.66560149221226
94.29475896489716,94.25177558050272
99.2102314387988,99.1628143658973
104.75933785767606,104.6567505488532
102.78853401089764,102.73016071345417
100.87623463630662,100.70168820496868
96.54513609347478,96.48962365388553
98.29716983381668,98.2109627656344
96.68176975736573,96.54071525531772
98.92498669620507,98.89852854177568
102.23534477285816,102.08545472454557
97.52080331617226,97.3313152129455
100.28123472660437,100.04539699612471
108.07575548364737,107.99610293024628
99.35858120523095,99.26729070472683
94.30315923813983,94.15904913503985
100.5941022010624,100.48725910791077
94.96568522250514,94.85817835348878
109.38112468991845,109.13404309155133
105.12838449728496,105.04496515974161
94.39192616543312,93.98730610837784
98.62735530238977,98.28814758630104
99.37709930330793,99.35457520257613
97.32724046519746,97.29698027641103
95.95690678521915,95.83461375710138
102.28984886256356,102.20295213661161
101.92686648365996,101.8660073358363
92.74146631882675,92.62806483402336
92.51631055106316,92.45867604285708
103.42552969549043,103.37260963252433
97.56504103537414,97.53790696693267
102.83018350775646,102.77666764321758
96.92827394853224,96.83216998935222
98.00377494698895,97.8590176687583
96.5016775388284,96.40329613470743
96.09390718731524,95.86954922177154
95.2862789203736,95.18037828257452
99.33366558903363,99.27556630070772
101.25079182733876,101.22966727227437
99.03241066860866,98.92233232895738
100.0311761288908,100.0084925045744
112.07195926685758,111.76471339857173
90.99313749386006,90.77834941918306
98.12730089677693,97.8123526405612
106.20139613884997,106.05610231669957
103.9609601781925,103.73964316224361
98.49256937557578,98.39313264552372
101.41907424267852,101.27034464100535
100.04075096082117,99.94513839161866
106.42915430233093,105.99973861261608
100.85826177534301,100.76447416134978
105.24551683304995,105.03158274468991
104.31416911611807,104.19120771965494
105.93050033443532,105.7244409332677
96.66824574252121,96.61940969624771
106.50129757259725,106.20662387930976
95.34651668184448,95.26160231085674
93.88194097952142,93.51055615512098
107.31002490385622,107.16227308269494
105.07602623307665,104.88092056943678
98.23240115748715,98.00597269095861
104.72661907704655,104.69851508247494
91.6004652621304,91.49012267562357
100.1748275236252,100.05549551020896
102.75416457192159,102.69835856297344
101.19759626857777,101.10244261488103
104.8349348682945,104.79348260297827
109.51030008958996,109.34295492185637
106.49245816513056,106.37345988411221
95.72632324506014,95.63873839368578
95.42080343536118,95.34787733127276
99.13229481464245,99.09021996799271
105.09475572493308,104.90156323674012
91.49530123584277,91.24719400719158
93.13102883583564,92.99839643460211
100.84471004531976,100.80646733031436
114.76960815595169,114.55280121475495
92.55405107509138,92.45571687186295
101.80006015053837,101.65815391901035
104.2750899455078,104.21330178884378
99.98612915651346,99.92591396739067
100.3232082381483,100.3072336529936
102.39991978688046,102.35614142247213
95.49012868483656,95.43316326221063
110.95640774072582,110.11768599861968
100.94213326094172,100.87143796261454
97.50020603787885,97.45217419068625
100.7962199769826,100.72538299324412
105.3020329922798,105.1064787261146
107.83556227349754,107.61711616936039
104.04754934670514,103.93170456430889
84.92997956010545,84.58416083148367
95.45499247239066,95.4217561524163
102.28878006832718,102.03355191906088
96.68876721763398,96.60487246993422
93.90548993093053,93.69894726154118
111.10743130341665,110.78894013497934
95.63129597112423,95.59840985123755
89.0530692907205,88.69383000898756
105.95349457004014,105.80740002919134
105.5703804488688,105.4943343448942
102.67026474254058,102.57944465244336
83.88606826768138,83.47165396810749
99.15718729694578,99.1071849078142
99.718937160925,99.68675574834923
118.85599948596527,118.3290503919733
100.33496202459607,100.30441442507662
100.11943247472846,100.03940131848579
100.2430894225246,100.17074903300494
96.81030692699107,96.7204557661101
84.32169968437937,83.98281920754505
99.09991068529308,98.81549082993428
102.3614640416871,102.305581519861
93.16866006513472,93.04263341510072
101.00049886260744,100.96346976505602
97.42157899529529,97.35428151519059
101.55180383854669,101.45053569381335
102.71719307428795,102.60914391957647
94.25188753324322,94.15881006963828
99.12610488034527,99.07797956272684
96.28625045019126,96.07769627227017
99.44379813884251,99.29200399457316
93.52557752074414,93.44723513557803
106.90395939993772,106.78760128397819
97.91913279612554,97.88758372402579
98.95850090491393,98.87784908345492
104.04805605301767,103.93381812304054
101.39192983370972,101.36973334068206
103.69617487585039,103.49431765678227
107.65806809177838,107.5568719279016
96.01819279922002,95.9683768982197
92.4796369163638,92.24873153815822
99.58591637454329,99.50533232069397
96.0046475253126,95.94599757750821
101.77756430772459,101.71303366096491
97.35548650316267,97.26736560248814
105.69141748969847,105.51480477247914
92.8088371478506,92.72984967433887
96.12245723043152,95.97213762190441
93.8528050829991,93.54763877065109
99.55670539536185,99.44266201405495
112.30235329081187,111.92273086542414
97.74296937019109,97.64721687951379
105.93743179263176,105.76767561510282
101.55743120333844,101.45502200656823
95.35805476762644,95.3273580225734
93.82902438619513,93.69309037256473
97.97028904085398,97.88966773796065
103.60578502947428,103.53935572495112
96.35361310174375,96.050845451703
101.2222797165067,101.08498175978286
93.92808175326158,93.80192848110916
97.75700788415087,97.63141654028738
96.50639282575916,96.37554016376717
104.10078510894515,104.07388735017534
98.48119837884647,98.24887042680722
98.92764652431191,98.87707448232266
96.94230789553441,96.85436388470265
100.02681815781571,99.97170148726802
100.23578149947011,100.18289320125164
97.00802016878067,96.81080600889906
95.7822403501601,95.75186191868104
88.46975201401108,88.14131825187995
95.82840247959804,95.7865336601589
97.36733158380643,97.3081488478449
102.72961504584347,102.61947830879136
101.77267593782025,101.67533500478918
96.26957379587554,96.1868312926929
102.65208383091911,102.57284623790761
90.63828662391352,90.1094297354295
106.04803969761693,105.99928903163183
98.00315008186173,97.85385966811015
96.96882214727651,96.94404474120002
94.11902357839224,94.03409718635997
96.42555988435186,96.35002475427949
104.03253389783367,103.8867904896262
106.78997493499077,106.65101351485794
99.53112293007253,99.41522409596809
100.13050790624902,100.10325354302674
101.34797601775584,101.29114526602929
101.8656856295927,101.79679605501052
91.48061515788677,91.41454360048941
91.59948799403779,91.4904651802692
103.52162892897108,103.4752410598322
99.68563363970205,99.65813029059568
97.08265051015158,97.01429400687286
95.76428612428423,95.63140708319405
97.52731791727366,97.4817050280435
99.5768168745586,99.5471248570397
84.26697644660126,83.74930854422371
92.87948439174573,92.59423543001047
103.01673274271856,102.90431016343666
94.26078958818255,94.10954086031718
97.60486620212033,97.53369589112296
111.0180743978998,110.81415466233808
103.40340804877293,103.18753804406981
98.86421439428749,98.73155779975892
99.11657286316235,99.08014205730703
105.51793351605902,105.44253839897047
105.81955146783268,105.63159747972158
101.70631670038247,101.65022563521762
96.44211947727716,96.32075863172398
100.75431570023389,100.68356312702414
91.47514655303048,91.17945861828707
105.2951980236499,105.2254172346823
97.58293728459148,97.51565263601283
91.11492700639019,90.73762996564408
103.02148795517849,102.79956602863386
98.77539356977918,98.6282940075159
103.2733025167263,103.24141997725182
92.03671803154145,91.81990343840549
99.97905518375545,99.72750472554627
106.05018404782182,105.88125841314894
97.50220509911638,97.45018739669345
101.07073907477653,100.98905916411823
94.09313845583911,94.01598650802818
97.96360724773153,97.8583621565669
103.15740398937402,102.90710903532108
99.43739728037237,99.38877704056857
99.83680899856604,99.77013027051652
100.4130765000258,100.38619395836854
105.5989952141976,105.47432002458638
95.34640428184862,95.29055449026212
95.12127903974597,94.9738119571812
100.3052674556313,100.18426257248443
96.45392161033132,96.41784718328908
97.76454856463761,97.65354217289347
110.94137958259842,110.60723712174308
93.66982365233054,93.6326075936241
92.99384207717648,92.93232606957628
95.54352304281473,95.46587645075522
104.57137286607409,104.531860934915
93.01856321112884,92.7921063818233
95.12840147873729,95.05737743114916
97.06087951262084,96.97951278832234
101.86360167743025,101.80035559815718
89.2018270337544,88.91146593328862
93.51991848452253,93.46367900671078
94.03981618507818,93.93534061084313
106.45005742356,106.26433161704504
93.96696294537291,93.89269870494975
95.73733824695954,95.65332025929577
98.18269904729134,98.12648030830728
97.15515311724647,97.05974756071434
94.67399074597091,94.58862248323723
101.85397918208484,101.80860882605997
97.14700261105112,97.10908055899598
102.02270528981471,101.99984544958231
93.43273218330081,93.29414437645327
96.71188662977646,96.59708365869767
108.76848286134634,108.62814965885025
95.42688036376414,95.2258681980345
86.8440889847078,86.56557957206805
99.95344288589858,99.85515728899871
95.71356374593695,95.61560518539886
94.32429183791807,94.01761589691367
94.60145175333122,94.38302089870191
96.37008652462195,96.31677561108256
97.26997092606405,97.25283925484668
97.10541169910888,97.04677378117911
105.2370888218036,105.17832780810858
103.59527702909075,103.39077555743093
89.44548638516869,89.12794328353624
106.81452423430929,106.71381625962287
95.02587297339663,94.71696406093928
103.46227655062863,103.38672519413774
99.42573234889822,99.36872409733606
95.942126007124,95.68603586146057
106.02068203537874,105.72229307532987
101.66716824702928,101.60068911538322
89.08321025303714,88.66118989676187
103.95022151440845,103.8204284893407
106.56384160140853,106.49204014479518
94.73829110966801,94.56744079685777
91.59171141397196,91.44683535242498
106.17686816211373,105.89735898654641
108.11616256864805,107.81989493913731
93.09669239565714,92.82336016748017
99.73787757082509,99.62332798188194
91.39505987045915,91.19626122003734
93.6623984505807,93.49726588931284
99.57675078883265,99.2554714252579
103.80110034569039,103.72839144974553
101.83085741641986,101.78136818014195
92.55785419608756,92.34069288114729
95.76895799965396,95.56980104990187
95.9835346172581,95.9258261937864
89.57231152849553,89.35248594420872
104.0019894957297,103.87800255669407
87.34535689730077,86.90592699947567
99.56677682381682,99.49558521803586
101.04068800202305,100.91851266041488
96.66076010229376,96.58493164955306
100.14910128316545,100.06874374045262
94.51254086400006,94.37966558239887
101.46525278832333,101.4233592432522
103.5804744009668,103.51128540248746
101.2957374139353,101.26541268955576
104.72955398832322,104.6563155435451
108.89314099554129,108.68825739996257
105.34498272626765,105.20098298322765
95.77926880708827,95.51404334950728
97.3158857305628,97.25498509513157
100.85449021473443,100.77001563637943
90.52078424511326,90.26265567148562
96.60468663159152,96.54622528905058
92.0944383976973,91.89578551659663
99.74042846071134,99.66607055683635
104.60301018584661,104.41700533031788
101.64522824717196,101.51831231997248
108.39173522429832,107.9608360474701
92.43845728959305,92.32797943003828
98.18188861526777,98.07488062141731
89.38835516041341,89.11694479097488
102.14805182290677,102.04491577429486
105.81545772651737,105.7472194724388
106.464515158314,106.09927690776753
99.6699337677593,99.62366144280891
103.65079337498561,103.52431967820957
99.2864025485846,99.214013457615
95.50737766882645,95.39028923534816
96.65883962427407,96.60655177542758
110.94376683318833,110.63463673227015
100.91291245642476,100.71589634514645
95.95238632841057,95.82597322072039
98.37197647395824,98.28983369672927
105.04081656092552,104.94476254054045
92.04621493069936,91.88539689867828
102.31155373601456,102.13031513908375
90.8182994682086,90.42348847796336
101.43501109637369,101.41793869376582
101.80358606742216,101.51985933154769
101.21827209915976,101.16052700081433
97.09756419232777,97.07083744378453
87.85823968641392,87.46051571125878
90.82707072085708,90.43693007197759
103.93718927421227,103.89895236239248
105.0245201460294,104.94572346178958
94.07115725834059,93.93966694694122
109.28877164969546,109.14097260718243
102.314803689494,102.25004329006633
103.83894443311718,103.75136072770773
89.44216779617469,89.23671996598992
97.4467918969804,97.38032604555038
93.8672570894175,93.72543915684976
113.2641767587472,113.03702633421871
100.26946080704356,100.05506712382189
103.1916578684259,103.00392104921319
107.36385587890247,107.30112381209794
102.23453560292567,102.05883488274502
92.76519952143822,92.71326488751615
99.46713042552449,99.40003281204454
99.53894625012092,99.44146142803993
106.69766954536863,106.55063572698694
101.06566176060306,101.03091562647346
100.68021001706659,100.64296238182425
105.64120786418368,105.48782416731957
101.91201889521854,101.80719779140594
97.97887824486203,97.91920510073838
100.72535006347636,100.66193917625532
103.26493327273336,103.09607604273138
93.2764527558504,93.20869391699183
98.15483292601787,98.12017590176217
102.29624635241791,102.08034389004098
98.0917819078771,97.95434519611254
104.07028408925422,103.95740769684038
98.43659129188266,98.31301130006855
94.99502341790743,94.94012624429477
103.78270727397575,103.73502338301387
98.46987110591611,98.20731506716386
94.22653910743747,94.15550355959112
101.8095383967302,101.74406722310393
94.55774365115565,94.51424305717411
99.07404716095823,98.91893092095565
96.80240173728471,96.76307525520775
92.54648710381173,92.43445265712286
105.55882537651216,105.30863128520626
95.87977250848435,95.75809543955356
96.4335434635098,96.32493429807123
93.11125081864041,93.05760272504479
107.58726208850165,107.30752393152832
95.99478659469743,95.76795746535535
94.03356547242407,93.85064070668058
102.09101079592905,102.02940870278968
91.52656107988157,91.42918487304613
96.39294456398387,96.22605971751118
104.24719473316975,104.13641048082535
100.71852770296451,100.66805815983666
93.20329967079753,93.12972609152585
100.9021338222449,100.72489351037345
96.5277820674093,96.40821553059567
97.85098454536501,97.65593361951798
101.84124080965783,101.76018041580828
99.20918032684561,99.05432219957267
101.57797585443916,101.52394298338528
96.74057036969782,96.6765111756752
102.03790581200214,102.00464315343625
93.1296860397224,92.82523166890289
103.74981803704709,103.60438568130029
109.46306051070503,109.17463806254992
101.29738046370156,101.24997237407338
93.54768287853312,93.24148929923786
102.22284657908139,102.09675637285584
93.5108503652899,93.41061842971233
99.82300846205399,99.75208988923156
98.38189309787148,98.34591417862588
103.83182495386241,103.79591958529718
99.69460371689341,99.51824179996792
103.66915793815242,103.56715072874319
98.8073881762883,98.77455333801562
92.78659663427086,92.54743422913963
106.65278231257683,106.56041047888014
100.5939618516694,100.41134193344764
109.96955134694406,109.82072215323001
109.7339411471011,109.61632580324134
99.13496200880053,99.08338866869327
95.20742512923165,95.08209417290081
100.20170907051696,100.15120037177749
106.44276191454739,106.37790300020563
85.72133652708081,85.20011133657778
96.50991582722325,96.4736349709346
99.22342058984867,99.19690593239427
96.91534430688755,96.8742278030054
97.80243143175409,97.74818486204703
93.65032357679455,93.55649736932149
96.73408619144786,96.66958662257616
106.25936918705462,106.0380404387953
101.1010724242356,101.02288400151272
89.86382209262432,89.46134998382395
97.4341458598318,97.31816486211072
106.32126841081076,106.19752390952004
103.71590872873821,103.5714242140721
94.33209068963002,94.20784487088261
103.73894343904276,103.6524703101626
102.93370034330701,102.83783733590646
101.06430270158263,101.02007183679203
96.97358463983863,96.89811788806135
99.73151447835346,99.62292949106012
89.41825063271538,89.04620206077234
100.90843275055633,100.87548077385243
97.37392500217972,97.27908293861198
102.06284286923186,102.01872763778965
89.3289643640994,89.10091506948828
100.59339857171874,100.52891772314108
93.4027687250265,93.04019862913368
99.07494517008054,99.00689466349887
94.66582662730508,94.54873776231881
101.57450717447837,101.45768711759597
88.14077907433817,87.55262872565895
114.02447083645359,113.81775174792881
96.81083603974146,96.7067230240318
98.68025789748553,98.60775388814046
92.78092872550478,92.52340265222121
93.39920684622913,93.26266627002596
84.31700712278773,83.20459190417324
93.15392127515828,93.01154055809147
96.9206716510294,96.86059253681461
103.25881283748589,103.24115080624105
102.37301625017128,102.27605515933062
88.04425207533781,87.77580047711024
97.03939140602374,96.6042789449165
99.21920086951364,99.17747381396786
96.9367910111755,96.86830757896345
95.72568305479007,95.60796349841345
103.76056593322878,103.64017712293173
99.79933394030773,99.76205777275555
93.68748115334283,93.5838848913627
96.90748452433856,96.78454455226549
103.36559508037968,103.2827151835494
106.5937114035045,106.523271518763
103.22740854658976,103.1458468850291
103.57841231526947,103.49332207148518
99.654009245157,99.5986085119609
101.30293639525846,101.13938415049518
98.77064153926518,98.63518335278076
99.58719699280964,99.55189270847299
100.73648968018777,100.61710252461762
90.4213621282486,90.11297707025616
94.80317025087801,94.42952087460381
97.3892264801905,97.34527684445685
106.39263271810874,106.31978617648647
103.97654350178999,103.61887295891128
104.84454743812663,104.6794602447992
99.57358811138022,99.3155296683962
92.43650584264543,92.10519135065154
94.15618002693449,94.06453165361081
106.11074994120543,106.04028215870434
95.48306972084862,95.32726741387263
101.2853328838302,101.23619931203024
92.06360896029368,91.97692610995404
102.35210549366828,102.33335177669818
98.53146952379946,98.42995007303092
100.14286672576205,100.10814403563339
90.21918510464008,90.07358456588605
100.68783085735782,100.64701524681138
99.54737139736454,99.51908174595928
101.30452233874824,101.23262612184887
95.87855319238332,95.84718421199784
95.14893939624828,95.08390246958005
96.5524735083471,96.41771878528948
104.39905692344499,104.29825450326334
102.89981501352611,102.74481815612288
98.44386642236469,98.36051541735407
100.70450060273589,100.66720741187778
93.7630527869893,93.61117272934094
106.62753126414489,106.52352651894373
101.79733434220732,101.75208273475297
95.78886932180257,95.76240745603413
99.75954918434466,99.69320076408088
99.10889714691989,99.01154756837016
98.83827559566538,98.79270800928605
92.48608969581906,92.31389770115462
96.04228108694414,95.87498222267028
102.9500766132304,102.87262044085959
89.36532723206385,89.13598843328344
98.73022807808924,98.70191369558978
102.82393846598707,102.76379179000402
97.50710076734032,97.4135788481418
99.97700300241668,99.74946560777911
100.92472744274957,100.88906960990654
97.01592923189745,96.93981640922202
98.76846598250091,98.66361146913717
89.41180807960325,89.0600031512316
100.5683506192576,100.50262399157629
102.39723894306772,102.37613657086357
99.89222042519773,99.80853391069299
93.85726869277104,93.77646012303593
99.50642314328114,99.40461134709072
108.58282865933072,108.43480667011892
105.2885676116131,105.21731908410878
100.9399982612733,100.87458358624245
98.9143865019049,98.85638377874173
102.38331665003305,102.34143188230088
99.76202537028925,99.66400045637644
92.88328894523727,92.75762783636083
95.22753244446878,95.18465783519835
96.13000777859011,96.02494387572949
117.93046786343439,117.50227530210577
93.10719145758917,92.73328527633534
95.70359410731481,95.62653893048065
105.9328577723594,105.78269318525277
91.27948078666279,91.04906920711525
107.54202359332204,107.44449274743094
93.27343865463241,93.14547101146344
105.22750296721166,105.19426044029208
94.12868859233063,93.90651481989431
95.66794859651847,95.47837022564676
96.93261327678121,96.91147927847615
99.78130948985587,99.73724719427024
108.28868922701974,107.95436926885313
98.60919145148956,98.46166413042756
94.46694692489031,94.2248915352648
96.81542441089604,96.75843140656063
101.68804133400401,101.65039495539921
97.98616297715644,97.89109822104768
105.55585276226941,105.3351361603611
98.84594911452588,98.75011397016613
92.97291539128284,92.84679667692377
93.75261488227359,93.66103905280661
101.22462580092511,100.9021600523082
95.19715042348736,95.1515176208347
99.38656249652456,99.30324548653476
90.69377231047167,90.1531654930973
96.60740511727381,96.54709123365907
100.317047770249,100.24796684258058
109.52978119447049,109.13927912509561
96.30762934303877,96.1155406615775
97.8121030433727,97.78014012792863
95.68004506882984,95.62381424018514
94.26841002047975,94.2267627909397
90.14263341578211,89.65533021198209
96.61535437016809,96.57019385019161
103.04620194044043,103.02142161510318
96.79199389518462,96.66122203292865
105.54948639427047,105.25407939646597
99.84884390466509,99.62257853470217
108.17756452118641,108.06606367269767
99.83013710127578,99.77580877801738
99.32802116442716,99.30034350703423
99.88304811544008,99.80468870902826
96.60462633773251,96.52796198249062
90.06473116047844,89.83454800201285
92.72297196657104,92.55304510532248
109.91676606226513,109.35842506565523
96.11716842268874,95.9423079134469
104.74680026606191,104.65044258544965
89.31910320657775,88.94510286325607
102.58913256454629,102.55030716676501
95.30250067484978,95.17822531406388
109.8914240535795,109.78953783539866
108.02299894704343,107.95313858151188
113.82167465358062,113.44568963746664
98.38833910592152,98.3700728799707
93.85787431498825,93.7535929316077
93.9793607036574,93.91644158841017
103.75373734944307,103.62563210358874
96.26304629351347,96.13849471130725
106.83000754876619,106.7403578270709
92.33729714863662,92.24503644848735
103.81888898588126,103.71680570532382
101.48707674319459,101.3807975722805
99.4198929108552,99.40403393160913
99.29511839444473,99.18172906151183
95.51097294076344,95.3496030273651
96.54512224108345,96.50939775164342
97.28306898398509,97.17554207718821
99.16743356336536,99.12382434624854
93.49082138857065,93.08101524165181
103.91210058859926,103.76908706584939
100.72776379088091,100.67666623856228
103.01682359405805,102.93109730128988
90.73715681801554,90.6634984042761
89.05476588069641,88.03370204973223
98.12653524244314,98.02778689947935
99.54441196717613,99.48710621803373
100.30342356382525,100.22958293862659
95.32424516947356,95.11937350235381
99.41215906163217,99.32906716597105
98.59862391530292,98.46423098259086
99.8955462221981,99.80047246381709
95.0645144225469,94.89416590691131
99.95038914875619,99.80626209763055
93.2503348550569,92.86379032036946
101.70190371821373,101.56380476381318
96.1851964688862,95.99369320682707
106.43200175320928,106.31935730312651
109.76828403513538,109.48000686661767
98.53269471828482,98.24025665284282
96.78453253606807,96.65042966645859
96.43937082922716,96.40694500837903
108.78883338305343,108.58826554786415
98.12418433979157,97.96360638877597
100.95164953574354,100.8069840057219
96.65348086814498,96.61049767025933
103.8295181855979,103.79062193153187
103.21900910052794,103.0030315367581
101.68019590563225,101.65188280962973
97.25817604888873,97.22702058333276
91.52533017652733,91.21072050238624
102.18474572503555,102.14745372850027
93.07813238428791,92.91112140236956
102.77448671608545,102.72439481827692
97.38456624363775,97.31907263995403
104.52614645040377,104.41253201879823
99.42757297265986,99.26879075185546
106.78641626916158,106.68890059667945
112.65182099670561,112.50877169285715
99.934206511235,99.9077929182946
100.02467440941571,99.80526589498629
104.6173468355541,104.40845221556204
101.09653928692758,101.05665766936471
95.02940707017315,94.94011770322702
97.57878554648043,97.49577583400963
101.40081507839537,101.34968005095499
94.37933227391353,94.31570235729683
101.30139425303081,101.16641397323849
93.86542822633483,93.75074377953253
100.21200566851148,100.13537219205942
107.75874124992754,107.62377183953983
93.7841819087235,93.67584068754341
99.05830359640356,99.02437242131643
106.44307080141881,106.26902841544766
106.30966217116526,106.19229816406187
97.16242096842615,97.06159869100124
95.3800763016602,95.30705859012434
95.70474700347475,95.61520786984404
100.92548107787486,100.8584855640284
96.64691599593462,96.60906047452212
97.79776881086062,97.73023801696436
92.57155370995469,92.32911695840212
102.94821804150881,102.91471386192246
87.40053662469944,86.64782252799704
98.89106390529558,98.86999447635466
95.8877487488648,95.81691255296555
90.09949123600204,89.93132011971656
96.35089656583055,96.29401924763607
94.39863511318408,94.3615814334549
96.87048292206796,96.79355181478701
102.89577110073147,102.8295643869242
91.85908981105885,91.52976110273462
103.95839835410739,103.69274504793279
100.77392912950847,100.72174275078535
100.77115644493344,100.60874615167157
102.7439722310392,102.70846551434235
106.11946468819984,105.95427721515597
93.63213615484294,93.47206993633986
94.00885037032933,93.89089284350993
100.9643786666947,100.89514250490876
95.90482690227621,95.86468302611922
100.67387350328147,100.30628821763278
103.36244069936203,103.2604330510957
91.71277973324439,91.46712513743641
107.02117890349707,106.87774436908259
107.09868563091571,106.70605943854322
98.48033158488866,98.36334728804516
104.70666366581061,104.61207929353053
90.45263455262949,90.27624280282286
99.1564291758396,99.0711392036776
100.04748601378353,99.98281529941613
93.92612517122738,93.85183295648818
99.42197411148709,99.38292790316842
95.27074978400361,95.20401562357266
89.57160484851427,89.45711683379665
106.02346798403063,105.85588657100588
96.79364450730887,96.70521695378872
102.48548581316865,102.42897009692035
98.20111670343749,98.09551875202803
98.9995145984967,98.87407529804953
98.74825388775368,98.72247034571849
95.38895608796551,95.14578346359647
108.91984543039254,108.72140574560652
101.5698070591077,101.42821665808748
95.16699926276773,95.02340941678591
101.2392417425141,101.0925617134367
92.93527885839971,92.77128920694173
99.1360704808926,99.05644799705414
102.13047478634483,102.08231376013696
97.86691640332063,97.74619794605601
94.04688906087226,93.91627178980836
109.43142927354322,109.19106302085417
94.79828293517876,94.63655480093769
101.60897934736839,101.53075158296663
97.94465068032623,97.85934349728475
102.04127980729487,101.9608594609511
104.68416686483054,104.65680201587026
102.80480007246958,102.70507579017502
108.7732295914821,108.6667561301807
94.66217064578223,94.31656998507027
96.07711271590125,95.8230862723193
96.40028184606179,96.35645143586889
96.49512853819165,96.16168551832257
95.71064117517139,95.64590565838155
102.12036643532811,101.97298069728255
95.50191846034046,95.48123709737743
98.89352568496629,98.7988376924121
93.89406384841438,93.80256641216684
106.86731898578209,106.74697866392195
102.99768464877064,102.9746125335405
100.52979171098707,100.49471900308849
105.91965000738247,105.69132657669319
113.8786902967628,113.48010733441913
104.52104115168186,104.28228671768971
101.23742516312353,101.18874135271281
101.63038663181689,101.34260849625399
95.34832274421582,95.27127244475594
90.47895097245367,90.24613219401034
94.8732145966516,94.67319810307177
98.56561607083093,98.4714129344649
99.82868456307739,99.75544642585974
103.79296440757042,103.64270391526081
103.42321838131271,103.37889010029902
105.22903173608836,105.033759696047
102.0125681874917,101.97027852759184
103.86926408646194,103.80459205034589
93.48942056344796,93.34122136946986
104.76187837745863,104.43752276906976
94.77559263540348,94.5693275085366
94.84021185561686,94.68655882705643
98.14874442620078,98.1185569699204
101.08566891276809,101.05016005181436
95.24462833756867,95.184799123629
102.98288203815707,102.96689797911884
102.73816997053291,102.67591947866335
105.8270676782164,105.62772195642928
94.13055453232288,94.03953443357608
106.12317323451019,106.06860772077488
90.55760627615051,90.14291294488768
96.26352604020245,96.13260470659976
94.65186055798527,94.5145084951617
98.73382300587065,98.63530835287027
95.80146194904748,95.5975401938746
99.59055646298633,99.540310204603
99.6345508004829,99.53230006301253
96.16036581405362,96.01697485689935
95.08704771818938,94.84846182900387
107.94588487748263,107.76131669099338
100.77097216352641,100.69336354279645
101.1296406901156,101.08512066069011
97.48452074135618,97.40155391709798
100.32829612147734,100.17855179315032
90.99292004552184,90.76166732686052
102.89470443812499,102.84779196425488
100.58141390050704,100.37944148413088
102.71557162600254,102.67255190656564
93.87597924975763,93.64556179030315
113.16958643807935,112.75314968379644
99.52883196229043,99.50114651036726
107.25672909261742,107.1135081029825
95.78473424390477,95.74432972723007
97.68086855519842,97.57787701722266
104.26783683861963,104.13600008351254
100.49759371984062,100.4602148816078
97.04117744560179,96.95813165868562
98.4522483033927,98.36790775148172
95.56407484447072,95.50012307793183
93.40078590334183,93.27883025376897
92.32348361919887,92.12038495685924
102.3449936796548,102.24591429056056
101.99587415397977,101.95074388497132
86.97865556114259,86.59543395628211
104.99103913423198,104.79837217725563
105.2812555505259,105.11141797566508
98.36491490856953,98.3390403995072
110.16250657082816,109.95427594063227
91.78460073309212,91.686978208797
94.18133121019757,94.04080450556191
99.30264562744728,99.27742587753487
95.3545108607396,95.24910133345604
100.83585525686478,100.75701727733522
100.2631574694425,100.21052944510853
101.08021518155829,101.0150016652004
99.1098550142562,99.0778033199402
107.86111345537988,107.58709408910613
107.40122924735994,107.30941772925627
108.78236535941244,108.63013481330215
98.44565371947154,98.41537036380919
94.27610943966076,94.1517695419524
101.16966360087523,101.14587556819285
96.57279636906645,96.4044681605024
95.01542052474043,94.62580584649952
109.61552192360944,109.29327287354626
90.89662067870688,90.42324885230241
91.69241749206843,91.6384048324511
98.61250807884471,98.4908917957959
95.75953646732368,95.57291691997642
102.98298724488488,102.93360131870887
98.8104934400502,98.66580942382429
107.72956526735865,107.64321908128464
95.58950776458617,95.4557476547798
92.57575101252927,92.41982416371734
99.63794775083356,99.5590455162243
97.0540689930732,96.9730195405113
97.54687574534087,97.50054218814334
102.63212913442106,102.40022979570605
102.74185637360168,102.61080733439616
100.28488914461143,100.1808553344277
90.03591256129339,89.76514615320626
101.32328266157533,101.19454062862471
97.29992937583756,97.23615990245014
95.55256353075384,95.39234890749138
106.20088753679563,105.86193832254425
92.68566450645716,92.2092549709172
96.6471282641408,96.60961335984692
108.43555939438961,107.96524160837535
100.14697723869398,100.10581992032364
92.9093011164413,92.75751375306098
99.61900818753016,99.60233325380135
99.84292069352772,99.80962254070785
98.20895696103968,98.16641249347772
97.40931502929557,97.37886773680535
97.02161574468478,96.86304654417566
93.91141729056496,93.83427218806929
106.84066640224124,106.74541691017721
100.01375711511601,99.77611812489428
103.98048570324508,103.85950312835004
98.33283141749976,98.15348405873998
98.01825000618628,97.91946765875109
99.03881381812722,98.99310157369379
103.23181295719719,103.05174716485067
103.74321052490313,103.62147710613624
96.20694171730642,95.97398430060086
96.82560025279294,96.74905977554559
99.7205849144341,99.59277485956994
101.19882517942095,101.15070919162511
100.40129962551626,100.36876224548006
87.98374718747168,87.7114526919877
97.25395085297028,97.20893258426247
102.98781528810753,102.89359760114061
106.24394002832464,106.08144458207136
98.33722317159514,98.32264608842938
94.35098226265055,94.27767565855517
97.70254274717063,97.63760032448208
109.21931451929372,109.09777633823008
102.34004167509002,102.26689337383031
96.6427472646347,96.54108849538278
97.97706828059714,97.95917468411474
95.68448193179745,95.63768741479439
97.62855821220136,97.45697099807236
100.93736549642934,100.88006784228097
102.58985914180948,102.50694122589672
101.06094647311143,100.82522197645963
95.04806477704439,95.02196562888989
96.10562412243644,96.03681056488182
97.00416639711322,96.90942381901773
101.53123298176178,101.49823407476349
98.65815505292886,98.62327613037827
102.05631421905204,101.85029147192353
103.83005198431186,103.76617185535952
99.98209079131287,99.94849859835274
96.40821446258418,96.35756281824388
106.21334340234498,106.03375794296034
100.98907440655357,100.959276358913
97.60551306572785,97.53650226127452
94.9221490514651,94.7794713357217
93.16841642194355,92.94349426420114
99.16569027251236,98.82110343538395
97.04734415388255,96.92983080288508
105.09511696470896,104.93867679798528
97.64753612640693,97.58983752822436
93.64708461207705,93.4657975362983
106.75945082847711,106.65967328937205
87.41819864077908,87.00936186059738
108.6307627761019,108.46113098940171
97.82778504244585,97.76770362958614
98.51958266880237,98.49258924477235
101.70928799285132,101.56745415675962
100.32428744161435,100.27893952751454
98.58555517945581,98.54887138434576
103.45401253604231,103.40086862016533
104.188049563187,104.14501200492482
96.5554217000507,96.49260426268305
96.42794442610654,96.39455071799769
93.42924716384022,93.2882769715613
98.08532932899443,98.01202536392847
100.48131164929099,100.443548741818
94.59581527726863,94.51827263342028
97.50016335202818,97.43088684270099
106.9840987830458,106.91844929183557
102.16893460392963,102.13020722300104
98.75160980046277,98.72647196939828
98.19075740434582,98.14607121717569
103.6271580839844,103.58867289793506
107.28692198306757,106.98951871069852
103.95723342910816,103.85230322639384
104.34561277896734,104.25785336099398
97.8371336519241,97.73886734431834
96.06128654601702,95.85155369556371
106.05384200616177,105.96169882549928
100.31883219150222,99.95955962563039
101.32547277077467,101.2208651656042
105.44721934996166,105.25266828274364
99.71322535463261,99.59064609276528
98.44579013824963,98.40158390062416
99.81836742849691,99.79463883447845
92.3111099185115,92.18194712143536
102.79232551319001,102.72643917700628
97.0648937992598,96.99801762271129
105.04998924597734,104.8990496734179
96.96823544460844,96.94171767377482
89.01480222607226,88.83700656209973
103.47817488095791,103.38275187833015
106.69917747750104,106.42519247520866
93.13213599163599,93.00606752465214
94.68779493211778,94.54921261278561
102.79787939346198,102.77267687369589
96.44342568519413,96.2880742831228
95.09342428872735,94.92129867688033
105.43911965551156,105.37014074981627
105.98450918796671,105.809279664559
88.3174510948816,88.19315080961542
104.94424812641735,104.87970472705624
100.68833275519138,100.67625401947404
100.1601620589699,100.10151726322177
101.7275128294821,101.64692284308205
97.40650837113122,97.38778362734872
100.07919807753542,100.0049224683829
99.31794058837406,99.24964460670593
89.41498334423895,89.18289155230175
94.46264161375508,94.38501227047603
104.50540693145273,104.46027682469006
109.08715800016626,108.89797377835416
89.17589863156212,88.84032617604296
100.39548064981115,100.31300473605674
105.843372204921,105.68511239090769
103.57158066493561,103.44491798754332
104.14307135455651,104.01369969456758
100.71378028754862,100.63317750440854
99.94638503103243,99.91587915861527
95.22224072503512,95.190229984974
94.46962094499368,94.40615017261686
104.53230067543767,104.35693285584408
92.82972939983927,92.62446006580757
99.84265671464293,99.77304500429874
102.9995978845185,102.92158656948108
92.77910099457344,92.69871236811836
101.91735717436352,101.7815382344501
103.64875630986387,103.54909363311685
104.03780052138472,103.85043775931196
100.19669929499085,100.01897692902155
100.87695703885178,100.85279700704062
102.91773427498774,102.84177688957621
102.74589431544578,102.64715297056416
109.26085854809149,109.07076500428921
99.07085836468715,99.02818370676623
101.14862457118456,101.12118640111584
95.54068644894149,95.47709016048205
99.01530157611941,98.98246829245463
102.5913676390754,102.44357373668373
101.00500384763109,100.76329680313945
101.34400489261921,101.19911203257547
98.6545804399037,98.6111643282259
95.87832344765624,95.85779773648348
94.67108965643227,94.4626973574524
101.90538503144776,101.81227563549851
95.54584270724762,95.36917034560254
92.91327094194502,92.78742699516646
96.11554189584079,95.6965307239701
100.79796559140803,100.67639493309716
99.78717373578743,99.68316451716726
97.78999471455865,97.74187413390267
93.20934322691937,92.6521925097232
99.70082375134342,99.46397083953636
98.43440629567152,98.35089275579567
106.93374249128485,106.71752536152589
92.11918722486195,91.92023211315933
97.38628735295347,97.2902749096632
98.06438183378323,97.9625848209799
91.53799254221038,91.40965031235676
99.92043627707164,99.75307576085642
97.13993052303944,97.03926208283457
92.39820288111858,92.24728073623437
91.4399078571583,91.28768354305733
97.31303269087174,97.15170951383469
95.95830281991167,95.79428544278952
102.43363820338254,102.32439345566927
99.0570666628062,99.0203883009187
93.0111583667074,92.95159852785409
107.84261628664711,107.2425275083114
101.14549642123737,101.08661956895983
103.0605946831063,102.95497214960257
93.83629501347552,93.60238550054862
102.21664606585104,102.11366786198656
95.38758650868309,95.2140761104127
97.37932048152135,97.30957260934818
93.18746297723122,93.0730110774962
99.4556312871694,99.40403397504504
105.94740967476517,105.86996986652522
105.94922444404057,105.86036259227492
100.70818068024181,100.63056292859187
90.68400533714431,90.55522381171498
97.24192432197246,97.1874629488008
101.58371061042334,101.29521164302771
103.71716357872748,103.64679705633017
97.0179956971106,96.91162104031379
100.88776604085835,100.84199507875468
108.637341262099,108.49281333622659
111.35913337279212,111.25428656032048
95.72742271635322,95.57737169007648
110.15735288191019,109.99508685027607
95.63037075914184,95.58546346105945
102.68809252152576,102.61927612658305
95.79768625711982,95.52671643581691
107.26799719695663,107.17411087250615
100.62466137523569,100.46499964857362
104.4353769447658,104.29637424590747
104.67727660707163,104.56646867803576
98.02473788775207,97.87658547307524
97.18680472475371,97.16474631819752
97.05436173008171,96.99292197633497
101.25294716552982,101.1879241186259
96.58166115646671,96.48431751119728
100.73673504449287,100.56112011618423
96.78516746500138,96.73103495750314
88.67953340911436,88.52371259314276
96.9921816056316,96.7128136946509
87.7866324451519,87.16626018119331
95.86966327403576,95.79806292973281
94.08079850506552,93.74781307897274
108.97515428772867,108.61929337058255
97.32873272700725,97.2484323891851
94.89266042780005,94.76298549339907
92.15870945394062,92.09265591430177
101.90400785591605,101.87355266466423
100.22135398517254,99.98792273115288
94.57415541988044,94.4654125208569
90.0941723884124,89.88492452813054
108.87518465720026,108.41958176491646
99.62734988267903,99.54301708192769
99.37238977626176,99.25239913619721
90.027628192663,89.65957488255569
95.53192541349377,95.37728406009984
94.1803866456914,93.92217626848003
94.32012500903603,93.94886125221751
98.38282342942796,98.33604640156103
101.76697722424399,101.73997069846399
88.44213603254731,87.99180380201197
100.06445418203228,99.71472329312398
97.93795527988688,97.90020318267328
98.60223533753602,98.56940061405282
93.65854963875003,93.53704068622372
92.8558457723853,92.55827471642885
101.11524204134898,101.0114922072334
97.57588105494668,97.54793611503261
90.37881669413214,90.23855623304772
100.32056493595637,100.23849477227611
101.29522801121475,101.26246792216904
96.17915867193085,96.08217619632451
101.78414941540888,101.73149194144408
100.37777202361174,100.2887947691457
93.70299249902357,93.58567632963064
90.21352085937782,90.09563033664786
102.73473451774007,102.63647685936046
99.22382537474509,99.08231449384733
100.55470250370986,100.47983642206094
109.868771387551,109.70144229118928
101.00638810475921,100.9436940261518
109.82474829847757,109.67531448279296
102.90258724697891,102.8681235246226
103.70850057166965,103.51676995156619
105.05890553971766,105.00468264871672
98.37488779047375,98.2465148241333
95.12015664308412,94.98048895830564
97.99468633957324,97.96840298585337
95.96056626125386,95.80772398222932
102.56920878306508,102.52669725475542
100.2028028912201,100.18187156545552
103.06704989911026,102.97541495252051
97.47949372062831,97.43876256290739
93.51711873179828,93.3401467238043
98.64140824619948,98.56366070773868
95.21047679305062,95.1194555870186
92.69401994303344,92.6318255432034
104.33527265100702,104.27951171309114
101.69000757004329,101.64732426871304
93.83129823382258,93.5114305908612
96.57835919441827,96.56224906710194
97.21396483494948,97.07709454241439
97.32788827732094,97.23997132659143
97.45694536157629,97.41483292526301
91.98050790231181,91.83395524087348
93.60629078770756,93.53128732319169
99.0809504201689,98.97038348697852
102.11074245067255,102.03526959494492
94.2741695072925,94.06563670506266
99.15290238433553,99.1279298029193
102.60458298562857,102.51116086678108
103.77391037485818,103.66626472056329
108.36545676447358,108.14603959438234
101.64198291734996,101.3167195386891
102.87443982698396,102.81858546348477
93.74250830050777,93.62654045177868
102.19694843001758,102.01886199455099
94.10144507556419,94.07484245888024
103.16047595090302,103.00605457110106
98.96677849456539,98.85786504166894
96.68317279020721,96.62942752204573
102.14101518020308,102.10486298819121
102.28373699839969,102.22435262795918
94.5039810404061,94.46583394783664
96.9530172619714,96.86137589604513
90.61160623144025,90.52486826260387
97.60190870979334,97.5527397489552
102.46291246768466,102.36180705140873
99.00651662452802,98.97937374427424
94.47000186542702,94.35950629831382
99.00130466578862,98.84090515853558
98.69711537194308,98.64722493593939
102.9417662888523,102.90061938661563
103.77739391311432,103.72210028686482
94.04007057350651,93.95155874531346
96.04847355655197,95.95628842911547
99.37079199259175,99.29376481063471
103.04833008292572,103.01474335532255
98.10378802885667,98.02619320137582
116.15758904241162,115.54237167964743
95.96231065702159,95.89993559845682
91.08034420829327,90.90043888649318
93.68940861818119,93.6235043666434
98.30710302945032,98.26858428950302
104.93769815779083,104.83673463840847
101.49775952217287,101.45187286626742
99.33272156941212,99.01742842183069
100.76490056970526,100.72079461220409
94.53676153771745,94.32441279376114
99.12562038419577,99.09395927437475
98.84581718465428,98.70579839977022
100.37313759822466,100.28886285705812
106.50613921299743,106.36605796991921
98.88792803846836,98.83846901348731
98.26164480592288,98.19700585250247
103.41903364479515,103.18277614446684
105.40145758233074,105.29744289656972
99.98958478946453,99.91646133277885
104.25652214094751,104.14707544856277
106.60035909333696,106.54371692126334
103.072474045352,103.02442363162713
103.84153063396283,103.79578095681234
99.17786666277861,99.11962185607153
95.22774332884343,95.16222782457646
97.98927790613361,97.89174023592726
86.36242379452563,86.04040766241866
101.88143491641723,101.85550961575845
97.96092677182324,97.88375958112121
105.89313373584162,105.77458936469182
93.2502232551566,93.20189369327426
100.22035019161036,100.17405801847121
96.46613817759338,96.39732148106287
93.71324286476997,93.51068875073626
95.58721979266706,95.49940509726223
99.8455627933246,99.79130012179034
95.68252894858578,95.61618068104494
97.99833429093283,97.93314821365742
103.36383550132645,103.31564215542191
96.1453407300204,96.11232891590414
101.10878264440015,100.87827186671487
99.28472914197192,99.17093621198518
97.90009132283278,97.66432356733652
106.09284324042716,106.06149820914959
106.8370551997315,106.52932522064503
95.648121648758,95.58148208765232
95.54040600897619,95.51031377143825
101.1108439163445,101.07569786707904
88.22318257788633,87.95318044926849
96.97055225431131,96.87961637243696
105.01811616425013,104.95859977515565
107.89422055956861,107.61701343164357
99.74573240762355,99.68148691500579
95.00294020473808,94.90014299946867
94.87358898187111,94.7595681833431
97.21867460481403,97.18141034212836
96.94777021825944,96.9017538936967
97.71542185551216,97.67661036600761
96.23735255336416,96.08009285816503
99.96252536747234,99.90256245249341
96.38521833460798,96.06981303310154
100.75594587283807,100.72754829276725
92.39079279077716,92.31610592233682
99.58972707817395,99.51304698834126
100.1136709652954,100.06047513437316
93.75267466662329,93.5464283181326
97.96406704403597,97.84834512438472
93.6431840248326,93.10832383251346
97.77200028001424,97.74334516497389
101.96416255677788,101.93521220800895
101.9519449254396,101.84819362711065
93.99573339264796,93.59155740460338
104.86776528249973,104.7164904733141
97.47070665718088,97.42950599355619
102.3211988070227,102.25303789745558
95.46800704441313,95.29774991403755
102.47677099805088,102.45064544422974
104.9133975720723,104.8257398519711
91.77405303986949,91.57383408603266
103.31266550641138,103.25120238153417
94.31141766950917,94.2566562249551
94.04756169216917,94.01404532749815
96.27006960815123,96.19680805151289
98.36674737359299,98.22482102409896
99.38752213823565,99.34603409212288
90.24983220807201,90.17887033586128
98.63937531817665,98.55934457986461
96.44560286838,96.36953225176558
103.31606265918838,103.27221427448231
101.52572533094295,101.3660894461948
102.27427803736417,102.21638656634285
104.16116313808035,104.06294501469748
95.08122637762658,94.96793095426067
96.45861880056387,96.27672493720532
90.47930596962871,90.42164419240993
96.67384662287799,96.54532774020544
98.90761937125502,98.83642699955625
103.20451827723929,103.06645528729337
103.93954447627512,103.79844372778423
91.59913345743344,91.52725319396743
102.7572778662187,102.6444760005551
93.88729837808152,93.84912524579009
98.56002772472277,98.42402570719355
118.24462126089743,117.51539514349119
99.7711660778265,99.66499790615268
107.36008668171561,107.1431955054702
100.0961776957115,100.03786082359542
