P_twap,P_usd
93.95021117823757,92.32979630828682
119.78013538759869,119.0779308119453
95.604400523294,94.81239281161838
100.96062601523526,100.8592418675223
107.79890805904019,107.57720310799196
95.41078576911583,95.1685368799415
93.91621433719762,93.67533658293621
85.72858809379164,84.60536536864228
87.82413952653053,86.42218583340674
107.1246038053644,106.7978078692733
80.538766374006,78.11007366336715
86.30514038280569,85.55422386452757
103.6530965918344,103.2335214815543
87.80602565250281,86.84292288427524
113.87554253577711,113.46467148438343
111.50372193112233,110.12753923419363
91.66955401135402,90.33303099501641
92.53744698327492,91.97758932358354
117.50439863208346,115.4500169074005
79.55401831510835,78.11465170119334
98.78638248422821,98.3342005723042
87.81268863574832,86.81745601351535
104.67011570551689,104.3632244228848
91.11429676159216,91.00560240152403
96.73198639785147,96.49450230969771
92.90604100853527,91.7262981881106
82.48720287023013,81.31481923828078
94.16237363697086,93.75618799928411
91.10043390778405,89.01344075479705
94.92540475359958,94.74554264695757
105.26821383227454,104.17971960465322
90.22797633183603,89.79800141501782
98.774405999954,98.30402279437256
85.90875753017981,85.37272569494051
77.65749631639088,76.23033720398588
95.53141400554463,95.30068575314048
99.07946445568767,98.89817812167635
94.46994577130867,94.25775588146413
97.61137168786256,97.18253732415955
93.65209360193727,93.33871906359951
90.36642272886655,89.86196368007728
107.87700025580263,107.0010784883343
89.86032498874425,88.92061987736034
102.21310660031412,99.63760620424921
93.58392382404199,92.92505327282457
107.98830002844228,107.7833171156518
103.50211588636465,102.52013476650835
95.77277378315388,95.62806025855208
101.81200681504893,101.1910177216785
83.60329822580883,82.91931551017754
80.93335461696688,80.0449524014884
85.05010474139834,84.4555385657319
103.16582281182887,102.7535276524276
87.34547063859783,86.52313827644673
96.92710143365503,96.72218016652526
114.18106793333021,112.93749422374586
95.71537448899824,95.34718334680092
114.40043388318196,114.21443574593242
93.08899599665318,92.31077487271688
90.00046477425961,88.87013431217234
87.7789556032077,87.35512833195263
105.98864627369775,105.69574254273823
93.82277252397145,93.60914774789464
118.13570557170905,116.7578553026642
87.18991436567708,87.0091853032098
96.59898480147393,95.78763264456047
108.02514886204486,107.69683520761491
101.39123514854262,101.28378483936149
86.54952434910889,85.8904152275087
74.7049593442034,71.7212717354635
117.43684878612945,115.23191146774748
88.15605277375451,87.86046950513085
81.1060290443446,77.77306769575308
89.75964235899815,89.28877288472367
113.8613970189773,113.32964517674985
96.07605199905147,94.43407942425048
78.58319985456565,78.05102590593852
84.8540293184155,84.11500482505663
94.51008714196243,93.87986373272099
96.84470120434058,96.5380368476117
76.03081689945353,74.84423376904616
91.74763749970315,91.50878362269184
102.51039790789328,102.07146726012331
119.8554460844087,119.51211957674855
123.41812622929169,121.88863199113317
75.67165146034978,73.41382811596047
84.37728115237601,83.9631668708146
107.74500387280051,107.56629724760847
97.52818487141052,97.1819062715352
120.06053297352247,117.60651023968941
82.63511090184005,80.32687292295094
125.26632992940542,122.64365181570982
87.2444589711825,86.75343361455663
93.20280799641561,93.04648389511179
99.65125805237548,99.46227203091829
112.90709769003978,112.13448242808157
75.82328770708259,74.41962609683492
81.15753497138677,79.32914860634085
119.8787914311994,119.46712337730283
85.88938179138233,85.62191725098819
98.11508373372192,97.48805770274822
99.15689034939636,98.88821769351097
108.56952335015389,108.34249130645699
100.23717692697284,100.01006150183152
96.47328793527419,95.77614857372515
88.09923858463186,86.18312241157791
88.65909558630847,88.29043210151411
88.87437636710267,88.25162614198675
111.22010876050763,110.67146935671252
97.38443982545873,97.04717818312427
133.43526490629952,130.48470051920515
103.02081757375767,102.64414907453208
109.93539939559889,109.68833478033889
91.02093858474105,88.49802790247479
90.99379766643199,90.66313692778847
95.30544288026951,94.64836829352967
82.60878064637102,81.24082333583745
96.77749338372472,96.57706592635972
99.51733364574412,99.06697603738962
82.32017439914283,81.18621846520992
91.12399122945791,90.82398496070724
96.20053034910626,96.04540903927239
113.26382949005536,112.86301156268334
91.52436060315493,89.4108349180619
84.88456592903206,84.52613882371445
84.63863417992837,83.5278939582027
90.44634230944008,89.85966969868312
103.49276255441592,103.23749634989915
83.28134675736648,80.28500679569646
87.64154540638026,86.93370479527185
93.36117269162406,92.01770317509654
92.71021855568726,90.89454877399133
79.06660173972908,78.12403596137803
97.80637581392698,97.39312188888236
105.06228679134296,104.30692924578274
107.86646260328851,107.43485583884554
74.13377351318535,72.41113943339445
98.27437871863305,98.13812696710129
118.4368307204121,117.36232573602577
107.72698328565963,106.81657589257063
84.64556896230897,82.94944917930799
100.42384079575562,100.09135132242045
102.19804840633152,101.98453145693257
71.87149423297969,69.69720696752374
96.4687849419651,96.10332877483485
80.17698041129027,79.81168315478176
94.25824544443088,93.9769404561799
107.27460222353578,106.79019106311445
116.31693813273736,113.24997511368693
99.48044105492748,98.90543184769331
108.54034312446127,107.76163448495552
89.22319753109879,89.00712696389667
98.14307880677832,97.84742890803345
96.40981432713137,96.21446802347161
98.81044793206189,98.0808678485582
111.74228431545238,111.25456731535301
105.13095658603936,104.55410700545414
81.7495801143378,79.82133930165895
94.67316758642069,93.48409024719125
90.0258428495277,89.7175529048964
102.05101772420058,101.82961225091864
125.15055035940401,123.42205151850227
86.18221590710556,85.95110281836064
105.2473526633499,105.0600362678994
107.48383184862942,106.94189697133555
106.0912387336027,105.63142490784429
93.00500325286903,92.49646720793959
102.09794793641889,101.47744993931349
96.66807449829231,96.30624230903011
82.9853040822531,82.51186960470955
80.72674560595188,79.52712636019751
101.44865127708817,100.76201405444277
110.18175032151846,109.5271048734781
82.70066922874959,82.04448775233907
107.66641817056033,106.53629537181703
111.9367683505431,111.7664504580653
122.6605692228302,121.60632972307285
84.2756051255188,83.82224225534495
85.94495792717129,85.69180161022356
104.4760612761511,104.08883718956815
106.94111065999688,106.61239149738283
100.9261367840716,100.72202611708582
88.28353533921907,87.52569947103102
106.93555551472096,106.4824413397933
107.98843614606766,107.59925534395947
99.00178232352312,98.8695663204861
94.6664505562649,94.48496042121921
88.91314306120388,88.58013664614201
93.27173997960944,93.02069221376127
90.99470476728226,90.01896427572416
114.06495968279233,113.37936155148209
93.7821784242294,93.6284133078111
90.48877780315475,90.13012230952192
94.3934931568389,93.92435333511068
77.94375044499162,76.75652843250138
93.77213747349555,92.33658145163265
98.4644258174698,98.09271829287714
88.79502452222377,88.56375953561208
95.3308830420302,95.02399795329535
110.72747000206205,110.37701236624598
104.56922841841316,103.7732403271573
81.13115200011264,80.04431077522044
87.56594386334763,87.1328829176441
107.17116027101883,106.93425251336963
83.03725249116711,81.65572502041118
125.33149153419151,121.76909811370228
105.0270568438307,104.8631182920854
67.3501107495255,63.38871108849001
85.54360413526034,84.11045536147985
86.53728607659463,85.8969506270165
104.71238093144866,103.38264212979634
94.92764585055016,94.44915649916787
103.90752144767009,103.67784642591319
101.01790706456035,100.7231084001606
84.29382617451631,83.67588758398438
84.8580740066969,84.24671061726922
92.48674504005282,91.68345254819872
95.5468524506231,95.38389607557687
100.54594540244096,100.14709366398375
108.74863135170973,108.55623300701954
92.28367976247675,91.47319059215741
79.41822157236237,78.44356578578501
98.79039234047126,98.48930802893173
84.66129184594415,83.53271311784651
79.08808080074714,78.4178156712063
98.79657641030211,97.78371498356319
104.26796620192525,104.08944796377423
102.33679510856696,101.98576627903037
89.24526028999543,88.92602973981052
94.8506226284435,94.52897803752812
94.56928142550365,94.00769944078256
96.16127236170573,95.96072710057422
91.52221784799023,90.87370605081729
101.20740182931274,100.68995457838727
94.54812306663422,93.63068786927819
77.7391864734551,77.06192333299126
92.8915975641136,92.27551325266984
86.5157718510943,85.21527939974655
126.52774418625746,125.62578458247356
109.77395299554459,109.45626532356094
91.60548355834133,90.86377093298843
91.60358295429933,90.0546457502344
79.08713234354057,77.7996377527809
84.75036787193129,83.88387983868823
94.10083313443762,93.70036384571478
83.03108372113293,82.04075409529685
84.88519533150352,83.989513754163
113.14501816618107,112.91109911078213
105.24158320264137,104.20955192979875
89.62242153954658,88.0203912057901
103.53609479972009,103.24570197975474
94.94085873182415,93.71602084816143
114.63494285673019,114.20403345769607
85.56038546156645,85.0342818418728
113.29565059334637,113.06893381321768
110.46640259997159,109.97486382783819
130.38956524499622,128.85462644152622
85.19749245700801,83.3261375247763
83.50960719582741,81.54002933747286
91.60830015525194,91.34808830297206
95.95267855181355,95.28659693062757
105.14601193940905,105.05407306176573
97.12076232206691,96.9305615652682
76.64772126914589,74.92317381758045
87.93461986485552,87.00727348997574
107.59165033581361,106.5449606972629
96.73044445169099,95.53524935170499
102.98976946470798,102.58061221840987
105.89200709590581,105.42386780547288
85.42013041161222,84.81023113360546
108.99524562871312,108.59704984034101
97.95109206498687,97.75331021721
84.30183994661891,83.69510255415932
101.27743866902178,100.98565087657158
90.66521977074964,90.16595487982867
92.67651587092196,92.29907327632466
93.59631043941732,93.0292631888417
94.89395408812263,94.43971641785737
86.79946766780274,86.64198044330713
101.45033825346135,101.32619090234536
79.99331459130603,79.14527653986327
92.33761808859326,91.72236658797877
84.9833192577218,83.57273712244532
87.0574640110306,85.61432952966192
94.91204325865668,93.6162029883271
103.29841433530778,103.1083171550706
107.40163768763209,107.03863357035867
86.76521765949884,86.26557562511859
96.62559244058185,94.85523531867499
94.50239283676224,93.97031329485965
107.19502972328598,106.21676845413049
95.14663171238199,94.90193635956366
85.38758756260208,84.03532724543584
89.54655431876503,88.7898176593159
99.5621637914731,99.34179724729134
103.76138774129593,103.51708631105213
87.56903854192934,86.208598261478
97.25137049978379,96.82134848592804
79.81671828824757,76.99644747964612
106.76803506309918,106.19848072830635
108.64116263332366,108.06268766801807
96.27246281854787,95.81330514316411
81.02412260473353,78.05171397319053
96.16926879831934,95.75762956351943
102.08624936290111,101.28705614053419
92.53241045490236,92.18074679194969
87.96039515311388,87.65797777080226
82.04673979340261,79.92683096415529
85.41479026431314,84.76704393274579
95.4637102891915,94.89906975270843
87.76379730543293,87.41386050840497
78.5664165305167,77.43651957835169
93.34838061313386,93.01021952837336
97.27356727542266,97.02794974447363
91.50094895158982,91.08118979265234
97.89200174411,96.18187447155823
89.27471744565791,89.11216034195144
69.00858971772448,65.77892470690487
89.2778014717247,88.33241309347382
82.1422469459363,78.88825052865141
94.61467397455043,94.0405617929321
113.17940657244624,112.50973878987087
96.0275642907743,95.83653635187424
84.18347658842588,82.20599701825944
95.53305922492264,94.75335444313015
97.92011617275017,97.73550218831136
94.0760908735395,93.88955510599088
110.42473011839664,110.03495513319812
78.66431696235205,77.88195238042006
81.26086135853262,79.89268738875815
109.33957700454508,107.58568779694797
93.19960965569805,91.38762586574089
104.34507154514897,104.00772947165615
93.22004851389121,92.489445123085
98.23169635284707,98.08464285649711
98.26909397265774,97.71196474925264
107.92162557079894,107.70342885308153
102.42127570915147,101.86226125876841
96.72908073546148,96.59803863509725
86.64277746068954,85.98452736004083
91.1543273479863,90.72178000246721
92.146568625588,90.35461353618047
112.80757407936908,112.07331052110067
85.05317571749549,84.10599790711868
93.4583728921741,93.33228872481246
82.43181822279183,81.28793605478982
101.56466378772672,101.22739710815858
102.33270892536486,102.10763829966656
117.36744241856434,117.00021464958019
91.10809773220507,90.15718517631866
103.83082291215753,103.74527595205635
111.74402187789349,110.92130740448737
97.77623915790895,96.16118694645179
94.29887299690395,94.17571334096469
99.41437087232607,99.24846862889956
77.66943802252314,76.50944185533534
95.62749125991664,95.41198651144111
111.00218053277098,110.49287933765675
126.66806774943596,124.4143214959046
84.83036857814977,84.3745879471283
100.40700305679393,99.87759790359493
66.50956717388027,64.2567983161551
108.89122646564584,108.6806453306203
90.91336380235796,90.47574487692063
85.34108671626618,83.67871173407754
92.00317007837397,91.78309011955653
99.37223589118312,99.18835946101487
73.49928676168798,72.05002594154848
89.14728077427343,88.47952724762752
102.76104368218208,102.44882801087478
109.44668920353013,108.94594375029826
112.58722158328696,111.25391099429652
79.84275112320195,79.25599705589718
129.35796793396855,128.4473908483926
88.51177779314635,88.36695739741195
89.19707885248916,86.91995730504692
95.82697606051893,95.2660089946718
91.90868060467794,91.81406175307835
88.16656967463176,88.01914663840074
90.5709307055409,90.13502587594033
114.13436425689945,113.18450549859115
84.04592411601294,82.32179653999175
112.36770948798693,112.03686059303183
100.74928118333064,100.31965132028242
77.97037187831856,76.46214984035232
87.94986131400827,87.64539802624078
98.08423866915149,97.70201900338344
92.7147196165429,92.43418695544368
98.10308936061088,97.30550450302974
103.90651623255626,103.3171310862261
101.21554472967779,100.74433249890002
84.5963485312596,83.0505829614052
105.26237404415976,105.06128684632755
93.32604966736555,92.99168742701045
109.18051772114748,108.80904749509749
96.18970443531356,96.10177360244913
89.61085019612784,89.39664299375772
91.44960584849579,91.04512646119568
96.44319412439387,96.03832911009852
103.00893671217435,102.88764510069957
101.50116032122793,101.09326790129212
123.25726618732375,121.96887233350921
94.06775789185065,93.8724318225831
97.57230544180968,97.15689119809933
87.41734738491068,85.95924054054369
103.50775975617671,102.90508375299815
99.22882592377393,99.0262122206461
120.88418677990182,117.97805848585371
95.66514584414377,95.33670780812531
74.15605937104537,69.94037577286855
100.8648802688006,99.83732176212345
106.22769499715163,105.79373457847223
92.89368998539253,92.49812411338037
86.72868239787853,86.48743402868276
96.39537790308479,96.31829820245831
104.511048869334,103.85051755490589
78.66567250258134,77.46514300029368
84.29111396304641,83.44755492193703
85.47883715205059,84.95974458319147
115.42306152805622,114.72520418860766
105.25540211386325,104.96838333058426
109.73784067077764,109.23398798516192
104.95262493227379,104.43053460358587
90.56765271095257,89.94150288125842
87.9298079342546,87.12937917219044
102.06394397854925,101.33290840529166
101.733544772706,100.97624484519068
126.17434922832001,123.32281804635927
94.38913539971887,94.22263037171481
93.63246676804489,92.95089521850302
92.20323616638085,91.95352735384797
99.1636565247885,98.7413494856552
100.98471710796503,100.17494758801999
85.49536475691146,84.4735025627441
100.93095054946097,100.70861530261114
102.63046944898647,101.6820882934594
112.88637929579349,111.70877694080292
91.33208094849643,91.06419824805828
89.065071733133,88.67855295863656
99.73780035113813,99.4232456051821
92.206677565107,91.817921538977
69.89783267356424,67.87541628625503
87.48546028890058,86.93850005865227
90.65432104881646,89.49103882910345
124.8145519349482,122.59522418956162
93.42712388130565,92.49258188329794
113.40985489346298,112.86915708935288
96.83545847060651,96.40123385038802
100.30998699491225,99.97176695816002
89.43342838252543,88.85938480394724
78.6699834893324,76.76163642554549
78.08203824426347,76.53683223321069
94.88982588168479,94.63810916318911
83.48226258356904,82.6691788169211
94.27122937196377,93.44319830871589
82.1742374296382,80.69305707846958
97.53170168127697,97.36091936332679
90.38202215338106,89.8991092819221
107.50146910235695,107.33966170385408
115.78880732259236,115.29623593676108
94.9123755045858,94.74352785397501
97.39070826194002,97.05964154085184
96.78931478074782,96.10278603423833
100.95450554080305,100.13745496510747
92.79992081809833,92.5312455656901
85.01776152903741,83.1496845021685
92.29814270527126,91.09209880151396
116.25994724826388,115.9427463715486
82.23351291717363,81.69329819445572
85.12242182927613,84.11079791362953
85.07152838164849,84.54291793302687
93.91617859212374,93.67020198126939
101.12446948599614,100.8475040625841
110.74015327265019,110.33295297457856
73.09586930356619,72.0293300576157
96.55992796623545,96.31138604131864
88.78496003234994,88.45402861708853
92.36612589894828,92.05902853710542
77.01544667968109,75.65419094932813
84.04630416499135,83.34328094949326
103.4519131438942,103.02724460585615
85.81111190624648,84.89744359910169
96.53595588737139,96.37771053992306
93.34998464981632,93.08119778872826
87.3520573131691,85.92716180323978
98.24276221756878,97.25217205598828
99.24298776479378,99.02364210225535
84.7326904321311,83.977654803658
85.42833980662955,84.53118052357894
119.33110755015065,119.06791609817328
113.42092060141744,113.09832240232554
99.09533878295471,98.04479511287467
92.4270905019303,92.24528998761407
85.38679256398562,84.77760845579384
98.85410449187317,98.11953887956653
88.23815219721942,88.0088811544078
109.72452302824667,109.47445704580345
91.82708352292418,91.59932110317759
106.78405119646455,106.3938004400047
119.43935042171043,117.7104158441301
82.40309778676249,80.9659033570968
83.100689217426,82.20948652654677
84.41857901137404,84.20432837922772
96.94154004954015,96.69335040940194
98.27754779780129,95.65098869314762
100.7800909215238,99.2621983102566
81.93529166167711,80.05564355622246
103.8851987378083,103.63720578852566
82.55414963210607,81.62256054842538
115.90396897313771,115.43806086755605
86.07053575864856,85.70783956674843
104.34341854567857,103.51962633773634
92.17853407184259,92.02194825959761
75.3915993991905,72.34664656456344
96.36823533484136,96.03708163980335
120.49468001067511,119.58691349387622
98.26974049874546,97.73862725452398
108.62716175998398,108.46070116398064
110.99219140049023,110.52278343585257
86.09625664030342,85.7923519948603
107.74014610505279,107.17195302212156
85.27407495488045,85.01079587935313
106.62597081392511,106.41612141983329
102.84424984285252,102.37327713739232
105.55359876728824,104.97876275219521
121.48332935915761,118.82959895721383
115.97402385004769,115.29920182522473
83.84947641333264,82.00914800617213
100.10569146068934,99.56555951877846
123.13036529673037,120.87242570445281
107.36037832976648,106.93798564422137
82.83447999836245,81.28738036845758
81.09912199420388,80.30935942532793
97.08799195899459,96.26460662071558
87.34274519121944,86.57295611064674
94.81387982572143,94.6140050996511
89.00578277973996,88.64038999612708
89.8540206906041,89.1920645323002
104.40717107069173,104.2551821540193
99.41323893976767,98.98753788218576
85.548867773098,84.56227588177173
95.15759649940213,94.44385317854253
89.01793854921192,88.78471926142541
91.80417652409932,91.48737423105312
100.8050235545141,100.54533215212395
76.24724073992314,73.75817475373857
90.3592132324062,89.44983242624099
98.77671173000005,98.09367761367353
115.84545750287127,114.9339305131616
72.00633501018565,70.2606985502009
102.36652550197178,101.70623619678939
117.05145349939028,116.09828341448342
103.52846717051374,102.56501557169453
86.82645115510104,86.36310050416505
84.89721387523295,84.10671690484764
93.4806653615,93.3360789945176
106.46272012536545,105.37939770617243
99.1172635515393,97.97323220689732
91.60140692164131,91.03220980385755
92.48343607752298,91.81449490771543
103.50212561716884,103.26798778004961
81.76440274267365,80.79577708405775
106.60329853839161,106.45027953233478
106.77868493768534,106.05648802360167
84.7656369717174,84.4976786983603
90.08734399485722,89.49141838105133
75.43246006027975,73.64227555815214
81.5464489478158,80.12942767862717
84.63029971803194,82.79600831084582
109.21022157550944,107.0232062756065
87.34464847308647,87.1480405044931
88.91622816733921,88.50197026519497
91.9608928922963,91.27578145203304
102.03672094277103,101.156583833829
112.55142786969094,112.04939146255147
96.85840709749448,96.42528677618309
97.3927722074719,97.1258218030665
105.68966050086765,104.98509438527107
91.1100224500299,90.67307117753118
95.85072215726468,95.46808970478247
89.23798958046868,88.31437597268955
94.41642557396102,93.75317148337547
101.12869734652935,100.67841500828948
97.8306985971094,97.39419841491535
100.29680557131977,99.96449842824036
85.93601583500586,85.40216172546444
97.22932638601026,96.66107015855673
98.69425781219797,98.39810157974225
102.80578924435635,102.44459410470611
98.85970996930146,98.30745578795019
92.32606619023512,92.14913858423114
106.3417131245063,104.38626740072786
94.65693280534585,94.14286046389194
85.43248574707182,84.7591090928078
91.2991306609711,90.81813801258808
98.11987257394664,97.834666950041
101.79013560474402,100.83948697450761
84.39330473669749,82.26407602670791
104.51203164793922,104.07144645021026
93.01532866948195,92.49517541959992
103.81920298537536,103.53101439644523
88.73143833648972,87.80882353341237
104.15859238858887,103.78818306374428
89.21588734190006,88.78662349521004
123.08135578602553,121.07306765304165
92.46571161712673,92.13207691566785
96.14625895883286,95.76372129659626
104.95521866754702,104.1898412479437
94.09044621685196,93.35253335067677
114.5405387844661,112.89058865981973
83.9046292395774,81.97282733893263
98.85210192021233,98.60872680234053
103.7884145126282,103.58358201520987
89.93379526190323,88.77237014121992
88.42779378880282,88.23409596043537
91.45737387664308,90.86488216311052
66.52490557256652,63.48222548803805
92.72062332152265,92.38750431343058
90.32986295814334,90.11766725723032
111.94486643947417,111.36554414871077
104.56137517978766,104.33141776396286
92.1189400447697,90.7088293963246
101.10542598762495,100.9416665588527
110.94906919840048,110.41086124847192
89.4730629101878,89.24859005009151
94.76995273323413,94.04815013541317
100.95609185043513,100.4309369178831
118.43592564423516,117.77273541436834
100.27606291387521,98.71474367933992
109.00085611669915,108.68425578917673
106.59293277428729,105.90072016121428
89.3728899026607,88.14471020361353
92.89563442204988,92.51955624263466
110.08422439916306,109.48498574216438
85.91022529890093,85.47661683347687
92.69398472641143,92.31385502299239
96.699875859101,96.41168447507064
107.18188269845812,106.02607239334682
107.42288734222207,106.99848813001978
94.89037854320803,94.61478434104974
94.49520729514697,93.79818091406256
95.41417298793851,95.2885356876426
83.21496862826407,83.00929932201909
76.4790981585936,74.86107179980544
83.53911042668562,81.88933860310618
72.09839898995335,70.2347352368993
79.14916331085826,78.15955137368024
88.44018262312139,88.16090218869184
102.79062850027496,102.49532849236073
93.8269556160975,93.28064005053851
82.42293518468769,82.1079716065954
98.40437277316403,97.65651897236526
99.05497878530703,98.4711807356706
84.95257757638801,83.62244708021679
100.87390264986838,100.52996044533504
100.63548871778157,99.84288463485748
81.9110453688631,80.8459953917653
85.39095635407025,84.78636404857079
95.88145374838338,94.51597868767031
93.19128028004951,92.76596091579087
86.74463740284845,86.46262246617975
91.91272751491925,91.6878683453269
98.09341547261073,97.48388217856241
99.95347354473866,98.53428540327872
93.87700816414802,93.41249791148005
107.13748337603101,106.89354707912527
86.22405759928085,85.64825549090651
68.7813363764393,65.95987579328994
97.29581302922914,96.94205208785259
101.83354201902324,101.40896540406281
83.17191877221252,82.45545011625808
103.28731761962126,102.49705200520602
97.67936265680147,97.41766027944884
112.45592600670963,110.37461009035468
95.4867444209885,94.75396497870038
89.00079333653966,88.51270998735093
85.64119283410925,85.23319119374143
98.52405597822694,97.81761152984758
92.3608387791183,92.23129751987702
78.57068989067852,76.08907449669952
106.41223043371618,106.09687735555777
112.20582197057483,111.90547028201887
108.62178849069687,108.31662634863031
88.33534570600243,88.09141371566437
105.7864788266982,105.488421558492
94.60267545674397,93.07693741852455
100.10253299000743,99.9233807810719
92.92420634024138,92.32479307055513
111.39154834685563,110.45027634420693
97.08607771139292,96.59734376203033
95.7323824172053,95.4372836503955
116.04076898704939,115.44296306330192
93.45596205505248,93.31564863576848
94.96481675653517,94.63929419169966
119.6594966407386,118.5484042950567
94.0437665619105,93.20646750089051
108.93758056208793,107.83626301167604
104.84125929168637,104.56362200358669
87.72954047473299,87.26770231367192
97.35064201125539,97.06274213719864
108.15785992967643,107.86868479585891
83.60791660529775,83.1546052180132
110.34848718791709,109.57510218327172
81.06389522847071,79.6030230510815
89.15977477256133,87.19845530181972
88.03919471598928,87.41055959155938
92.19482120800005,91.85853278348839
110.10207888092322,107.77990817233321
106.9505257050288,106.52494185901475
123.81120807573225,123.1145122845061
86.22764344878992,85.23077087522476
108.90461296543593,108.58227112919012
88.33622111709589,87.81861089319139
83.527531494704,82.52795911296796
82.46097928013451,81.74650136852699
101.93174419412964,101.39066151752269
92.15072693727238,91.47026743741584
108.62224714791739,108.12193680439206
102.52417994053681,102.22173174797473
97.33567897366719,96.51651885016958
91.29689140675718,91.06591189079802
101.91417248009628,101.42186721493485
91.79843758021042,91.13296414153542
99.24900349194166,99.02052234694206
90.1463235017238,89.75902352758199
101.67979422375916,100.87092600000486
89.97948839429128,89.67655600420387
87.54159570108568,87.03737479820298
85.83959128543457,85.49189744418459
110.83662735080601,110.43899538575765
127.98991744660886,124.9754885657439
102.36992929513724,102.05067890722914
85.0491165483903,84.53006525594742
112.85801467224233,112.61459572624571
81.9382680375739,81.33092225556943
90.94416292235368,90.72017203296403
90.42426904471444,89.62584730330927
98.54679739963524,98.33332778536692
112.1640456288004,111.78555293124003
85.24768033825129,84.5683102425174
96.65670736329452,95.990122548645
87.45260771428113,86.82682474166124
135.56264416618475,133.94334256740024
94.78243666393291,94.55469630057121
94.42760299759335,94.28769385524565
94.68929333122196,94.32492346913769
87.03767009362564,86.6531095523459
110.86426511224842,110.57839997573554
104.07465423255422,102.84271723893599
80.810780828279,78.57660932370987
104.05026198452221,103.91771526393688
94.58679280016786,94.2797188365671
79.4825841456154,79.07183338405056
99.21031599596648,98.68284056283062
88.37208887693818,87.81902268656896
104.39130994908145,104.09367669527846
103.73525998079512,103.26708447752554
80.55035471287569,79.485038736213
112.66596387695357,112.45257541240265
74.28970083984252,72.83188206555178
87.53978681623914,87.0593033475121
95.92723165476934,95.59467719562286
78.58958645918416,77.7100251149862
96.3712732843398,95.41339475342684
101.90058119642792,101.38078934766398
80.63196545123041,79.04356191649906
87.17688185983266,86.61048953789532
123.55592531086064,121.89395916497455
111.72016303768147,111.17543044709281
95.63165216338257,94.67207179375114
100.98964507553629,100.49398984880001
109.64487724127133,108.90846845744719
98.47298001079058,97.17304460812807
78.23505002395444,77.24918589784565
83.25640415312726,82.09533294655014
77.83221515189122,77.20121050037467
86.29209269272094,85.41951033061444
107.00241572794891,106.52185434492412
91.18205441230663,88.76477677304518
102.04724961050572,101.66400339016016
96.88394110706044,96.60642000821082
97.93442588747011,97.55955170860317
79.61299289014279,79.0734264390374
70.83244021363952,70.04301182559561
74.74962902300405,73.83678598228394
115.7597194674621,114.82544172724424
99.00412843799319,98.5795100825754
105.28732930988768,104.8194971419164
104.00038495539906,103.64700783194208
91.74560335405509,90.51501682587458
83.28590912434362,82.4922905064485
99.22938513578283,99.02242998694668
101.62428437569653,101.26872529010463
89.31123182296902,88.78244252939068
93.6822180158083,92.52214823293474
118.00862603921568,117.63380227803549
82.6523925841308,81.08011064868967
82.65893917751998,81.69470120096882
106.74927047028686,106.16730386514321
97.5513391008897,97.00171289848971
102.48648405242042,102.0243325065773
100.66559583219743,100.16266882503649
89.18462754708835,87.1044987018392
94.6980592825862,93.92484582955117
102.67060607308964,102.42605378948788
103.49356149628363,103.18258733738952
94.13377534267721,93.51817983046203
99.1499083867296,98.56918529699111
78.57761956345561,77.90499715430043
94.78956307780709,94.30941135877946
95.69847589589577,95.34982271424653
84.00258872600381,82.77403596073552
97.28908270872257,96.80267674691305
99.12241517328773,98.76700414192457
93.86572060752613,93.59356943364112
103.01587061911083,102.51214756327249
110.54878905446157,109.99117805289572
110.29285737351815,109.46015031539129
128.2790516881554,127.18501717365491
96.07603395863038,94.95888589088706
88.06691488070837,87.44526362957647
86.48710407801359,85.38069507648487
90.6130938163771,89.99076071852089
114.24741924320207,113.76591012694449
86.61164285837549,85.23162319303614
100.23419827483609,99.9400062378267
93.3546124626627,92.85890994218956
72.9967311251162,71.49027552884525
105.37484793104271,104.86482899590786
89.64583605837166,88.89254755248132
100.35035181366143,100.21220719824066
102.62858623560696,102.42872019982751
79.83662078815244,78.9520657268895
107.87465027242966,107.19828540559575
121.00741302553472,120.05435754623635
88.65236457377863,88.39581631708623
89.36849940381084,86.49514693111107
92.75708679558109,91.36376470607146
101.79264098594959,101.47366075942104
100.97680547624523,100.59637271241346
92.54136370562699,92.0485676304641
116.44263983196048,114.80733450259322
98.76882166062313,98.23384051314494
95.89693042729024,95.10993543283209
116.69750794850222,115.6014104088614
82.05609972912663,81.56576928089743
89.78079750638781,88.9503701446064
89.7767336813114,89.22050152036631
72.26465265623423,69.66241166989029
91.81232553090709,91.47138848094092
105.97905791548233,105.14172757742855
93.69934032956684,93.21745788288985
100.53791500300136,100.33371161280205
113.46244795663226,112.2287132293204
87.480476839081,86.49378557376473
98.79420609694567,97.56037431245689
120.64196198678023,119.69062919270517
92.26873462836356,91.96028638749304
85.0348517547332,84.5413147782235
90.56309173681406,90.39041998303087
96.5307622750193,96.27423446624151
123.31184084418867,121.30245132000842
109.67169697801774,108.88283208927616
96.7028686307953,96.56010654846281
93.56418963411517,93.11818648729964
98.15415739366303,98.00945043467419
90.59299142481254,90.10927305156814
101.91283751911583,101.62954560054858
91.78169681845863,90.44308083911332
115.7837333871547,113.84965171604685
96.39382871516072,95.02400685576374
103.84772160415788,103.64887596505179
92.92889529608956,92.27435018738068
92.21008565895059,91.85386239602425
93.42454252245956,92.0515544703658
83.90160570578705,83.31503432596467
109.69084795410444,109.05104117625021
109.36228414939616,108.2026268879571
114.86806480680545,114.41177245303918
103.56478844428857,103.2901277600612
124.0641505277183,122.7060319539971
113.512266612756,112.00599973968794
96.38970867702189,96.17535421439422
87.30453816647554,86.9015806791697
115.31769209904476,114.44609458630423
82.39190788958979,81.7449821436769
103.17673435989619,102.5410152145254
91.69407320069145,90.60540680176759
106.90149495892898,106.31822809756264
120.12788079241814,118.73652937621773
82.6450839308787,81.73422449323702
99.70117733272896,99.61422531136176
96.8135208729967,96.58928596677832
83.89211097616318,82.79876614389362
88.11734177365834,86.65141154763306
86.17616059265607,84.18568936542852
102.32106357262217,100.58971104239603
90.5047920833121,89.90058792758134
121.1837144235006,120.03394335751211
93.32510173058994,92.94191183453849
110.06464553346885,109.79308859754772
95.36388218251034,94.55832557770914
91.66674188614247,91.07352965287204
108.72309476189524,108.21607460646112
88.78234183966242,88.51741938656922
74.99208930646527,74.40272939723359
96.04355910002477,95.50296371657583
125.2732577979582,123.58851154554554
81.60926098297297,79.44970374473198
86.16556156607103,86.01546872576887
85.62943882986565,85.38622833649035
92.13294201238172,91.61716068748986
88.09064297188837,87.26660607100028
93.351242490934,93.16187941468145
95.32648104433312,95.16249549563744
100.76116949030704,100.49693792723004
98.86235778017513,98.62478048748311
93.25878702489494,92.95039487441203
106.87614601250294,105.81729930974241
95.55806425478725,94.7913739917361
81.47255021797866,80.21425182052826
88.59294029814555,88.34502416647447
88.01273885812174,85.53412732407736
84.24275680691171,82.29783679736141
99.91959927048578,99.59469996390948
114.25631297126323,113.91322428305692
92.05948256667367,91.62562862022924
99.90261815904574,99.68662107515787
93.67703315439252,93.10682588872031
101.71051938073468,101.61755105270085
86.94343257292253,86.33325538968595
95.41048114079551,95.3180455363624
102.13552437405491,101.40278716118084
105.33995020530509,104.67358030080618
95.40276301558991,95.33885482239003
91.35384092264881,90.6148182676743
88.34170436678875,88.13461568621831
87.1141922694974,86.75035115879683
109.48023323080207,107.86160802250527
94.4205548358369,94.28187520574623
89.64420843469333,88.46432653193754
101.60808653533472,101.4176189803717
74.68993709392308,73.28445667328354
97.6373144754105,95.89236863322654
101.71196176444528,100.59984267061559
93.087927962506,92.88413808293708
92.12986410665906,91.86633886540207
89.18538287439996,88.76823168741056
110.0414486973124,108.49644031592715
111.68207099928748,110.97313601829221
82.31592936802222,81.57015946499162
99.1103039849647,98.83181538450901
109.42834420010827,109.17732374427199
103.8927922839394,103.61483803226062
96.74125456384165,96.4764779763216
96.30767450743885,95.89810269065649
75.6241876889827,72.47711637131461
85.60146051323673,84.09648278347245
91.8748743698272,91.7304541843152
74.67808808638311,74.30417180693354
118.00244657821908,117.23586336979265
105.61834551919496,104.18953698304996
101.52047837496143,101.42866236171075
84.77313912185024,82.59296105849938
83.32111688808207,81.8029885062269
102.87757946615568,102.65612867697297
108.99134166663247,108.07693959325951
78.30137096125131,74.93799148243545
76.21562190799933,74.60417292352848
109.58150671756948,109.44278797445139
97.43074876387412,97.28277162207206
92.58356320188678,92.50180037875798
91.45402833386152,90.5984135957392
109.20518377628956,108.77787302175071
89.98495394278385,89.74667531582011
84.17320547789035,83.6731098601481
116.5871665316391,115.79414521858288
77.91088162353502,76.6882802270345
94.05389712599974,93.43112123534509
100.9343286691677,100.38327687454445
109.64909114964834,108.63347664763346
87.93790353629124,86.79147810998288
79.91733033748415,79.28195123044009
91.53794222636925,90.99743429998732
103.90051651315174,103.345326087232
90.49985753331546,89.91211013375171
78.84930590270501,77.64874441227008
95.86516870203364,95.01035584380753
106.98836361748167,106.43969585073212
81.62191878254247,80.53366583430301
85.48850371852282,84.04375366386904
106.22740330553825,105.80499035415066
96.79870463563195,96.52335174435109
112.47576577424024,111.84325284090771
104.09303577206475,103.83646112536847
87.97489707373286,86.25673256674627
106.8104275830121,105.95801449259959
97.19268779509822,96.85651045171103
95.44762440544626,95.27115151591909
88.93071420615705,88.31085953264704
98.89662620628731,98.50381271105509
68.46253308058498,65.46420226130682
97.18396514448179,96.93622661409647
96.82955660063354,96.63284669806453
85.0779326526722,84.6898656827671
84.07696373172966,82.76357281718253
91.50627147006915,91.03196167560381
119.55952095008752,118.66487278814625
125.24988914026758,123.35450108931259
92.03938722439068,91.76609225456838
102.83873891469968,102.44507859071344
122.06877835523991,120.48613386539843
122.07882160584404,121.051290449342
84.15353666389308,83.81155359501993
88.55513660088457,88.03555537536879
99.37320177096406,99.07389501014492
90.11604840420982,88.36141751465352
90.33648187732581,89.54166812788164
99.69080940835156,98.80076391894629
87.33395632781354,86.9613916803376
112.17757460300854,111.21593483864899
67.63455073836526,66.43073789354328
92.3128932338504,91.81271740221048
106.88286631532678,106.66597503844547
98.5351811323917,98.28231305639135
95.33275755280494,95.08392568564554
76.42494412984065,73.52410601141132
116.50689500389862,114.43798095258636
96.07914104061308,95.87912498760633
100.77913686335069,100.62727293124895
77.24322228475111,75.81342641710737
81.90377434433358,80.48109498338971
102.15707199897395,101.94128139080671
93.09856959176972,92.9521835202895
87.687668607162,87.04802226297053
88.26136873963917,87.87229260836492
96.48695356833787,96.09490544449645
97.39739712951095,97.18328411477145
105.82440346444947,104.71355160921908
134.93174343595237,133.80921618624492
93.79149549621978,93.28583188203848
93.78174628382982,93.46224873881951
91.87407742982163,91.5794908365084
87.71054882671233,87.23072371093757
97.81274081995458,97.6108956415451
75.86590808404594,72.62064630037654
91.04554766301358,89.35219781764651
89.46330425549164,88.22922635742681
109.4220117130476,108.94950691614493
88.17013117162287,87.32539720667364
88.38623210556202,87.25339736315038
121.54494126255766,121.00101897533334
119.96960874845016,118.60123539302565
74.45148354288027,71.7980273569431
116.84617949707378,116.6046886340694
95.77152983976012,95.42340047254989
81.37718861417274,80.29694522322814
87.94497234370084,87.77842785675418
103.43170962665324,102.36521282139006
77.96724932406599,76.9256703928507
90.32846186955413,89.32194645163804
77.49377321450953,76.3087189858582
93.66718955446893,93.32811899843229
89.07921957429735,88.57192355366001
89.7564984697171,89.60417751882092
87.70530628704441,87.215386627744
77.06743745070101,75.2049773487096
85.93793346307082,84.45056520952483
109.49166472285333,107.94196971970442
104.11470692453533,103.74024959848754
89.87170944225768,89.58378036993594
84.72773820208737,83.26897463085103
91.53835976506849,89.82548644602271
87.67302220368413,87.24366215073422
101.11963420883862,100.97205425430455
96.90167847670982,95.67371883684376
87.53075907169438,86.7396905058712
80.3410029981398,80.07906666606837
103.40817045061277,103.15249056583076
103.21880599026326,102.83250538653525
86.49088159109039,85.57714709965079
78.27748957950193,77.19246030755598
87.00489841765366,85.90675414971498
108.31580309511496,107.60849812782615
89.89879828184607,89.70560411979645
88.96704394789136,87.49918560463117
102.00938462796474,101.88314604776818
113.86012958846686,112.72156342826972
93.46964849022748,92.5291283988619
84.93946712675817,83.39016295787268
94.2051115108235,93.58013259814997
100.04940011336762,99.88173533345284
99.64526876885691,99.27768556857374
92.34615645336984,91.93504294172055
99.55102945210554,98.96026508409241
88.91086542951105,87.5186889790252
85.69627414460352,84.18164074675879
95.76444937801287,95.6979766180272
111.42563970049773,111.10056044207846
107.14357077555037,106.1428272625306
77.66849096812857,75.96953027020214
98.33508782489501,98.16696793267973
104.14817583064625,103.8190288594884
72.80431068947867,69.64241780330936
95.73679896994537,95.29415450008639
99.06608589879568,98.61790089219969
94.28958859065617,94.14209812007158
92.03754246110155,90.77170978603026
109.84643758814173,109.29633427491942
114.30206382220507,113.4727960744057
80.31759614493498,79.42734160337976
102.6727647717011,102.16743275330234
93.87931883403289,93.52462375522781
73.60996408258202,72.0220388615498
109.8842652328753,108.06688367804365
84.58204879551775,83.13751753638182
104.76887850542505,104.25987256022957
102.72747871279536,102.51059062363426
91.68138784202648,90.63851064233599
97.23859549214914,93.90036025709938
107.72269380595583,107.43262565753523
100.45789005031057,100.327429596814
107.89547692286529,107.72526794296033
111.95752004753065,111.078142569036
98.28892291546781,97.94954238209057
102.78904334662093,102.3331098670659
82.20282781612812,81.53467188616457
101.20259103915193,101.03009530206796
79.81856252998216,77.46890644191458
102.85579543752836,102.10185092516943
106.34505715663332,106.09691023218514
95.23001354565959,94.46303893492704
98.46121473162383,98.10020011988794
96.49275220217946,96.28358008093846
79.05739544270125,76.09653661914888
93.05311254962253,92.87610610105345
87.9988235217486,86.48716337425454
87.10296035098243,86.79648173178192
90.3648843476782,89.72973748646609
87.11994198764069,86.61778307819839
79.6072405512554,78.08343007238673
98.68144209385736,98.0418884861868
71.17930117159109,69.6803375225347
79.63868089506249,77.97687648868754
107.0137490501195,105.89744951896313
95.5865415019412,95.08083094225842
93.10478516331577,92.82435182561797
93.98516557858805,93.6331164800546
104.22027518977985,103.5876702070693
80.43293886763522,78.72182536572942
91.39241668879755,91.19590140451898
83.45029052987802,82.54872108717977
99.23445609208903,98.75281216402544
109.00011048434243,107.8763032585201
86.7543890956519,86.1911087961483
89.84599355627097,88.76796058675345
98.96400952793518,98.61459409666948
115.2016855884878,112.65088992231902
107.37314725194321,105.65571058545721
101.29089078116581,100.78475072389737
90.20036425477772,89.80328563059211
90.7181407671135,89.86602102536969
100.07910537707652,99.8971648385815
95.16042486098728,94.65120684692243
101.03217864735669,99.48188929540986
95.96611168363104,95.4805435624083
102.83073488207427,102.3797251304658
132.47398862019546,128.38342429733848
95.75139130151302,95.35837027014998
80.09325249563081,79.12009918327766
110.12319372348084,109.88016534367596
87.11611576127626,86.73832488649606
95.22944845059205,94.87981720080074
92.07550345377435,91.77579378652999
99.90911078452979,99.59980104153061
92.39307766974433,91.9278066865537
70.21379787152908,67.02823121969699
88.03715228626542,87.59285354218596
108.6343943880872,108.22317076713642
82.97607643990483,81.67132638211422
76.21749927025971,74.62133570636621
87.20770781407056,86.45407011339181
87.6281311888402,86.32563834576172
95.8138492050309,95.32288873005191
96.81741990504919,95.14112663967443
107.97055031375456,107.76981638529827
89.03974012991533,88.46282042985743
107.78883779716776,107.57004900813857
102.92111259587074,102.36434536883851
97.85050435632087,97.5018109177603
90.71526436620861,90.30165420859824
106.98681508802697,105.3620288313819
111.62805082918507,111.01296126566042
70.33132020835214,69.13069155470194
96.90723267152256,96.4504655519813
89.07477550125238,87.41273590143264
108.05097669522911,107.62814021946052
97.92247650819984,97.62116637029452
87.67491664704761,84.56600445927
87.28538667030614,85.7828783376294
80.63082711997812,79.7035266372735
73.59118167831029,72.00742876296682
97.36234463263712,97.00231942091754
83.94559822498877,81.59213165357671
105.61186964970848,104.89386648431234
101.27259641471696,100.20406120175521
104.02919820125302,102.95071269601458
84.34217699446012,84.0487167347464
127.46220491442091,125.737262266953
97.67932727896617,97.3232856464173
90.06458456935525,89.8054245078323
72.7626132097755,70.90511804202943
102.33764078362661,102.18090235587559
98.38289121496011,98.1342314553544
91.39096790542267,91.1913403369639
100.14369130109189,98.82881175605758
100.90127311940772,100.58996579804314
104.4089547921811,103.55542544123193
91.0563958633275,90.7695616638019
87.03103052066635,86.11790303766388
105.40984787632622,105.10172834312762
97.81266649883258,97.20008059221861
91.32208472052403,90.2838796148028
96.10705321273328,95.64173050949995
89.33278645443248,88.49203896291554
102.68000689495156,102.43447424847628
102.85707339440216,102.49562131885514
96.0884442938552,95.41728200660538
102.53763297092004,102.39477732428459
97.44759434247715,97.09377552458174
105.24896897170922,104.75783643750181
114.15924573207647,113.72758421010424
96.97072240238555,96.67782909748605
84.88705511823993,84.3296671135012
114.35444691440266,113.7579253219391
88.64911205785354,88.0950204811741
100.51294606405452,99.90971545078243
103.79574740346365,103.59383946336321
88.43857130388201,88.05736148176709
107.43661612556913,106.63257113692597
94.49787659149042,93.26904731920396
111.13322970340091,110.61549653964137
87.68002786225142,87.54155845198812
98.24319153598361,97.92381776754665
91.54332214991395,90.9493113633701
88.40007852307201,87.59427571144954
102.58843755505636,102.42728112634849
90.81331581132277,89.85550402284694
81.13611917741179,80.67555645412713
86.83366275987399,85.71394810678508
68.79915827031424,67.88175527091026
112.19794384061028,111.76238954692342
76.43332030262489,74.79128889134032
89.8352357087485,89.55423723804533
116.34020411521807,114.59879534187935
96.14612621062854,95.88051677155813
102.37374849839593,102.19401616060509
100.31106339776852,100.1170818287419
81.94928931782464,81.35792954004897
123.04662405001167,122.43422532192963
95.1669963426496,94.69108689351108
72.08284759142722,70.29215373836159
100.62583439205939,100.29001436511199
102.42913816123676,101.90793328640964
70.87748683799218,69.95817754898029
108.25256681471656,108.0941409715104
89.44089149950987,89.3171223698667
93.1755897783579,92.94502990635165
114.16725152700617,112.54358166779265
89.98530596349605,89.22301194451592
98.5803635683148,97.96915401377585
99.92705073087942,99.61245731487492
114.35379128001789,113.78616927982542
77.67962653731838,76.98886887314339
95.14347321558824,94.28141669453434
97.18894633860002,96.78884900784098
106.80579384591587,106.32463055558416
100.477857172153,100.29834063273299
100.17044917560406,99.4581253364769
119.29003463136262,116.9879410635293
94.38514890358398,94.22275566265971
103.30114608816633,101.54783240741622
86.3637533636051,83.60015301149478
76.25783482991251,74.93071049120394
107.51413617950584,107.15905936089933
104.66342840947833,104.35889623736955
78.9832492056335,77.07182803090352
105.60220918040835,105.25466821082489
118.28758107701736,117.84404919030803
81.49988192109487,79.66460024089407
98.70668789162073,98.49687815079218
87.64790183625708,87.25497574269804
89.38676160862127,88.64331346064446
103.56618175557786,103.20007388116795
96.9908192326626,96.4340953828293
118.4064305317966,117.00794713758546
101.02358310540232,100.6696501219304
80.93373779600635,79.93175735639878
94.03996036933594,93.55617922572473
102.63170240733888,102.02022601826044
106.27176276644364,105.7737093906733
110.25755162836566,108.95606116981583
92.09799438248919,91.69245764737623
107.55130036352793,106.94448576113865
79.22473962689689,77.8323162864437
94.83169731607202,94.64970702177739
110.10927596345572,108.86114361198838
95.42784673998284,95.3377781770278
103.8019689358418,102.58796481925324
87.33811932484987,85.88623641210964
99.1861284302024,99.04309533533576
97.43650599582132,96.89726171433774
93.36303740109732,93.12037770034054
94.55673957551355,93.16459842849719
87.01703468114093,85.09554149913878
114.57254538024803,113.402836097884
97.18658384730392,96.61114626139549
81.41804805998677,81.09042917101581
85.83698601321471,84.25061170582715
85.17714459967671,84.3188492804126
81.59523354601974,80.39248589523858
95.09416896266049,94.53656320686221
84.92653154336057,83.12912325540124
91.46264169331285,90.6415343879348
100.50684385669695,100.09205322606715
103.31851046651998,102.82404878782795
102.1155409166216,101.64176237223015
82.46281776069418,81.09724386247251
108.75005759062971,108.31534317683133
106.38004164047301,105.74540825340158
105.92036367536521,105.26706747884043
79.44503383700915,78.89415068942121
96.43318724575502,96.19180882096487
105.85895436273776,105.55698927124202
83.48119118666814,82.75779024382393
88.54393271914077,87.6032664852044
120.01997755761397,117.8480500789443
99.40575283394303,99.10766981820106
106.0661596206432,105.88228012605623
79.41343743825573,78.43170297301826
97.53651549944927,97.14188970464888
96.23466632146,95.99286279742842
110.18203436488277,109.71761949472273
106.18750726994207,105.8417505127009
110.72818954775825,109.68258153787822
77.77900101420502,76.7760793784334
94.31279543864711,93.83097631577242
99.71500161378567,98.66376731290184
85.68847219781877,84.95553449230638
98.2755193371731,98.0356870345098
113.2112533481088,112.89885084271202
84.8508464696871,84.12260982975886
85.15841561099565,84.89874652779103
101.49468943005778,101.34439178165678
98.29203570861404,98.13283595441837
116.26199782526074,114.8598863823609
94.28998632765297,93.92250421387789
88.74193536363165,88.00696141410467
84.8142183589878,84.01464152652787
104.76906921850683,104.575907372974
103.5469721730146,103.29212653284334
88.35592858293657,86.19287253234016
80.70464277311517,80.07816901161516
108.7168855446691,108.1241208163711
98.13548484321497,97.75387409959744
101.00453236618434,100.73485507714935
103.94082431797474,103.10977873345811
80.84243232673846,79.89664275591602
81.5764752952265,78.80048368512388
95.33682836403176,94.98478090533483
97.0432086430134,95.97708627085572
110.13572058779847,109.44527836292679
108.13378687302011,107.3734656012571
77.95224883610601,77.36902809202925
88.26213541791823,87.73834209516838
94.15589250982659,93.24814973204528
92.70883817684724,92.17544163251695
99.2058763919611,99.08961471285961
97.65393874497158,96.8330256421711
92.4792133375989,91.99046920831636
93.09802606603385,92.79989207450284
113.60461463678698,111.99161092442533
123.87046742462445,121.67495643348995
94.82305605064892,94.58179983060224
93.16505087973857,92.87934099474647
92.33005161274882,91.54481599949595
93.14451521128397,91.56833110740432
97.39058690617446,96.0290378232003
89.26951488605322,88.8758268325792
102.64279519859953,101.49272665417902
108.4036446147524,107.59094683409688
101.71748622661431,101.09400412892349
92.92618148653432,91.85116414604235
101.77379894735189,101.42705462546084
115.89078105797819,114.24519932554654
81.90595509991074,81.45414395044784
94.07577620172111,93.70164648135697
98.60801181451383,98.2794085423305
90.4043723073281,89.6094829684483
93.03182711421654,92.7964734950336
77.67902984968578,76.00151244215701
111.93875721478722,110.45386423806686
108.90269788077711,108.20126191254641
86.6219553492608,85.93243658259293
84.66588036615335,84.20121426446654
112.57160494363823,111.4975726116096
83.89580098264263,83.4545185736648
75.59530611955279,72.0084951057888
113.69894282365712,112.96414247768563
82.95897767025087,82.70918609625812
109.43397051269879,108.91165747037415
101.46346387228893,100.96829459013586
81.9130354276196,78.8344779538093
106.96292866188541,106.62552883457958
99.6360554693565,99.2369256318451
102.34346295420539,102.15649856144047
68.94870544217085,66.075545639163
86.61876807658501,86.20297133298993
80.51344217700321,79.81055436017935
87.76915629854435,87.47815979160015
100.94512095814741,100.68198602130494
105.62450484667423,105.28843527359147
81.49865474885056,81.00781126559592
86.5806387731817,83.63934852254563
93.29386315125805,92.44292766220117
83.95290015334764,82.5012398592633
97.8670764703947,97.54973441565072
130.5388812239382,128.5381094933755
107.07639740999825,106.91953403866201
96.69914651247977,96.54300385963863
98.63324048758362,97.05653617754194
83.91834536085071,83.46358585781567
94.5757217067679,94.2842282013456
99.86975160795674,99.7617592621818
98.90951158344478,98.75939645017091
96.18180167788665,95.9222846806639
101.1520375662702,101.04414863041376
98.91928950371593,98.4523211215613
94.23870380498333,94.08475172993109
98.06189349172082,97.8497279936948
81.89619440348028,80.67023219751927
92.0521883469168,91.79608579770243
114.97931290035805,114.1186087421423
90.92671801326031,90.80779769261926
99.76505647160144,99.58257732803463
89.91701191958771,89.19392419078878
87.67860912824841,87.29784170613857
103.7736421986859,103.12197123268191
110.28788434209736,109.53089512892119
98.40324983835782,98.1745277262103
93.0169259556419,92.25398026491669
105.41509294131414,105.09361929611241
107.58352505263805,106.43173054076136
83.3296907790254,81.87310741384964
95.05731426238555,94.34297546874336
106.99851477788135,106.83936785394324
107.80696219060897,107.44978813934831
95.76611666916229,95.56532522883666
98.7655137089935,98.5757300447608
112.75252003601632,111.38803264103396
75.6448787327858,74.61898995539121
80.79871793361595,79.733066918267
93.77442789813594,93.52327752982714
91.1368522839923,90.89809321290294
95.986536203716,95.65121488772003
108.47593542809349,107.89721355806384
85.15992924219478,84.09345423981469
91.98625847995237,91.60639892453067
87.8467402789621,87.61241021068396
101.22669806052622,100.91315362485327
100.78819569008539,100.6451540435555
97.57658865854897,97.30890220187223
83.01632112942644,82.68430823744963
100.19885723936278,99.70369134995347
115.82176643442996,115.00736018457387
88.32388302669037,87.18731925844456
97.3910530588422,96.90995540670131
93.68692848448823,92.71165097541905
102.6473145469559,102.48870056352823
107.02128716206339,106.78949381505413
110.57831781767032,109.97754467454168
88.76574860203124,87.73278819793333
89.25578771230676,87.65318309000891
89.648749689912,87.97123852972611
95.7716751691203,95.64852348803562
95.47001669843051,95.07502046401305
88.98091783291913,88.5156109910483
80.85308676393927,80.00463579901627
96.78408352064038,96.67784301529629
90.68923627190654,90.12759701082756
89.1450779961381,88.8826282358715
90.14244190461397,89.99727185363093
90.80998635213727,90.41178100990601
88.48562663654367,87.70138117826652
96.88362929836508,96.5505035180637
102.7049622019259,102.06181065146365
76.24938339138103,75.0082552243655
92.12207120730956,91.57142025762305
87.6179219534093,87.14540156824869
104.34496455305822,102.70590775072921
72.96405416504268,71.09904804545177
91.75182270748513,91.48623827201264
108.85881369961812,108.56286168114997
107.81442516479196,107.1186952967251
79.58530093030554,78.55053869511693
84.32007914075866,83.92550905153232
134.64349472341235,131.66955818401922
99.70714441755594,99.43884159083994
96.514583492737,95.62351893946042
77.97653328824013,77.20439211949069
96.81442481007747,96.5764761201884
90.34127399635541,89.82102063133583
74.92580325847625,72.26947747229923
93.77036116872449,93.55009824405874
107.23596187828518,106.65353910250055
86.71375554698183,86.22912087964121
94.20068960175266,93.89683407435611
94.46991000020456,94.19861166976271
92.49437484587361,91.90707153816851
105.62522622103533,104.33155585474677
90.70513588010235,90.1585154231359
93.13814483012612,91.68096252050739
88.37472459956929,88.10718345829808
104.34209461145703,104.03886753651727
103.98504992443755,103.37622408201288
117.52556151867327,117.18082871294237
94.07175661633646,93.82009885351594
84.2688226709122,83.89752090173938
109.9503656992634,109.52871543481203
124.96184274222018,124.22193366815173
103.09168024104422,102.89398306856387
85.89419949371194,85.10313038294198
100.09969171199425,99.92923405547609
96.59258471840411,95.61398668036388
100.6903655970259,100.15775513699634
89.13424042812319,88.63794923543591
114.2628268345836,113.90184770411187
89.01996382070729,88.08155255952309
93.29219345849562,92.47120764678222
97.18065193315755,96.10858040953534
81.82705457659716,80.4775896504027
85.48228805388958,83.91757764055325
92.19953771067458,91.8763825791883
94.0343005944883,93.48697635401042
84.82428731116012,84.35949949162921
91.55287160051773,90.22130887151904
86.37052693095943,85.96034334618385
76.9715935687601,74.3675372317686
84.44549136312797,83.85913630592509
94.8866596811585,94.27582120966572
87.82212410281917,87.11538610173471
91.18819434655944,90.20611895863897
82.04295014495845,81.41065275749878
93.97085261663544,93.65836782484624
80.91902638294589,80.2639598467817
98.35269070738278,97.42963389668483
105.6544911909294,105.29010847573683
88.8810637790571,88.55908614835474
84.73433327280998,83.79252032178192
113.30211806230234,111.94002956728347
90.95565559120104,90.345473068477
97.11330274198423,96.19436971091234
80.06347252880731,78.89537048411097
96.6494991000508,96.35420192850918
92.3404909764498,91.79918725611518
100.80416931304413,100.5200141650805
83.54928425127623,82.92737803754906
87.58973553346421,85.82589812418519
86.44943839642713,85.30370309403602
89.16711713625762,88.7688663068974
101.05035625651637,100.69197286395726
98.28402602776922,98.08701594915061
96.30159729458117,96.22644063804539
90.3470032828627,89.70765279811684
125.33332049017515,124.28643709576716
99.05222402648002,98.80431293355333
96.44525435675055,95.31768141312943
87.60596094211236,86.36596128304265
110.57387224470625,109.98771114865289
105.30322105053673,104.89843230047582
83.29863640221747,82.96626035665963
90.93552434899729,89.93479583793649
88.4882050558636,87.65446228715815
86.32798971864247,85.82215202986052
95.96022835877407,95.07458085957043
84.39870989296443,83.92557621327953
91.34730510470133,90.88702197433429
88.71313695939331,87.77810745526112
118.62974273902044,117.76067751944268
96.7167527177479,96.52516688267117
109.209027722057,108.10789565933335
91.20719381264053,90.47635678567696
100.9395588809472,100.8564993783344
101.87202823849165,101.37990253103484
93.98196870513138,93.28067270745701
89.14871989683141,88.46324419866757
92.00698497731611,91.52753786872624
105.367803543721,104.75340180599167
117.28043701518432,116.28302872637983
78.12952549757843,77.4201032774892
101.82133396430794,101.37193292864664
112.23944534307901,112.0088192343589
91.47655139149532,91.23580790273328
109.8497389367765,109.29649555682305
105.75947381606892,105.18605401100109
93.29900240895607,93.05962132237025
90.51650842040961,89.81179892250555
96.9740187769684,96.63607084221344
97.00958830025621,96.82226036741474
98.75281871122264,98.45967875196601
104.14724242727365,103.93931442735918
85.92717142524704,84.9752367349484
101.89625705013387,101.33443071994944
72.41940980594156,71.01332038589919
91.45227613758748,90.45920775400879
90.80244728201409,90.63145788334515
77.12818463164643,75.70060707325605
78.00180089579439,76.61390004166765
130.94760657763277,128.45820729695924
85.87008155667661,85.45555243348095
87.87060082007379,87.1382928465207
102.12301156033425,101.81627997097236
88.14448276227496,87.8627657568975
95.95585877566633,95.61961517806678
81.47240135624054,80.53988368261989
94.22054160062704,93.99617182062572
118.65147044780265,118.00751895735243
83.5506590532825,81.55694155416523
101.2864683371789,101.13929941644865
106.43490181754045,105.97087116296765
106.19806445759974,105.71486739094377
88.77340201228088,88.55616410819299
92.56510716489063,90.93330465675818
80.53250950811457,79.82244113941469
79.0730791976003,77.26016530790551
89.52556811111245,89.3837279106707
106.89951992367683,106.55857433633605
88.43693848120296,86.49017297851238
96.73357287061559,95.15989763851493
102.27845397016006,101.81163166253472
107.6518906204614,107.32546729061526
84.19336718449847,83.27991807041977
99.45270034094067,99.3529860088911
105.46734082825468,104.59653533917931
92.37264301954819,90.34000830745464
95.36607643010402,95.1455570109191
124.94105149517075,123.47133491902065
103.58604413852983,103.01427797074055
83.07196747018382,80.97019899477867
92.65390076577609,92.20489111080121
87.39060963086423,86.51346468646966
82.2748461879748,81.06841986430169
92.93050931956748,91.65046614829751
98.95371448906086,98.70608475226156
91.05403609506062,90.61588543616573
86.42536709422005,86.20816578597409
124.31730040112261,121.01965680344397
118.35624726808628,117.1081982235298
100.17370700839783,99.37083081595674
113.92567093528935,113.58866242700452
102.63390429171717,101.86042908996346
88.28564888887513,87.61098005293717
99.42773245668315,98.50910989754883
80.50262030052954,79.48681514445312
92.49464530756845,91.59274979291325
104.93379392088609,104.29826466767683
84.64042955581894,82.61333603248379
97.47518342531097,96.45910080394167
104.25053748641999,103.8793501771935
90.72882534558407,90.29445601398561
89.50232557465675,88.91450041001218
77.30753305042818,75.82271852202457
118.99249960478224,118.13519378064062
87.33916434548455,86.72230621351143
104.32927427035347,103.83863783011785
77.43010905158613,75.46411819577727
85.04728472504723,84.09365844040819
106.69752060973872,105.94094624093258
94.25006397240217,93.71853907726636
116.51228696086115,115.93756772096643
89.93501853126983,89.59482902489529
84.20934727700251,83.08422211669073
105.52019995599065,104.7955134858
87.76398182976385,87.3650404149083
93.60234732060616,93.45544403761178
106.11411883223724,105.15163451978239
85.81660709909065,84.44817641897825
87.41202737639242,87.11577197124323
104.90341292060555,103.79539193576713
124.56047231311959,122.83497426591083
93.61775654292906,93.38098802204458
101.94923060184125,100.66022353428109
110.54615730082887,109.60323477232036
103.9743656437568,103.69204260044536
82.5580301476429,82.21070765465511
79.4626703211089,78.65685846983408
86.43945314147885,85.73164993911524
88.42934925579266,88.2204544453397
109.36204866680347,108.70995686080877
97.62556599933838,97.26993819628962
88.19935122277795,87.27791705042843
114.07677603793569,113.28110852572622
117.69549329120998,117.01088828382257
96.73935355086219,96.32208475156942
95.3846676575364,93.50324265028232
110.64047360567915,109.89538971125897
83.80881859748132,82.91548886137139
98.5091664319601,97.69280732675942
110.6710697185431,110.27465786649778
103.75669981760242,103.4067374419743
116.51687020472382,116.1345632590535
78.2231404183102,77.37753604320625
88.56646121777021,88.17826285819439
109.37650225146797,109.06295807939665
87.9647502569897,87.23049339461242
89.65353891929686,89.11882621016731
97.1482806197199,96.27554594391643
105.91226394733195,105.61102239328736
93.24191008868407,93.03474933484289
109.45885737257258,108.81817400757554
106.79732076768312,105.83400669749781
99.25287937346918,98.8952098595684
103.95183359475003,103.44632767776154
74.27717680546863,70.76989988770173
91.23193855087679,90.87715547004719
107.14766890141532,106.70358240554734
110.53568109451344,110.29236851681696
86.07178817839934,85.34611796948303
86.89570746718957,86.12125932207567
92.57263892938043,91.74000906071028
95.27669175290939,94.8148242225141
94.9298403870545,94.7424030751931
102.31047248713976,101.30643740797676
96.24350107651567,95.82329650856816
102.60904471152605,102.30914756115263
106.76484093569806,106.51285222363053
110.8618847053423,110.44619031048023
98.18484599002859,97.66681801365819
113.61467235331915,113.22919263818002
112.72808063749743,112.43828993544656
87.9478400766419,87.54360551919834
92.12451935080031,91.99385200747085
94.64227270271068,94.40064467228314
86.90341531975955,86.04900749049567
105.49195928742651,105.25645227778264
106.76619883366968,106.36777281209714
79.61241901775713,78.94069615630167
96.50916296326741,96.24213387873179
102.58138158243223,102.10031128125704
87.86995743103328,87.40223850524517
95.33648487624963,94.03903473443988
99.8509778928616,99.53206791400879
71.94227224587436,70.43877009059939
81.09636381396294,78.71288286772817
98.43294308710482,97.36553780641677
84.98827436166553,84.6071608151799
97.05635553139855,96.61649830389496
89.77476340063353,88.54254820802944
114.39677563213785,113.08289558482221
98.93776491138924,98.43274446979689
82.60149750258954,82.02502781175892
84.10754640552081,83.09264935610032
84.80767991985273,83.36143741691349
113.13651203188323,112.48827273164906
103.64304837279946,102.7923468957113
82.87200254391955,81.43038598530852
89.72293108489728,89.56232960601972
102.23717401475295,101.1703818344625
81.64076890034788,80.49200567809476
95.81937737611958,95.32224226486943
106.4755367161943,106.02103540694894
119.6681540897022,118.62388894573202
89.18136165708673,88.64041658650028
104.49608100520844,104.33932351119437
125.33044542372632,123.65603417735802
85.63775167098034,84.94686514592797
119.70036386256561,119.02568643840912
112.37709119708842,112.04295736444301
105.27444949969983,104.34569596640472
71.6998046789242,70.064035283053
119.62677323128051,118.38794567656763
99.80170022658851,99.61282949174543
88.48793761636132,87.69142139278365
89.15555591928522,87.46400324010965
99.43220834440544,99.29999632655222
106.5321412817795,105.94384321356694
100.58510576842086,100.23752289759693
83.10868490381452,80.88834374013246
93.94491746119938,93.63875775666794
75.68692784125177,74.78111712074278
89.15857527273738,88.29660178421972
82.94128171269229,82.58809834801828
88.47552040301997,88.07384449789897
117.86713705290478,117.04595415362726
94.39269742252081,94.21389405190793
102.9971662757035,102.71540285407565
79.5889974209594,77.41403267868823
114.28689394543125,113.03114560391232
80.17115443127163,78.48789372424287
109.9131883697652,109.65702472312921
95.43594857633595,95.05823518517185
92.9545803814146,92.42893169809244
88.13644489241616,87.6513140961057
87.2339208983028,86.81958112579161
87.16619421602898,86.80122183771994
96.20353121139748,95.52024650761942
116.02769928570588,114.79257828341424
85.20191933320062,84.60823675849555
110.15413700107,109.92753551687375
85.08233762994527,84.34841825724062
97.20123739444695,96.75447667967954
98.53001768091679,97.73990145675356
90.7908282617299,90.59511285078756
99.19209082287357,97.87894684669344
74.56669217020735,72.14758126804792
91.49979416472351,91.28378751819751
95.44440005746513,95.2606310148363
88.3639073398488,88.06293133375169
87.71400000560878,87.50533946854264
90.52825781336965,89.81475115466837
111.46797843744582,110.83903311827332
103.57551234269232,102.9531291022057
106.49868584147445,106.17116557812564
85.13415007613408,84.93326933061743
109.73794169154372,109.46006128648848
95.67345224104493,95.36262546283096
85.37714095608546,83.99218720921652
100.86287948478092,100.17715828267129
101.49306870485526,100.84856634450455
108.35466691124107,107.40224401074656
105.95163160799457,105.73411107583202
129.48353171822524,127.07244804221071
88.49768448073532,88.31464512930857
114.33673902760543,113.74112131069293
109.26844868185104,108.81375134621746
112.84914913298688,111.42200371220817
86.8947523134736,86.51286690128893
123.7781521256673,122.59483053475658
92.01063948886342,91.37072452802236
88.65617252489834,88.08505589726761
96.8136402595779,96.63819960377258
77.99337011505936,77.20554545191645
92.9109562235112,92.20201987848019
74.95143940477026,72.89564571935107
101.10725078216149,100.78372116888342
78.7882541129869,76.17068793038867
98.16076165481476,97.8714751731681
98.1541623584786,97.82916623871735
103.29647565708932,102.90604438353311
94.59186842257148,94.36143608022893
109.08104897517012,108.5622593572543
94.21119377300084,93.78334200885119
112.69175631666623,112.1230525527083
83.99369419533622,83.15425572668566
84.62216277369949,84.1892848807272
79.77058159328006,78.76720074479931
84.97159847298421,84.2133459223043
87.67044717699439,87.0298222011568
90.46627681465357,89.38707700017103
121.41272425909048,119.64679726488545
91.08974401937687,90.03130267368613
86.57896631030619,85.89512170109833
100.21093142368669,99.99902094013589
111.86647232435917,111.65035212304595
97.9781293423459,97.82662930987789
80.487440591433,79.35963755409988
90.53889935724628,90.32326266961661
101.00782908107927,100.8443289877696
109.0662274726466,108.39552067137369
101.80430882042066,101.5758887939244
98.39033373145011,98.11252698722161
113.8519830213538,113.4296739144099
79.94834918669382,76.85743509311618
96.98363292181124,96.78242077284735
108.52386143193684,108.19685922488372
90.08791501637131,89.58731686298387
77.96126463796679,77.30094184966023
122.5045545837288,120.83917952357115
107.57753977128701,106.16317804415432
94.29197953793158,93.95489087236787
88.26747750683212,87.67819752798688
113.71051484159787,113.31032643496107
65.90214743191653,63.805335947327755
92.63000878795935,92.33061612848022
86.96772252445548,85.90623368723497
106.35359924171169,106.00464561605625
124.05448345760384,122.85323388022275
82.01955310900539,80.86834959326508
85.11827450355675,84.07564893685954
81.75221498100693,80.67387621255605
80.46295453378433,78.96281498737595
101.28267562680936,101.10377757509487
99.86538378367145,99.70912799349065
100.45008952936814,100.25230104047824
91.26970782492535,90.84511953188652
107.5741859609985,107.34060535230883
89.36508182645696,89.23287266391634
98.30310403206198,98.15690461931631
97.05781107855422,96.86477653770636
100.19137201796003,97.65338516186986
148.2608142221433,145.14324109506273
97.22531863922387,96.98607037570305
83.90333151334711,81.96587933569324
104.37323141890712,103.98882235677455
93.71546450908565,93.15526399375084
98.67151593648246,98.24167039314985
97.23469874377766,95.9115912717011
103.49650946754946,102.41691021912149
96.43238629382066,95.97044400099944
121.1949257783668,120.52204103760502
101.29311894276285,101.10928363149782
93.84220724457695,93.53247315347136
101.68004244802236,101.52101532200919
116.18010608187888,115.156862947815
81.24807001301275,80.49915711664666
87.4301127794108,85.57179192011306
101.75495560840103,100.99133084276107
101.43833676683472,101.209945526794
115.88282368294846,115.47838022529548
88.91739960359854,88.67750610326668
109.2541503030328,109.13519091313631
68.10170754992569,66.45042401181472
74.22350876948948,72.48001438542175
91.11713595029931,90.43247954233938
96.13790478215094,95.87192632430765
92.81963909206961,92.08231244141948
100.68897650096088,100.29087806456941
92.4756479410347,92.14537044957348
81.71257902950408,77.87407968620217
79.74210163052886,77.9516916615649
100.00387703010864,99.69923178435452
93.48762963188852,93.30831797401636
85.23655111192816,84.63210589530138
93.42660601525444,92.94105148013325
101.88739050057879,101.74508847976927
88.71750274556052,87.7090142814431
93.34827542574631,92.94567090297919
94.88323222514738,91.05953883031655
82.28490167305955,80.93612718333489
83.1821471605718,82.17973812225038
104.06046902747424,103.1951796515837
108.6115554797112,107.4250724254459
105.18271193182784,104.60547094433214
89.09466099831839,88.59758986117751
88.00658880530347,86.69298136450894
85.54041361116998,85.03226053331463
114.01659205724661,113.44387038826473
80.90621370857296,79.8077209359252
91.90611682036831,91.60389176507037
91.28766964226162,90.73533751310919
85.55931661334982,83.70873180844902
90.86588563674071,90.39454565627503
98.48865294597746,97.81552576710604
88.91395553808823,88.27275329453131
105.94590382798292,105.63481494011334
98.56664415461209,98.36902828434808
104.02546054387457,103.0063293082666
107.95649761430633,107.66001151675978
87.03142868987295,86.59125758053152
88.23994430409901,87.59226005875588
95.45531158559972,93.43563646348254
109.35886440361212,109.13959423700676
102.14796877710405,101.99239685463475
101.8564357903635,101.12328275698947
108.35718967358261,107.09137702710166
91.54568351186563,90.49381903038774
81.45032937877906,81.04017970334417
119.32964203819678,118.68728133133529
88.84459317421368,87.4159057313223
104.57439680618563,104.08515956125146
91.98887454098485,91.61712449251348
88.11157940062257,87.72198830512424
99.48535183375253,98.63780797051167
96.45217118297816,96.12406387459185
79.36731524485486,77.47972408982749
95.55563889439742,95.3831286498334
84.18906031203774,83.832994478901
79.33183748673402,77.951163151427
97.73850812915147,97.60883367925875
111.88900725572603,111.05727885538582
113.43534782224411,113.07360288227774
93.78510137143289,92.87083069031115
87.1761737650806,86.98858576639651
103.26481784723455,103.102079301726
111.27611201789063,111.04965173311578
92.33722260615141,91.82727576995106
126.28588859991007,124.05990229701092
113.50142937826774,112.9258725220403
107.37191804865563,107.24343117643589
82.01724474246483,80.47182755098584
84.10585348070968,83.29507908885537
95.07325302934385,94.65313592326204
87.7298369895688,87.44552445550627
105.44051741954507,104.85642867044538
73.55202205959804,71.04389383421791
81.6433691826568,80.7437687408983
86.60320206327735,86.19553789928678
87.71605196231427,87.0291748181572
86.186828876447,84.8861395695571
87.39799265851356,87.04249166205109
104.80713109088934,104.53252589012571
107.5276308162727,107.1671894337673
90.6559248563053,90.14003641939883
85.89952027380713,84.77739247229431
112.21859979715533,111.62069697933421
96.69576177255801,96.54918257019374
88.8727125465209,86.93649994081399
96.28999430301407,96.15369535757424
81.62075340730773,80.6721620132408
91.46699438018837,90.8930352480002
101.5142861585169,101.22552541408832
80.73309091821945,78.73476182529673
114.31483311242282,112.41656362675882
88.91169104679902,88.54579572730471
84.25195520042428,80.00150744502952
100.26326968679537,99.56235861070951
120.21349562183534,119.16636420158787
87.52937017763146,86.62175126699233
90.04939605823813,89.54430231026939
87.77452199422969,87.66072889518207
107.39913352418728,106.74981521323681
93.1068416198417,92.79275769413758
86.82810220080027,86.35892015693688
109.98159073202528,109.36995642045295
100.25714321913591,98.86336648804179
110.53765266817136,110.0282398274831
113.12079986904416,111.0761705406714
109.6688421690642,109.17110790228654
96.54609400114033,95.73690766765185
90.42988219307031,88.90056168827529
116.2121022122293,115.67846269807826
80.0082819591742,79.58976448050389
110.54065993744332,109.78672662660342
83.47428589004886,82.53349087875054
106.14928797721454,105.48791440477505
104.03735847077917,103.40365553069647
93.89038491116622,93.38422018138591
93.24536672183046,92.68671659603261
102.00253703558901,101.66802034504403
121.02033290975112,119.64866946797828
99.96375011363429,99.7392348554749
94.30096602290783,94.02879810468214
97.99021824718233,97.83917641108617
120.12205069496356,118.61954977550477
108.02139752088956,107.2870479719469
117.24235638626132,116.70337328027057
113.1969331832279,112.61141642819193
94.51649417191449,94.31221215171351
87.62977011682018,86.35405319995958
106.01255827317246,104.4728388443308
113.94807597914331,112.581914130146
103.72997514167795,103.32493906353356
87.7915342382758,87.47513317470157
101.36879777806824,100.95195146670329
90.24567289599548,89.0917269397637
110.03655322752061,109.85476567850623
103.83724747743877,103.55081049781965
103.71968474389776,103.323207252588
101.5199274338663,101.18915398680173
93.78684186143708,93.50738991053618
96.97245107670513,96.88536080190839
101.81628156408618,101.08245761811298
89.46584688359115,89.31095932797233
76.60563442091626,75.37263746770044
94.09344863387145,93.28688016836621
77.31863226989715,75.46697657217503
91.89930396794978,91.69535302857305
113.43634121507273,112.62464330491757
119.36709405793528,118.01835326601325
79.04717484361282,77.54492013470754
80.3673170931713,78.41612035604732
108.38098619545028,107.54370760441368
97.98205759336489,97.90555457905371
118.37855964330737,117.38045728306714
95.01169111220555,94.65331767049123
92.00799979418922,91.87418223240927
95.74133366302459,95.38667247601519
101.27591299400314,101.21333444154153
107.32154875512178,106.77500545565609
118.41778488918783,117.03446384136771
108.50065227882648,107.81916658809862
88.50458236407083,88.18751340349874
90.79046069245668,90.38404168041802
84.65827522711771,82.60232589436355
88.52152195408812,87.86713187937954
71.5680643835762,70.48496847998156
90.18050957766629,89.13659782789449
108.13902053739659,106.91862201984262
101.73046744082019,101.14917732871184
96.8133153194322,96.30427274884379
117.14564068996077,116.39457365820697
104.14066355768031,102.54860044506367
86.08223901866464,84.76029187458474
79.95231132012319,79.24620531563434
88.39980076856381,87.39372247985938
81.10223763603594,80.38320458236795
85.68672079477017,85.20331400935218
98.13196902615873,97.5911518992568
111.21226849630646,109.75923519438919
117.47478907882729,115.2599781548393
88.33069649250909,87.55211589635645
100.27708711082751,99.92605345374653
110.18902311035953,109.48226730651554
93.88130292735677,93.71706909386747
84.59092638730057,83.7115765023977
92.33495948550907,91.75336083579212
123.96561919551654,122.73332400329349
84.57658635894228,82.75292930474527
78.91448950109093,77.53837175843691
110.00819509277362,109.59971564752185
109.6217803156061,109.47736926782517
86.15086000404972,84.5201530081744
106.3214451512809,105.98356929867816
87.1281806028283,86.825121377641
87.2190777879223,86.47031448375961
96.91646762919008,96.13191020052986
99.62441049467317,99.45242573176066
91.63209137457417,91.24767363100081
83.36048452601369,82.47173243799692
87.7965941353313,87.22944015828952
95.2604066776855,95.05670089086581
90.66100160890295,89.90746202459458
106.8486909209051,106.55745612457882
95.72426394278675,95.30531805808887
109.18212582782002,108.85439466146758
94.0721489308794,93.50029744425413
97.3429319149309,96.83734391686478
96.74468042144633,96.53304630329974
81.31813340839744,80.05716297144558
121.42844639446314,120.92758998191995
97.51103975134575,97.02987078317534
96.50540216049279,96.27050202415754
83.01161781787134,82.10369456527545
98.19395687977605,97.71481505440104
79.91941480246216,78.94303682343764
77.77032900602629,77.01756772342964
106.59908471912111,106.22248219017705
100.50435176001011,100.24417322505039
81.27014265130724,79.48655206362854
106.25228732564639,105.64664545186763
85.957762925335,83.26941758935028
86.31801861966004,84.16818036363074
103.54239687971398,102.96820374055311
93.13772967227823,92.9667298718365
105.17607873306932,103.60075510313807
100.53931541487542,100.29691570871512
93.30893513829524,92.86108503516576
102.84632908744854,102.61739668074495
81.00426254321273,80.49935295224519
86.28980594687145,84.79902532245801
100.93255345030296,100.44737660586831
98.58342281479926,98.48465041829586
89.7008174119818,89.33850553487144
103.4201753386401,103.21546859978535
106.04099965211319,105.86403469144344
98.47120106373964,98.01068951532089
88.1915426360819,88.05135335503009
87.82247290074923,87.03774978424443
99.76973506986889,99.46721010110903
124.4935998355125,123.80996250715523
97.47435891428997,97.20918398159863
79.28825638498925,77.75643966505706
114.39495159460361,113.35561026304471
79.98984320878156,78.82419911066756
93.0261374241321,92.63887686562047
89.61046829290153,88.74121159473565
92.74273976307072,92.45857554638211
98.25221769413375,97.75095992563288
96.81405470201327,96.58114393110922
89.55042778288168,88.65411132902913
109.75908339502907,109.1350089319589
84.47951543310889,83.26171880050852
100.23095651628701,99.63253033557716
98.36317926672213,98.2559284211604
72.8880270241577,71.51045992982995
100.60798721548171,100.30839979710716
95.80784979749974,95.408055403664
91.76397949199958,91.6290309816356
96.34840427269256,96.01154634409366
113.70293148860834,112.94391556524012
87.98639728497996,87.22816903201172
88.13394822729228,87.67869567506297
116.44252389156178,115.88185190045623
86.02937413549,85.55845725654947
97.71890934816888,97.43998599503693
91.83246962557156,91.49504294122792
122.31410584276293,120.55003984442628
96.73249635780567,96.52702402809393
80.67548064853202,80.26515203556731
83.28519540124825,82.52440543401235
94.52615498273312,94.16791128315165
82.82053226728905,82.33091674314727
87.35002969857953,86.68539880909324
96.3593471109859,96.14100700754426
98.73983437945239,97.80785365769613
81.03260066355092,78.79243871801333
91.4219396464101,91.10282466772607
108.43208179547233,107.89724577736281
87.09676319638064,85.34000272940925
93.74611605959275,93.42510907173063
123.80686327247432,122.93077176396272
88.24153699221527,86.46724923619226
91.66281479381854,91.44342498494802
86.06547087577188,84.22505502846303
116.8988185699223,116.24242797679888
94.72140256215434,94.41777647929717
97.10310260781016,96.7195434192263
93.09470978544368,92.39151020312387
87.00194143899073,86.64144608003497
83.50149752678442,82.96903267229362
93.5823134495112,93.28735192380739
89.34499955930517,88.82992026380887
92.84768771931344,92.58150457242924
83.27263206106609,81.2155269644047
103.69150781073365,102.79154661896389
91.57498623491696,90.97707159515976
81.31168753217052,80.21453517227128
103.26698434308182,103.08725337022162
93.51866858981856,93.3192335446114
100.86552815644409,100.52455020558938
82.24682540000558,81.1378869697812
101.32203127821263,100.80211605760262
93.71304973614875,93.61731557961004
111.3608419703433,110.69170068641661
83.64174645191093,82.51047024027609
90.89255981976241,89.51538559573106
99.14256007816039,98.83781157278231
107.91763393683877,107.65397081241741
97.53138220398635,97.31006467990136
104.46706901225205,104.16200187876376
71.30151774704014,68.34305355912002
88.93507946604024,88.58625484932452
89.07132602915637,88.63013548724524
98.29943944331677,97.83209283991805
88.47654348630991,88.00077491548772
99.19883689952448,98.70017365978312
88.24429810350237,86.80967358066303
99.03808016092945,98.39294843051562
81.1817287503596,79.22390116746662
88.17855721555766,87.75216604748964
80.67535996223424,80.05864789369315
118.20593304392123,115.65324281613115
98.76744157621496,98.13135651542486
130.59063808158163,127.71092808089085
76.84116133127955,75.62072309897613
109.79811910862489,109.0563182914841
77.41418811414376,75.7658559620612
91.41080229478537,90.84292294123226
90.18805249327272,89.24617921883393
79.82641402133487,79.05592123445572
106.21047227323723,105.66269977431513
90.41354935327622,89.73390782048212
113.29520670834259,113.09892682546872
97.18445632961395,96.49521694105778
94.11113266142928,93.287479305637
76.6724750054771,76.10282844243669
77.93599879244807,76.363113657563
86.36523758282746,85.48330910098683
105.70989689870711,104.17989813089278
118.25599873589573,117.8517971042038
97.71683344955494,97.55007210274009
88.79497189955924,88.44627577991268
82.08684797728029,81.24073976828927
82.73329374982558,81.89420323133479
107.25085830208934,106.90127014238259
102.23180655099127,102.0177258726205
81.33708457533781,79.58084950181345
107.83485936688919,107.35767319283005
84.33145614012754,82.88977983836769
89.152494035321,88.72688712728007
109.83634116722438,109.4922447617505
109.48103780871008,109.16760437393332
107.58486361421559,107.07625141069671
102.21703236681493,101.77055620122115
69.68564586196638,67.90388508422723
92.61535768850457,92.16593134344876
107.18759468352867,106.6186039682082
98.5656192447752,98.23793455825157
87.98516230923359,86.96296809430898
85.34948547098037,84.7199417221161
115.2090115653985,114.84916211298955
102.38507505922584,102.12110283484019
111.69343786676477,110.93241648580712
91.25578403629186,90.89620950584897
94.29203449177439,93.93446096913532
82.05989044910814,81.51864031999035
81.79625677210166,79.92557581741394
97.93249512515746,97.60820598663739
105.79602466363919,105.3601348885077
82.85812124426582,82.21284143206161
87.92566289723639,86.9251299220626
85.38908355778354,84.7918219432184
110.49033004813518,109.95973621054159
86.37910095146206,85.96280678831035
92.32272061713131,91.99544692988347
93.27227475971402,92.7302105570621
108.96732332799839,108.5038369059098
106.69298614317351,106.46260590389271
113.71650456942345,112.12554338265772
81.69096029640042,79.95290685910979
114.47303014005442,113.9532230862641
90.48970241288795,90.08913864438156
80.8181111155676,78.71747563441531
107.19608617909059,106.6744627746757
91.21411671250382,90.59299226865136
103.82043770210899,103.14481803258418
97.899094100762,97.78102774718657
84.50341463647469,83.90600480233428
63.85415917854787,60.62577341634945
104.66497544197476,104.46954559829165
126.61618268545531,125.42794006686823
89.73836443539324,89.30479778216917
118.27015114774974,116.44123456892306
94.24839284435386,93.74462543377042
88.57766387715837,88.03833312692431
114.16105080059374,113.38026877245555
95.2503147624032,94.23749761258989
93.33177408662863,92.28790228153305
103.5710214910979,103.30853164075742
93.47991937687361,92.99335746658339
82.01097858030612,80.29547490587218
89.13566738751919,88.61787830170074
115.25038779983652,114.55593838435384
102.19610464665071,102.06331165096185
71.13185963425065,69.93244920094399
78.84797460678111,77.86552409043344
119.96178297364031,119.19714698233437
100.01376929995989,99.84204738847194
132.54218029353913,131.51497929091
93.4822946420797,92.81620347391483
93.15387176900217,92.78897039818227
121.62779207177054,120.46577418303002
93.74908160637817,93.42400089844409
98.19207016232518,97.05765579987722
91.6141208738977,90.65051675472853
81.25280067819614,80.24618786756427
85.84629305669837,85.09008694846399
74.94513893838051,71.2560615574844
93.7225328476277,93.28687604446893
94.28553144362769,93.55852999471063
113.95498943373042,112.88601146584047
108.57013693713934,108.2530419702879
109.80299751066987,109.3127447752037
90.7477740881551,90.43104658041042
80.7336018745206,79.27717572230262
113.41116395785683,113.14738175632738
85.73982961319177,85.37460320944925
128.2911255850738,125.50018762532096
114.3349235779421,113.34660826288206
104.04281355431732,103.5297376733622
97.47839760418731,96.9061040935823
98.43634404749945,97.9398261659661
94.33008210635802,93.85249559518292
88.69942804823275,88.1101965547093
80.21055747009049,77.68086254567287
82.14063255920713,81.83181643047433
109.10758884614688,108.16562754077786
91.18703473503194,90.14215127951246
109.03392085107724,107.71072861076986
114.20368582450155,112.68356690637589
79.72456161385526,78.36511150157591
106.38163352993719,106.04005467781303
99.67197843710606,99.4691638624757
103.4421901890849,103.09188531008061
79.75409484820132,78.4394771912907
103.78996061460661,103.4452092359151
94.16970727238652,93.79329422688215
81.92386174083376,81.40605752777488
106.82894593104128,106.53981177236064
99.17125381094294,98.97485224192789
116.83430404450098,115.65080631088156
105.76492337492158,105.65192583264029
102.19000441566442,101.93538891836398
91.77021278991968,91.49997297798743
108.7486755840282,108.13151223781902
98.23607117574164,97.97347138863707
92.05083629865335,91.78169520517598
101.16537381658799,101.0460005373749
84.53654577082243,82.5013373515622
107.63899190928163,107.22674448317058
93.69289746569798,92.80757715670987
94.78257576860695,94.42326729632528
91.59539475430411,91.48085294744747
93.82145110965597,92.30185090527391
84.60183525901472,83.46785422563585
101.85111660216293,101.49281347998786
74.930895087286,74.30986401537756
82.5982029747787,81.30229909369447
89.41234335566364,87.76325744107328
108.6265569473269,108.17155360285294
91.1553968559376,90.63681910574465
87.3569628408029,85.18200897085326
93.36636961813986,92.97625611298035
109.51123365552525,108.52502457222484
125.47470438476492,122.6969947397988
87.91699068046184,87.54084309227744
109.66189102717213,109.41825450300762
101.74845179458636,101.47822642785049
117.78103397765743,117.18190152417522
79.95093624961675,77.33231317427226
77.29778154683456,75.52140273818726
101.2191550384716,100.05252515601859
92.15118153342056,91.73710626368899
90.21238989142101,89.00448298438963
91.8373395362813,91.32645304088557
106.33167992729261,105.9064273067674
94.93915725314736,94.2480455922052
70.50617664735651,67.71362812036139
81.4192887390881,79.6330225141208
115.53878979341421,115.19083431971337
106.7666897253048,105.61933345288703
82.04137990104026,80.89366797211531
92.35047732978376,91.20236460930296
113.67241603209816,112.98385129181244
87.14850411317326,86.55821553465881
118.02142929426529,117.57487380737447
100.72751353660574,99.99848143830158
115.70906851147772,114.47543469827004
83.77011237711343,82.69459448966765
91.17854877514306,90.39649069082908
72.3104601342625,70.36404926518341
86.09776675181432,85.26282342322003
87.7564534833196,87.37524690921053
88.79337856672842,88.26262408533323
97.80870155613931,97.66118747253022
99.95574977184043,99.76295769677289
109.6361702142797,108.70145676196606
74.227886425174,71.48941249981239
89.18730261298892,87.88824992045659
97.09496199104082,96.87172547498531
74.37146326188805,73.34509278314246
101.06334570226554,100.88765193377402
86.38273377611547,85.76926438052269
105.26430367158562,104.98200204119938
86.03795709866237,84.74383263809882
85.20877621358046,84.4217062461637
85.59937045612763,85.04220076836171
111.95237679465697,111.1226935696636
97.24256910063677,96.09671270454737
106.87427259658924,106.59008326365472
106.54310960462043,106.2506595208228
118.92620302974741,117.71977468951346
95.28431507563162,94.75882406159087
84.58401819099394,84.22943020489599
88.49348432738627,87.9255559173995
78.47639690017638,77.68837744039233
106.40626841304142,106.1965942086556
72.07584850673828,69.98793414691585
94.15904694378973,93.25959874853245
82.60523516230573,81.41670103340793
98.02273738774386,97.609429842375
84.44541214944059,82.9194664179044
109.3003825779424,108.91778828446348
112.81734731724187,112.41729475812156
88.94148420744719,88.30359760873296
84.98466382945394,83.7592843805885
89.4390849478789,88.50399813331077
101.35887237733544,100.82297137887107
106.61954287922237,106.08287684528102
111.67474550188776,110.71041510403965
93.84087989426365,93.45706155321581
97.67199337869668,97.15334441224084
91.43144291567855,91.24950951826608
105.93235765332528,105.6686951658619
136.33608908437517,134.4945985923989
89.68923129314057,87.90016448475635
103.34617646445962,103.18518062950113
100.30522167912197,99.85057655249712
123.68171018685462,122.94148566206964
84.82913301845707,84.08118646882697
88.4683270446877,88.13838024640128
90.39733859726715,89.44067858421917
121.46668700574983,120.90199535418084
106.60581910713374,106.2754221319775
92.72865688664834,92.05246499753527
114.08774562994444,113.76680519284892
119.61575199234758,117.84975159880436
94.72171484569161,94.12304271286978
104.28914538381622,103.66843747547192
88.09720871560826,87.53430924114865
91.26177240112305,90.97733975075384
102.58554632975293,102.49220074952368
98.19933968332529,96.53385654795564
100.48484179728386,99.78471415932093
106.13377864641558,105.53090986035592
101.65562739444582,101.42785312535433
89.58353387430257,89.13778139452128
83.97321874524376,82.94188793925319
99.94396083169472,99.37780305187604
86.86558986976232,86.66206268237013
98.31693216955269,98.2031803719077
104.55369431395712,104.02957687602851
104.80407475608287,104.3166982667928
96.09775655634361,95.92941061418836
91.61620674568992,90.72341239910467
87.30074805542279,87.03117792318129
104.24558404476544,103.50016826820114
80.32536486833241,79.61925424038773
83.06941181615784,81.19526776790562
112.05255700892575,111.2883890556952
72.70950419851937,71.30970595556734
98.89270296441732,98.19202778888781
99.72940160697858,99.66165298533079
86.99955542570825,86.80819634252163
94.50567894488786,92.85388906752894
89.74934931391995,89.28560040312158
99.11127243700362,96.80300786792074
85.900106371481,85.17564605460764
111.71220930341187,111.20047968270869
112.02075053454709,111.44789150071709
103.10291062991143,102.36086272855464
109.05848173783343,108.76720387178521
83.7091621934907,83.04859150732031
106.92260354532331,106.6537335342667
114.54315317405616,112.83181680978613
73.89256501243275,71.23295165166411
118.73777254096322,118.37555913959739
88.89745091874308,88.38817958421768
81.98720932113775,80.93351437755999
87.46162019574955,86.0317348382227
119.24069101786581,118.74152898120474
101.18978669279362,100.64446539249423
93.93710089285025,92.34663810661077
90.9279641037578,89.54947318077912
75.71280872234935,74.22075601353298
88.5046386527864,87.83041100257262
88.76607706551904,88.30163157112986
103.10123629858323,102.75651347905702
87.15832026901488,86.77095743679385
103.47395863855478,103.30549596204483
93.12814789489452,92.70182133832182
84.1354791017415,83.20995594532494
103.45973883015867,103.03596012295465
107.42121518678705,106.94211833608344
112.48187588689962,111.86360011931916
91.81303131716875,90.88907711351463
88.9062970344556,88.72824495223445
93.62728480176514,93.32554272967555
123.90546525576742,122.75346115158506
92.86064855773625,92.10716784092202
78.48340474982675,77.01097415541062
85.3531194848785,84.52713871826127
90.59752151979795,90.32377561237219
117.04219691328274,114.63133765472114
115.17151466646212,114.39683096753325
99.4385567310297,99.30107651848775
72.41789499650655,70.56809136767602
108.89920267919531,108.31576483908896
81.8131852204858,81.26937713707524
107.82215086639793,107.52534568203683
123.62275761542887,122.84371217777387
91.54915299154113,91.3078445510239
100.42370019955315,99.91661571417099
87.930086849271,85.91071246857908
109.394803072731,108.00198218472549
93.65558559482699,93.52797427956546
106.34611987109193,106.17327733261786
73.2533233976835,70.97828738315552
107.2211465913658,106.12522943679616
118.01842960510756,116.49212578934312
89.78989808509252,89.33264378454372
109.8899720494969,107.32700202867993
105.12093239246983,104.83279072275602
81.31332523492735,79.3585761503674
96.59307713805562,96.23923172963802
101.86008469106262,101.70290538094567
78.86254217809194,76.11181420130035
86.44887446801732,86.01473040482796
93.03293034866924,92.46490673900162
107.13681967477727,106.83172519101788
90.13102304927679,89.38204944512249
98.86583761289305,97.81275624557374
102.5441293684569,102.2122940920715
104.06757946318983,103.87057481313465
95.45890939530189,94.77452627871115
86.21095295703364,84.69827245616902
93.09956387423058,92.75245795510516
79.97878857162719,79.1620905609241
87.01391475301683,85.91131822754352
93.65141192148485,93.49080065236369
105.75107678275232,105.33153981449301
96.59241566550553,96.29845937937152
93.65660780596592,93.24601342124599
85.15281969816186,84.53726397454832
116.55866347594099,115.8028216684713
112.72675293450669,112.32831946888152
82.52979857542023,80.68353764470832
99.8777577312862,99.42129578482047
90.01233330249009,89.78981115620793
99.68502863107507,97.90500415151205
88.40013277504873,87.47576328074263
89.73840088985104,88.6814809602833
96.95414444009629,96.84190573116392
103.14875152735773,102.36788748909632
92.0937685076235,91.78520913610942
83.45113686647682,81.98841182466512
90.49554465890468,90.32369058226585
127.19695432755238,126.53261721115842
109.05737427297701,108.71257173392156
81.5462775640078,80.88578971364645
87.17435900424803,86.6782881933503
108.80172792370456,108.35696071156173
133.00652841561984,131.01830479392373
75.07054407386183,74.25725347415448
103.53626493207173,103.35265736796444
98.20478999706431,98.0407404773024
94.9585559368034,94.60930156469283
89.48249552424109,87.73742441416195
103.45762124109167,103.06300971726516
95.8573727221822,95.06381801733359
84.11497695583732,82.72725691155951
80.1369823015654,79.62022989652824
84.74806462373539,83.98425070067528
88.6625906431618,87.68060168156697
104.07908225887373,103.87377216321725
115.3828366007946,114.34949147979069
102.27352905947696,101.97804991196331
110.587113462906,110.27988143187608
109.85797230061002,109.01409759042005
91.35628344546798,91.07870300839411
111.24793284933484,110.9604535857766
91.78656782707252,91.40336873375026
112.81661267826269,112.2865306467129
103.45819793042702,102.79056038759826
87.21900725346214,86.55438122395388
126.06860956686485,123.87187986316862
79.76651928642724,79.25385154393061
84.64297010597403,83.94596571034639
91.44638978245894,91.0942155003592
88.00843648827984,87.8764578977017
95.32897083147472,95.02272030461299
80.37110716876208,79.18922092875728
106.06823752707176,105.14361417315985
109.48533312285348,108.9362836709288
109.53055902989401,108.60586680444118
92.68850355236275,92.14451320201741
97.52362547675126,97.22157376972996
112.80073923495489,112.13025681950978
80.25665392378498,77.3164356658977
98.40445109464815,98.1951124561285
103.28313983194674,103.04614735842601
103.3969319504768,103.14001778969217
100.32853586536707,99.87227833215582
85.03589367407551,84.21958782582168
87.6642764079362,86.96604988372759
91.86469995387735,91.12976174984382
91.62549643740766,91.3909022010654
92.43548539112646,91.95388574854526
88.42911992789448,87.49995984220766
84.15753220066983,82.76151919378302
99.44408231837106,99.24811426405302
90.96021000785166,90.6703901445422
96.60257542538811,95.74601787974679
99.09137623135175,98.7100028013225
91.02161855381382,90.24417288291741
84.20609686515179,82.99329695146805
85.68701380500359,85.36641389107581
80.22797135288057,78.9942982622262
75.55379249456153,73.51114929894766
99.03333418417202,98.14704436863448
107.85428727575507,107.17839037015018
102.87924779449682,102.1045171199416
129.29674734695354,126.81483288062525
75.18967635382259,73.70211829016525
95.7391455947699,95.10013877347073
97.75117734253404,97.57767873178368
77.9642389611886,76.27482412351506
90.61941216130201,90.19308605252618
98.16462938274054,97.08905388597586
92.30640673133193,92.08140759871993
95.41860515088156,95.22787050217026
102.90726197480514,102.60658209454702
91.60494170740047,91.24496598644406
79.59328080135738,77.48705259220021
118.06543926972269,116.95066804981671
94.02062124449498,93.51367231184173
98.49572343433597,98.08307145412142
115.09837237592406,114.78524364978682
108.10476548006268,107.89317570905324
96.39463866779975,96.21152785421663
90.6118915067923,89.22962354369888
88.90022130685229,88.19865468544344
78.80522643257439,76.75542450083614
90.12041101877293,89.39019586950954
87.06324551678291,86.49279989862042
81.95020302763746,79.7710146375236
92.87478645123248,92.69710755891691
90.87397520411815,90.36661982444525
112.48616082200815,111.33772996161925
108.39829336442926,108.19387875220953
81.65711864415378,80.12348126558238
101.09938781677427,100.77920454176942
88.73187762857968,88.26716076443132
107.02213373941194,106.54695210259557
101.44651437630885,101.04722125814334
105.96498910080216,105.46807414145331
69.43331960548932,67.20856530831176
104.09620850117253,103.55284533698533
76.73287661518665,74.23286691228134
89.32240114851564,88.35053197939446
94.38205506026284,93.4005980951292
101.60379289234706,100.69860578179602
114.83326026729708,114.14193210093045
90.30769059782871,88.94539756793134
78.18181815278281,77.226014757413
128.11801769180752,126.49101774644865
76.1059750358092,74.43640174692636
87.17595360167266,86.85020260038885
76.2147837105955,74.90457108593678
109.23317694846156,108.92718213173012
114.67483799428811,113.6776392082225
99.111299074015,98.6466647225841
80.01609750855431,78.04957351436222
100.51432833289113,100.22839002641516
94.33479840345964,94.08133534047992
83.02592978871,82.04272916044911
76.13955427236901,75.02766310806084
102.13927356283538,101.9235505784351
73.86907711512707,70.79609121674427
98.23404547801803,98.08910992004854
121.88580776060405,120.84300674685169
87.25445863098702,86.44446599076296
89.47391369995354,89.12369348069427
112.5915550363889,111.5842218443555
112.74575006444994,112.3814960404521
109.8205776700544,109.05672700889261
92.60684568461528,91.98885388207843
91.49545798206331,90.7489564873685
102.6182111919276,102.16944988462056
83.77035121139247,82.75939797138179
87.02293728427784,86.5336392021087
93.97546906326644,93.67130461495243
102.97175158565237,102.78145251766797
85.55595956426612,84.33256066094201
85.36751360663355,84.42404246993745
100.66142168671954,100.30832974579488
135.29415939149519,132.946860936573
87.53916621271543,87.31094597471251
75.74469418290128,74.89804199495683
92.73079241932878,92.02515291514132
77.89273653071854,75.36090858254988
84.86334406236647,83.22548870926576
99.99867793435345,99.37253974859232
114.3871896529757,113.56833060727678
91.61882833139217,91.4337660728817
114.26653354171816,113.62548016309637
98.6420999652334,98.2547565103274
96.06430487909206,95.7531428386377
107.13820667003223,106.96008156551865
92.86570441462938,92.68407885018844
78.71067623515944,77.79694472836296
84.69132338688728,84.19484243051834
89.62712154411493,87.82498947502594
97.79766454096203,97.07149031568431
99.09246319011092,98.75605272067446
97.03696977493131,96.78655561287879
113.67856926501007,113.27072629481177
86.19383557496076,85.38642946790723
107.23795733431433,106.79452191450028
84.4817024704784,84.08776586571493
115.66974320817253,114.38479825177572
105.46982310983178,104.51741906464223
80.2294401506499,78.75374690155746
101.56106515736667,100.91613240583057
112.1325087147563,111.43195281965758
80.17251549755316,78.98615555767618
92.48223299740577,92.12369580354311
89.16329997516615,88.59664551476396
95.0410084356398,94.90515726446891
82.98380403972034,80.64174505799403
88.91041336022649,88.68740697434406
119.59562374057006,118.97796434072615
93.9496815841793,93.40617796552947
79.13903698955045,76.65357620582881
94.53783534943861,94.26122904044509
118.22784654713874,116.87386928914168
112.4463510376179,111.2491875926761
100.0161031732349,99.51494386250832
103.95740184668765,103.58795505376365
106.23697543814227,105.40475015431791
85.4727610240819,85.12579859563826
96.80456908001018,96.30688410983647
80.99947796777124,80.46724279509688
91.27246007679781,90.96624041711868
84.27620539955421,83.42025436050729
103.09958881320951,102.39705642631823
85.14849586836232,84.54657040422279
112.42748493573644,111.38427113958247
103.38561842858185,103.16755357348653
93.05029461738464,91.88876725601688
116.16110039176716,115.753073487617
97.83041161735011,97.67533868577921
80.891609947305,79.11439350269933
111.81571139763875,111.50679670456317
89.74993075610365,88.68526341795712
87.60019176290007,86.32494181385259
113.64428726287673,113.2423847872251
87.05896845757687,86.67925157531418
103.72362711546079,103.46085994775606
122.15698704275432,120.92531094220682
96.5827776141575,96.23313241017439
89.07018326254475,88.32539507676077
96.23032791538259,95.99469239282307
102.72072390769448,102.27251059635938
92.2507199678017,91.86851954689381
84.89441344609722,84.13758084168363
99.13423582157913,99.00381089353593
89.9151185925021,89.78434928307192
88.54883848378451,88.29275687927456
84.01673815541632,82.9915338692085
102.33873116498333,102.13359162673248
101.16751075770942,100.92455687357226
76.27731304440323,74.45276947905037
109.3210409745756,108.62180945797786
111.92016721058597,111.55016855241595
90.71950841026216,89.63119542579261
84.13055636349023,82.19186360143885
122.70539952666273,121.40661121104075
91.34634210124257,91.16629649576493
81.45852330195575,80.91018824161772
95.15107124669035,94.88653606489754
99.23330876923181,99.07967218726586
101.13145071897425,100.76933209547113
81.89076249648073,81.1653279926605
82.24019706808629,80.07453770656288
102.77966883582103,102.08091507695991
83.65492400618591,82.50338001677923
112.23736195181651,110.79713563489308
114.74109868717498,113.97931795858517
85.43434209057645,84.21517472827122
71.21659445727698,67.96360761980614
107.57721992262283,107.3185114869442
98.0531131897521,97.28748555302744
103.84595430166182,103.31648501589123
78.4741262484239,76.88738754546216
91.91887500602688,91.67124747292453
83.33044107630097,82.73326731573279
97.55924167572043,97.3193136269068
95.55449499314528,95.17452800454382
93.91150382454568,93.7495740141849
73.84002633759891,72.72057284867338
95.95592437788532,95.21749541462681
118.51710822869128,118.1215933212488
93.08089758801569,92.771637867698
95.9161283639558,95.65754017492971
90.12531596214728,89.40590117234643
91.78369345719464,90.91201297872269
88.0266202787603,87.3627231391044
82.0567126088134,81.51302331923179
94.37441799970196,94.07754254903737
91.09252895313818,90.34260214122884
97.78024956701648,95.65735666204871
89.01649703922592,88.36444760261934
76.04340201396457,74.84947016958907
84.9398664725478,82.06482628353805
78.39976285804802,77.73804371775192
90.64451901186463,90.09815784753383
91.93956352861095,90.48189817588288
87.16951985649933,85.01744249975744
96.114499253325,95.27091816293233
80.56321040899839,79.86633445740304
99.99972892001671,99.34242024643417
95.56292533416875,94.55568815735127
116.43778219962724,115.5013926253348
88.32150520268802,87.57827421538909
97.47230848214662,97.24264348460879
90.89349533174398,90.10919405134041
104.48248088737934,103.79580489645366
88.4107282784805,88.13350359157145
107.14879639866565,106.81074540501685
116.69597261634387,114.99403811647856
77.10826159888735,75.10986948291621
93.6026184433989,93.39664951377354
106.25011345655885,105.7827581905115
76.42507895231887,75.4110247200453
104.65212979292266,103.9844086627468
81.61332799049961,80.68851759261288
112.00141780162994,111.4799774818272
99.19189705276676,98.581719006932
80.07188290217739,77.88318660016282
83.37436794530062,82.17832114102823
94.0815473600604,93.7944866289342
95.80301045766049,95.30800443531274
111.07323985781115,110.38219130683675
104.6165279330923,104.20628895105308
93.69751397012317,92.67173372065344
88.28941353237167,87.8284988815692
86.24930918152295,85.59646453970895
101.50538567673388,100.78219472069958
105.74574713581131,105.10221369626119
110.82407315688071,109.89065827980214
89.34393577338824,88.7936703234303
144.54498895501655,140.78374178467726
91.92886940992423,91.63424426357511
93.60039789963368,93.30225549541025
120.57141743976496,119.34873735745688
108.11682414936017,107.44995667818547
100.6939433298351,100.3385834805773
104.75710410194303,104.5774887492796
94.04868981410094,93.6014195478677
113.14174160153703,112.67242789180885
99.66762673817246,99.35278474762886
110.03587766034713,109.29745923215853
111.08532804560984,110.45283363608478
118.52075564219855,118.06920401478544
113.69774962727003,113.25389237466995
105.56258945552078,105.24652909399235
96.3439681196596,95.79201373027315
76.69110959023895,75.5520901651795
83.23034004160193,81.05463508314591
93.73243411888521,93.44344869548249
83.87663673165761,83.42847745889094
96.31249135642716,95.99643617255146
82.75388546850759,80.55972131680396
108.94605235876274,108.33268012029849
92.79487821920537,92.07527446381256
86.08128453533449,85.49461765229418
111.20444135495597,110.80340353077654
96.18408301416531,95.83353577745038
93.81281702744674,93.34844614360492
107.25218071215345,106.73314378679414
102.1385669074334,101.87418875629238
94.55094798816214,94.17150036972076
77.11823160941697,76.50250644999565
85.84410996826604,83.84981234207962
90.29293077100667,89.58524947447783
99.90712845327012,99.66446582419118
108.13428966282417,107.14755389299128
100.95323152403753,100.75390631174307
87.499614797602,86.35634594426705
93.29704031718298,92.846205400833
82.24828265949067,81.59449195636104
104.26610925327003,104.00333469478483
89.44232879891867,89.0774521239218
109.99038602682263,109.32861206249076
95.00193861522435,94.85347466213027
85.24318935235202,85.01066582446771
83.55716174948466,83.02988556457174
92.82620436766034,92.22744842540482
109.12347881419433,107.89302366057812
89.47907261159179,88.25462355919667
87.15818013988536,86.57776225996815
101.39059722902176,101.0792805049111
81.04575725519895,78.3919996412027
107.19061953827695,107.04115553032928
106.64127145230707,106.19181282319929
100.80825045837302,100.3940404864365
91.3460934783548,91.00947005418769
86.13730458088656,85.7726962701864
75.49577062811493,73.78730619700457
108.3881668144744,106.12949493605838
98.2212645445683,96.96548856411093
79.1092768915534,77.42999844039281
114.76209475548058,113.79456215522848
107.73360411623356,106.39868085982089
96.41729807910167,96.15394821757725
101.5931923439476,101.34074187807622
97.96431971485555,97.79775884152008
87.28265216103256,87.01590560894955
133.02025671731784,130.47668202154634
92.64465064386626,91.27584879928466
91.48516895556894,91.03530012527338
109.4930555034329,109.14030212022213
99.51127196479906,99.25469950872015
94.521380834472,93.85346727700826
92.59629162297526,92.11416971285234
86.26315567109701,86.10550850903364
86.63022931491291,86.18499586800938
98.27143982539799,97.40349878404871
113.37039334869647,112.68028962971397
94.04061756911916,93.44510678563917
95.66001619670347,95.42534668503777
109.69349712009738,109.04542767541506
90.37465067791457,89.90902495958794
116.17619817166621,114.96629764787052
90.61623382681272,89.54050949034698
110.45767802245219,110.23626234322583
87.51991236321655,86.46721157349931
94.8912854237956,94.39391773262562
87.88647606822732,87.05654488169466
94.49365482999366,93.17521301173936
126.87882679695302,125.78621430722734
94.38916570666781,93.90464691946293
91.45603911438177,91.25622835344429
109.6942495064014,109.21259469602064
76.69499955133104,75.16733448059324
107.31956981990461,107.05850034430816
98.32093829373956,98.0113905117959
89.08777764305076,88.64893094725524
100.5173160898454,100.14137984012753
124.96189449718845,124.39702480010209
110.78641695083728,110.36757371602077
132.7780117851823,128.77026769870574
97.6616183757797,96.03125434011208
100.71661753653396,100.53775222636219
95.16980933764667,94.62068130105071
118.37279918692991,116.94228497810612
77.4280205017204,76.47014389754887
67.67393756620153,64.15463207245587
115.72575853079107,114.73288152976515
88.40334665838219,86.66785370335342
82.66777608851167,81.47538585921555
89.52533376213212,88.85029237788393
94.88946811629066,94.43172296671487
95.6221730066511,95.25676087863212
97.68986135536014,97.37842963050375
89.7237607732445,88.99052832329012
95.7128518970542,95.05463437897231
108.10197665201825,106.55171465103889
106.11653887243457,105.9375974520634
91.2791370820957,90.84669491474881
86.92171984153984,86.15531904318276
96.23863900527269,94.64640689166822
96.24820882521462,96.03651183229012
86.5246527303477,85.72397022809933
101.38002982626038,100.60678006454663
103.61862314011051,103.42472249937516
89.82299405654227,88.89049763728225
93.35848691237464,93.1940672445029
112.83130196311326,112.17656911817576
109.3120420449955,108.05445727245514
103.19692936392798,102.75606530385218
80.91136647612758,79.77387242922737
86.09420027313881,85.26490570628405
72.32326301264251,70.89900726373203
97.46673128021804,97.2644887652993
101.44826740104483,101.30536056624827
118.34022459087332,116.36158832606084
79.37109410508243,78.91100677290967
111.58942893328758,110.5450657006549
121.7601832094686,121.1306737347958
72.74255892668805,71.49010545818382
92.97252617989514,92.38650563611134
102.82914708700218,101.37610001840498
85.78173074020059,85.08934139932506
117.45059887292891,115.7160296393678
86.26787435179799,85.67329083188807
81.28863851839425,80.14711356963412
88.01816780504349,87.58824946072828
111.34234763630845,111.0449135426258
97.46856410516983,97.26005714971741
88.69161162448023,87.87106115773744
95.82827796409839,94.51272401813605
103.58608178967798,103.07142387291398
107.13725521264932,106.5941773488923
96.69284717522876,96.51686979678257
92.10513411862502,90.93600131867477
103.62644521555754,103.36551019300546
121.5307415522787,119.99369578206526
120.44948618562981,120.04352098126262
116.02313486101282,114.1906202167728
108.89949370787967,107.81867540959551
102.0291167159352,101.82695663837329
108.31658374409244,107.40202935272644
97.01997778546172,96.8722840315485
95.49911945010962,94.62880011540989
116.83663591810623,115.86787294291251
108.3509404409871,107.9350498018799
104.90778466289512,104.58478035299625
104.15561977361324,103.7595836425277
88.20668736263826,87.53500063684207
121.10286831822692,119.92196377336373
78.72777444976481,78.20246855470859
81.62620958768747,78.5719860261819
101.80576969619183,101.3894762928363
95.75768523807263,95.50844878457333
85.11864039006343,83.6759743210814
82.05055890625401,81.22148812799456
117.37047630601755,116.46896056491866
117.8283038985873,116.53206989487586
97.00673733332853,96.07560789487086
95.87108422827966,95.48577712527211
72.59163383860653,70.87443531624443
113.8834435053091,113.52636212511943
93.7202476553835,93.52765723619852
101.4521250046141,101.19064450028549
92.8761250059302,92.60194000249679
88.31738697643016,87.87908469747724
98.71719610634396,98.38712408475817
118.2108420086078,116.34724840189955
105.39347571915948,105.23232010760086
89.3398899176415,88.82457778635296
102.98579066726319,102.47890224202268
86.51865386692201,85.05946402720808
92.77291298528606,92.21091133660313
103.3054962322241,102.9480404179176
103.52212112903631,102.36440409328314
100.10706579250967,99.8982400781078
103.65377264679424,103.33713987577491
101.04694910118619,100.58503546678962
96.888066623038,96.18886923479658
114.54878600294771,113.77130077535178
79.19149454677846,76.02009474020397
84.83457020149459,83.55994324862219
94.16015838572056,93.94285361322761
87.29736354022108,85.49628738361803
94.63265825653927,94.10634353409624
85.21164883307645,84.84998921966648
84.81034169343535,83.87745217351221
102.8409281480796,102.3723258347234
92.97877027623623,92.42046115676276
86.20096533996072,85.42057995744564
106.47799357891539,106.28838250615179
89.0711415605677,88.18706383231333
99.28710814948877,98.87269816250512
97.18424894138816,96.48329688635503
98.44054142389491,97.9656788349561
98.58563762020441,98.10881177093393
91.51100668053239,91.07759096184415
94.04072854424298,93.72032236781709
87.89326879751283,86.96870800071213
104.03370824841728,103.65800182455045
108.54282557605212,108.113435821063
108.19577740029769,107.1118111072065
76.80059933109982,76.38205910867659
103.34214061767096,103.02446402808015
119.33476917883627,118.83086569144626
112.66762910016699,111.52362391971104
91.16873728792243,90.77187282039547
106.171982944241,105.65925975815183
92.1442675292991,91.03570941282825
106.2719660065399,105.85903431681456
103.93292445559536,103.69062720846294
72.57847675174936,70.10759763611449
97.47034788510351,97.13690891993159
104.11942070155125,103.96163924463917
96.98206136700942,96.1976514895655
97.19063174099409,96.67896225210136
87.5148137650666,86.35357689758699
93.73880161808376,93.38510137022796
75.7315372025014,71.97482696601497
95.0530479110513,94.79171107110865
107.68137668645362,106.56146846060027
85.58427738726698,82.95692339532664
78.04518341326137,76.58038818698189
110.28841256149501,109.30855305691226
83.74238664100228,83.43790975872788
107.48142907996565,107.16751660549319
93.80743292455223,93.40436081389518
90.66516198578911,89.6801562919079
103.51537307876471,103.36898036478836
91.14486603153487,90.87752780212203
100.14647721835479,99.87415800762771
109.47255151785131,108.43798572321916
107.18611858788732,106.4645913697096
93.80430675989088,93.60710763683855
124.85321419771209,123.84970504057745
117.46995553885615,114.42538693626544
94.64092481946916,94.11395237560546
99.450511671135,99.25810349359617
96.94615936831147,96.5259299685706
113.54662067418458,113.272917415117
78.92074110549042,78.2272730600431
91.36901351649185,90.15027226718843
89.83241149657441,89.40531665478913
84.22814038331961,83.28178605164804
102.86392669241694,102.42065559715613
77.56813257995478,76.67424032476227
109.95075755170356,109.52376067419587
99.15920967958928,98.63153656386359
84.09266813126342,83.46136234371144
78.18123546118554,77.15198097728039
98.38113103678579,98.03204203688716
119.25232391744605,118.79335596946245
83.86604007818991,83.44710831594304
92.54320462671318,92.12791208643793
99.00971087433125,98.49882963936828
81.72855035144862,80.79982719842288
79.62210251205406,77.82477965983992
140.53338470024207,138.46218139894793
87.70857840037598,86.71241532339164
121.0916958903908,119.76668977414045
85.13599389048913,83.97212409973966
98.36956626964576,98.22185863564458
100.1160773945602,99.96314240813314
87.32984437462909,86.9919070432189
88.57531966077377,87.75199209841298
92.2907262131059,91.89436521487401
93.71819731279342,93.48820637156699
104.45674660148826,104.2579046348587
99.49783520371803,99.15521689735358
84.71729634727605,84.32019002097941
93.49378275886409,93.18239345379709
90.0243891549963,89.01508032391109
86.21978766430922,85.68302390178258
103.47658608073185,103.16235049661047
104.63545335430398,104.50033120756257
92.56956042973363,92.27857422448695
103.04960957362755,102.76263109722211
103.92247157145894,103.70144891348605
120.20831030904328,119.07323942017098
96.99674981940635,96.6792911542515
92.56372643622491,89.94261394521371
82.86048705684215,79.07001327484302
95.22479671428027,95.120406405727
77.32648200743316,75.4112735758036
89.34509183414761,88.02397969752204
93.45492417711857,91.49777860498615
104.51707785678609,103.96585969232571
122.14808730828365,121.49545979647588
109.78443809756594,109.03644441000162
102.14756422945244,101.6446131665703
87.95074727987905,87.43032782299011
107.48654521380631,106.49281580471732
84.57873062795318,83.0489635328555
105.73680014076069,105.20851729090619
91.402843604242,91.12378907943315
99.95003766820136,98.80845958505509
97.55699306104096,97.32830166454998
92.96360574245402,92.70360416192284
126.96364902723079,125.48003408193681
119.76008825432793,119.05800465339513
109.20730555437201,107.69972670573765
91.32098270616083,91.08083285711416
107.92685100867719,107.32529394968736
100.66830184519114,100.40653994446855
76.92368967084168,73.00316547206532
95.0536498323027,94.74871865841376
97.05175756439712,96.13313037163411
98.51638175783654,98.35590534480207
107.84304679594295,107.53555746419667
104.4361343527106,104.26736811955733
79.3188200603358,78.5578169284309
77.8721194290089,77.12316488040915
94.96325015847009,94.6512171704334
111.08302191275719,110.31151608680105
74.44448239808733,73.63986827280036
76.58460882998392,75.92721993103554
97.22116847496085,95.24328704903249
89.48087813982767,89.22347783888904
88.67429101493168,88.17340794783895
100.4287563171165,100.18673246877157
124.62224377125585,123.9738351741352
111.30246048586088,109.93260824305787
107.2459280921757,106.8973272953579
92.02399595510295,91.62407518867145
77.91808948833057,77.10969322080055
122.61332118105015,119.81790030074254
91.85076249323815,91.25638532352575
101.58843472186442,101.117431616175
113.13828532405037,112.09633174776103
89.70565589194291,88.5013481980427
103.67285397493723,103.51366859359128
103.27106163367156,103.09791617907642
100.54751666781101,100.2114098027792
84.87609936710558,83.64322261335207
94.41029459924879,94.21872769066121
90.99129186836353,90.38967807395302
77.21396618424971,72.83922730953485
87.62456975580781,86.48730496836349
122.23520828999207,121.03070697613424
86.05908345647477,84.01999736321251
104.41093093547659,103.97910271480892
84.79190967287677,84.4231233391479
105.41819447557162,105.1171545601547
91.49644564864883,90.93588763737073
83.24201720115443,82.84112947681264
118.09931635684188,117.37222080293884
90.69998336576074,90.55256541430839
99.92196184939912,99.49734710445497
106.80227217652593,106.24139694241019
83.64981687727983,82.75172057400377
87.47640038620526,86.40485473947847
126.65028393354463,125.77525143848239
96.81941876184683,96.51133037015714
108.01454521182963,107.63363895280281
91.70764582732922,90.96376135106206
110.63786532941289,108.62831130507118
96.09862539179598,95.94333889469385
115.65547350562296,114.51416087359121
102.82290653072643,102.61565492255522
93.99036384389824,93.31559968216237
104.21355917260553,103.86688129107132
94.4077699384836,92.96752744387271
93.72967055437046,93.02153510734202
75.9128229634285,72.34591989000839
108.9403476432701,108.54226938708653
83.03538568031236,81.23992564497465
100.60614471723189,99.95303282259445
75.67782577119647,74.80181640448298
98.72164364345419,98.46264723877623
92.61816530651399,91.48855180147733
99.82275670789491,99.66328010855285
94.4892433940042,94.27149326577205
87.76406305780066,87.42341371638466
99.31120940176984,98.5531846118232
79.15418561340209,77.32822847784605
95.54201477532563,95.31871444076488
95.88600452107417,95.76168060586856
110.020682898152,108.46267049633833
95.65053209635327,95.46405105183968
116.56125943721345,116.09340829419047
82.70342748843932,81.95706740851199
86.047577759121,84.97521600199683
102.21967360159012,101.68850633769141
113.17838715542847,112.60215279177307
104.24589142611848,103.72696982559195
104.03005752963959,103.52802377868663
80.5570193392334,79.57175141976812
77.96072793460579,76.34898060435552
89.93535742730451,89.7020872984864
104.12352685223479,103.61375394587054
101.69807161671231,101.41739338037463
99.11797109976385,98.85290585795842
103.83834478075312,103.29972048259278
95.88041649392002,95.71769921127986
104.70646009154194,104.55918975399788
101.41934489314441,100.55438271001522
89.7747647125176,88.78253470753546
90.3724188961305,89.45039381612082
107.33544177719965,106.6948704759619
85.51181818416944,84.93008869755673
105.34451836689564,105.22021596061347
87.31936490255525,86.96993562350376
89.66890651534024,89.44448270953153
79.6845573365906,78.98637395000918
118.71799130022572,118.31249410657674
87.76809008618108,87.19653694302703
106.67521014423255,105.78472281348142
105.48887589650155,105.06297569099992
94.49254912238115,93.43173886326242
88.06657014981847,86.27083436405498
92.66826836489535,92.53005799900015
91.20954779253283,90.54442364494903
82.75054446092145,82.44835362874333
106.93206575303617,106.54726308616489
107.30534237710742,106.67268715779463
129.83906660478024,128.5289313954563
104.13997802006952,103.93726959939947
82.0255089270234,80.75221695722158
97.73644752721185,96.63111308491405
99.71249340528317,99.28995874092136
99.79284633581143,99.20032921067606
83.88433257988241,83.16455735169772
95.02934943100246,94.74393560408852
112.05717377309566,111.10239453965073
125.43985442157684,123.5893536582094
97.20499302612852,96.58124172425745
103.98986258240359,103.50518083277774
102.62235886074554,102.30240006039931
90.62971616089732,90.4696206533492
91.58993937347583,91.08162580361558
108.93164405491706,108.72392830249413
83.90013448663842,82.28642472486771
109.93349672029159,108.49711666024106
102.53128382868573,102.33562228907077
94.84145167430866,94.25685435288872
109.29144891004478,107.89008857981054
80.89067593454116,78.62118222130191
108.02329056294604,107.71111378327242
128.84971843104603,127.35112693537816
86.08525039440556,84.9335777557078
82.71923273260342,81.70524164601527
96.56638161546115,96.08727562332459
94.578033679084,94.22214257624123
108.28534709738305,108.02598234437836
92.40351648046934,92.13275365414145
79.28372333026957,75.85917791417191
89.60982969631253,89.10708931611178
83.423411516489,82.65678661938087
104.47473975107228,103.36579322836764
102.63547645796105,101.79869892853166
79.31940240511473,76.85053324784332
84.05194050784344,83.08050037661167
92.65701109587735,92.2307462094152
94.30706310289568,93.96481516385988
95.39759498639538,94.72210829687148
82.10882479630664,80.05375366018318
90.83264637197097,89.81758103004717
113.76660466908906,113.30609630616294
102.55745018795884,101.22194376985267
110.26260075560907,109.20069721293505
93.11338199261606,92.94516826971011
92.28945289058991,91.6646361662147
97.03675096581512,96.65034429713087
118.26338771304724,115.84191967346963
101.69234958553612,100.85508974269295
76.61466714502612,75.23773841114641
102.139097307093,101.68282217459029
78.6806614457517,78.26082896238302
119.10403186700222,118.80793591666342
110.76943792032874,109.42582851000688
82.11901126123195,80.71018518380423
102.69252765731157,102.45788223532537
86.86317103860975,86.33905972490146
105.40302332415234,105.05474475839617
91.41696156275665,91.03347992003552
97.69419948731522,97.54368794351582
84.20035170133171,82.95020197423699
93.39283375624672,93.12362131533224
85.3352261634325,84.88185288536388
123.46700391440882,122.68744733845925
78.58954895989288,77.46407308512394
91.64228625955592,91.1100762562611
102.19095986134502,101.95828538377954
101.78611137806854,101.11156454293233
89.96890289415347,89.65908269464134
92.80989904433545,92.50982523820932
94.03140581913308,93.73865740284036
76.28768085733279,74.54196300391091
102.25930547875528,101.82060820255352
109.48666003758522,109.24923220483588
94.29702893307218,94.04479582143873
85.03486350688017,82.43631055355961
84.641614972188,83.89907478275393
96.52104763579133,95.44077715988723
97.95853242385974,97.39379726963772
82.13813467165419,80.22937623728824
103.12856648130239,103.04151326820705
95.77992825212431,95.46470131512378
100.78636261687195,99.22932862858808
87.7414620753025,84.96798771283268
108.06455920353841,107.66056916087985
91.22881138841079,90.92794631148972
101.71688297286308,101.5085403101023
85.05766460625021,84.61463256285626
96.82660650051406,96.52282878797897
104.66319100545621,102.9391304696685
133.41467450721385,131.6352154908006
77.45778770216901,76.98441838205835
86.67580466094911,86.08593315627856
100.48809974609514,100.07290696893655
99.1911075240523,98.71574178910917
88.59809782530039,88.20069709347666
109.38199274918941,109.12969421777862
96.48716653614294,96.07365221596237
98.26280317541577,97.7880174742275
111.16260225870668,110.14077463634767
104.81733212880611,104.06849903736094
81.10461398536529,79.97559265308168
95.75322311851549,95.4637870081944
94.22633995581478,93.12580885049488
89.15155153691796,88.34042816022668
117.37765666058712,116.88717796336131
86.43776163190927,85.70490941012447
107.30658155149956,106.39870720587297
112.62644010601376,111.44942445860875
79.5707730893434,78.54815528757453
83.11353166657396,81.83932086817784
75.63967296892348,74.26192509937373
98.07913261639402,97.37927099582272
97.39820034496657,96.98622874369889
81.56211536979268,80.65304207226967
86.59755321065703,85.72347274334088
101.92948053571327,101.57606296296132
88.89384178000181,88.47354779979275
87.53858115117814,86.77822243583708
82.96656633675235,81.18320386166864
118.70686716185999,117.16143962686373
109.89835217666398,109.34994896351076
81.44335981505228,78.34121726067805
107.77827637859107,107.39726317837453
123.57004049077769,122.60685547237436
98.84645832886932,98.25840443289948
101.7966401768166,101.34534405610444
96.33323948937765,95.95466837169111
103.30000839587315,101.72550831255712
111.08939078201982,109.3521497859215
113.01574149675017,112.17759311090809
91.60194510149397,90.45349807888174
114.91995242891971,114.29371847719001
85.97570672363943,84.67524010719083
104.5079615496064,104.20714150290772
110.25613032070976,109.78143327188192
86.96126558700726,85.95135725438617
111.9010373358659,110.67171825660012
93.77982602485307,93.18291062782576
102.34178476684319,101.6928522618339
116.98796309642162,115.8957749897878
87.79072205393147,87.38114233994787
105.99366636372538,105.83041466747162
120.27787138865135,118.86567345524448
103.81870896748892,103.55015628151399
102.9476798731861,102.84427196719284
100.24378076395486,99.72783663384654
104.59813228691081,104.21623070781459
95.89287282794132,95.50774746652053
115.77064981372806,114.9933037769654
126.58376188170459,125.2303590304008
89.72890726869063,89.14407816351098
84.16872703822081,83.3586018174871
99.3677794772436,98.65035038696097
91.81591561852294,91.13610758322189
99.16254429277153,98.79777016822487
96.64145916337954,96.16085260004787
92.82045574391486,91.8553835401684
115.76345304006396,112.02545682707253
80.48080924739672,80.07341080929542
106.96179037414413,106.62436341269402
92.25229930880754,91.81848231677237
95.06918002183016,94.55403959703895
87.25943065878975,86.39606046328532
96.05163913249542,95.7562700646425
82.75631577103833,82.23416533778898
104.38444850746022,103.88329775700123
86.38584031483695,85.6885904544717
82.66210634441546,81.7085265893446
114.51121837122376,114.00111279688507
78.12150744709152,76.63308655312161
102.0345215764036,101.25702483033209
78.75911876825984,78.07863701468477
90.4848148575888,90.24837525229935
86.19194886002862,84.1264465761767
105.06210676350078,103.53339821800661
88.62316310718677,87.9148442513121
89.3798845905235,88.60653113068079
69.43622261553917,68.65428605128064
93.12147388413679,92.76081134726822
89.9237350664792,89.45572335696617
95.22661209922657,94.21915938786724
90.41842095424661,89.65871414115392
109.97000092207173,109.13875822350148
108.04779205372469,107.74506742244985
106.87241325783239,106.07809315537668
103.63097781614984,103.52243377230155
82.62089879650213,81.78650615090598
104.54843024566249,104.22862375735971
94.89906043743609,94.54161546998571
113.75899575550413,113.01855339238539
88.54665434879539,88.25033942241808
90.66040469933147,89.92855140714441
100.1490786255726,99.9181603889345
78.45697784242321,76.91080350717603
103.12093763155951,102.79425360447088
94.04859967706253,93.03919260736753
102.28367836530965,101.1992211335498
81.74960146959248,81.20755651041058
99.29649198674497,98.85815244168629
85.81084132658498,85.46032956453008
109.11036027467527,108.4831142320984
81.77709412788793,80.62121385893767
90.56020017401721,90.14477132230957
89.35846451087743,89.11550565816127
106.745491378203,106.4217367157929
94.411909265376,94.1463379862461
86.65374398778151,85.16032417722249
109.77885605802493,109.35085271695256
100.35105801759673,100.10089937637076
98.50457222552087,98.0982131522103
98.74906135895729,98.63463914005825
100.27354739356021,99.62292269536316
116.17795866700042,115.0505628066053
103.2815361222573,102.9661067351699
92.76696659463778,92.61462453945137
84.53321357033519,83.61171067930489
96.2898559637303,93.59384687441285
97.74884611876273,97.47298945492594
66.83999659842743,63.0781241453918
83.43266157717797,82.99472442965205
125.86925395582267,124.43827144674492
113.41596905313762,112.72382724254555
106.58741792176649,106.39727972588928
72.76999812105424,70.54076978683017
89.8042211616298,89.39221020882442
118.013290553117,117.51884076821494
100.82188968194203,100.11724687984172
105.93050661590938,105.12082910612665
83.42231350849801,82.95798374091729
99.25552207716056,99.00913619507399
96.26187011144123,95.8701583836748
102.8538189880792,102.69825450778042
88.84289993394175,88.32332575651793
115.430617278755,114.8460151380474
92.82486648879123,92.723453065672
95.32860762638651,94.75976977919612
85.00829646073784,84.3951921540028
97.30904334827693,96.93905368906093
91.31056971077142,91.13136741356782
92.99355566571839,91.23858166117229
99.12813109398766,99.00372401234429
96.91452501628002,96.20880412745171
91.02426778233888,90.73568604076137
122.43950586305276,120.99307586415719
108.79407409083207,108.4896504486114
98.86801544503847,98.66399968475052
90.86328330952554,90.30976860333627
106.89576319372422,106.57494896966602
103.68083574774988,103.52161815373546
89.23892716469159,88.72587279369131
84.57141233418965,84.09409377751655
99.42707894667636,99.32302665673171
109.87423794005575,108.93400342662807
114.26324615060767,112.807315412212
99.75477921937592,99.03123145755599
88.883209125423,88.17921932716517
136.69978938376877,134.44658598575893
99.0442696658191,98.75362503280735
100.47786560735871,100.31638160117974
89.13190799341652,88.18033306366682
96.31921852437745,96.16268258303715
103.05443508358438,102.65859891951303
73.25182881412273,71.85235619937319
97.6269554690234,96.9195414097727
117.05316299731119,115.63151138945754
98.70517560165271,98.29165730189897
92.8411514305233,92.3925326963827
102.43072995748929,102.07618107587074
119.17572976699596,116.75774242349914
116.32157677777258,115.6742160093885
84.6642092183719,83.52722637212403
112.46529159057125,111.89818211725436
110.53725080780238,109.86868210842064
81.82644752157533,80.45603312180543
89.17939553185957,88.71745677633601
115.3236476207722,111.79420308415973
85.80363165094641,85.23731629781565
71.65118613975277,69.40295067661529
84.88717163643761,84.502534842527
120.84078437757006,119.45195709896085
106.07465934335629,104.71585353334603
96.34836850811814,96.17204560142062
75.56767567989324,74.00621554272219
79.22206697869339,77.83725823417306
88.29066207888917,87.392161400798
120.33787363032759,117.87791462664009
103.84253508903429,102.87207619496685
110.22561664641968,109.89694600801208
104.5166394133743,103.83822713919567
107.37556622871118,107.08275033237139
92.3845986100193,91.63669564712308
93.35529346827805,93.0432662764841
95.09720824085011,94.91672429121842
83.31050228146502,82.46705384191245
92.18453709382042,91.99622518432184
100.58024306932214,100.24497752447286
108.19293547402222,107.54546014042266
102.69334191391185,102.33313132834198
129.48804489766047,127.92129470663997
81.82820754381616,81.59205877195924
107.0955654339346,106.52482691947182
110.24630001805217,109.79458645216975
73.10272165223286,70.44655953543888
132.97488125476778,131.81962698184464
72.16172780023459,69.01258661987836
107.12466173781712,106.63655989905602
92.64609069833126,91.50761872761258
85.2317945959711,82.3372770676222
95.60050342499724,95.00283186679654
90.67946016223117,89.769106809213
116.49595484036537,113.7713523659104
107.2145182260537,106.505252209241
92.24605055478976,91.11153175896258
98.3552626220371,97.74380071060388
88.3016608415741,87.35168248909622
126.15969453207,125.27267277543808
105.96997399891397,105.7633478254913
87.96148918903047,87.69670753537478
76.93527571000686,75.20682172948374
93.84614613827858,93.41583346304179
107.12819812651564,106.54371864752251
108.12651681048125,107.5196798035285
112.46215761991796,112.130208647987
90.51738443802415,90.41051607366057
96.83144678725377,96.37077847528863
119.27798409715086,118.64533717188566
81.74166525838159,80.87299874668335
98.61239090862009,98.23637296557875
96.37581828359106,95.78254293874627
97.80616427874467,97.17073197142295
111.86748754150804,111.20913383132594
103.33780361685099,102.86014455732204
86.93285635607515,86.55028871142974
88.04713004634704,87.73489235360198
81.30281762401734,79.52921591294684
82.60805073882842,81.10329236271697
111.65557244551071,110.90637064922781
70.69674521085999,68.5001205593877
88.82034043983174,88.5517839928856
80.9604363549824,80.6210006381764
82.81118689389683,81.16662900518459
106.40739652530766,106.001030124577
97.85514063206502,97.3191415288771
77.69842777109169,75.857837873874
101.2799592505071,100.88844470153684
104.29796549614625,104.11448321132411
104.2000735580523,103.68548135300824
93.14352202800761,92.5673472880982
82.96838535240283,81.9413105223286
107.05317746696808,106.67643477947588
101.26446003738201,101.1122416671604
89.76848286979128,88.69557536699382
108.60794222758449,108.429332451893
89.22234199071904,88.76440102905642
90.7289301359875,90.42454285050619
82.5325868230738,81.05629196856458
94.41826422447008,94.20735627308791
100.20618186556649,99.75989413465415
102.9678242342963,102.35997203488803
75.6646846354584,75.05275373425552
104.55170037929383,103.15749922751651
74.51203665023507,72.34849461046561
86.79752071402326,86.04303982533197
85.16901263908773,83.59949572227119
92.17557396706322,91.79065458866496
73.74205351114342,71.51427850408467
103.26940563867589,102.57786805496194
113.21374888049944,113.01061052777344
101.44621475558442,101.13516355284284
119.83128429526583,119.54088860453858
75.26325830053668,74.01382205591545
87.77562112367492,86.91582450948526
109.50800896754528,109.12667559707232
113.67044610320076,111.68840534343516
83.68476094707565,82.79500123779611
78.93917108820825,78.25476470414519
96.07285982252546,95.79661372187863
102.27015003369748,100.81570127184845
92.13405129321688,91.5228831278126
119.42180680543689,117.65967809237519
97.34344280064585,97.14838705022339
94.52879437381522,94.19358999167332
92.55768004096763,92.09870057534695
102.74784013860167,102.42195136517385
85.1074536410109,84.8208852900524
85.21764842992019,84.29945598440938
86.9803676312844,85.9959395928424
79.74789908089109,78.04784958219759
99.90905694009045,99.5231463718548
100.32593399179305,99.81751244810769
99.23064506237344,99.01075027382423
77.89507933536342,77.03708835231606
90.59705553506402,89.77585975632033
100.44234623846842,100.2439108158808
86.15582649657973,84.73996828172902
113.6003050742733,112.86393754551109
92.48600124793398,92.28323244077473
106.18178445939995,105.75047967355948
79.70250344039809,77.30381786089141
108.25760950997943,107.65304338041356
92.29778701748201,91.94274170282725
77.54576982507886,76.4822625666943
83.57119664309944,82.98561193749653
96.97659415389879,96.68520312162657
97.61486419126389,97.02769487251575
116.58137266880972,115.94752518117897
104.48196181766563,103.86745223317772
84.14168526625494,83.11724432061875
107.17795807073415,106.67079017195648
106.36749598740144,106.0832318797889
130.32831401581268,128.6038132037682
87.76918257238367,87.0705849744445
108.41193871180113,108.30061885002696
101.6854040752279,101.14845781682051
94.07329736138608,93.17734146071334
107.25077179721693,106.35109487772378
91.42861142434926,90.81735311097216
106.77661663226608,106.6267031156266
114.67818934876347,113.19918313173763
83.84410752585786,82.38903136061757
95.86586482162015,95.73888033596202
90.57492839233981,89.78258992799012
96.2182562619612,95.59396444123988
86.18057828110679,85.83074779460976
93.34346602441408,93.02836460030723
88.5377657829954,88.40858228956935
83.4822472451736,83.07467983970818
79.49190198329583,78.05444837521298
115.71810650126437,114.34715484794118
81.25250468249018,80.03310078249608
112.19161585216278,111.99284292344049
78.80235076383696,77.09432914428996
90.65770197294665,90.1022513806846
102.5148751254519,101.92372347554208
105.53011356677602,105.3293449420463
93.28588059244568,92.48441760211404
81.86200183325603,80.44733714728012
93.90021101969302,93.49646544578788
96.80562031298665,96.33147602834474
99.08043352134422,98.66035955517769
106.42267780862701,106.25134951921633
82.73077039835665,82.28452260698793
86.04108301801048,85.2974781129234
87.85276149934128,87.57902940404593
82.66073826200675,81.88758105145668
99.15455491322497,99.0316735249609
78.7943924108743,77.60131510607707
94.94570266642302,94.28758937700475
87.89852853169752,87.58083454905834
94.42413689253061,94.26554692970353
105.7189022450662,105.14116515962775
92.43774665287958,92.28600459483404
91.34710970461967,90.85083169702038
93.11331902707711,92.4925013031697
99.1192795021836,98.68932800550697
81.92995094965482,81.37658246937747
91.97063497936226,91.75978908852727
91.84976839708354,91.45087523882674
115.20566090946791,113.77583274637232
78.71643048769006,76.19794908538489
86.66131817432675,86.23711507912736
105.35472806317328,105.10698828970406
93.80251404130541,92.78820545272448
110.21615058759264,109.24372898033657
74.56924835809912,73.62823851518922
93.65168090012024,93.30813637579816
78.38550980529753,77.62983645166467
94.98913025742846,94.86597171341613
92.25681864394723,92.12651212489905
103.40600671206325,103.20702126479642
72.79506491745218,71.83238222062269
93.77800977205722,93.50310770742415
88.0940445181572,86.84907063667761
81.5575182752871,79.87985585080645
74.14819520239045,71.86646640492839
96.93331151209266,95.66308076916204
88.61941047930955,87.18942456060515
107.81613591428342,107.40250114066444
96.66751602408716,96.4830571823287
87.80539775839294,87.52190760129159
109.30285042638076,108.99151051575775
74.54941863662188,73.30529479045957
95.90574797140101,95.67461422348838
102.99149087498003,102.50676756618006
102.85019064700855,102.38606316021112
84.18053930510145,83.58366260635745
117.92477489761885,116.23490808891432
99.0418454451927,98.73867390954085
115.13862055153291,114.08308129234518
81.0681392424953,79.79596794530043
101.08705546120922,100.91167770032595
115.95358285870742,114.79458093827441
83.15691518341131,81.63569077285298
92.37380647454205,92.25979516426835
85.46405111166223,85.02450177408241
100.34433883520256,99.42979595599216
97.01113109481848,96.654521105783
84.82066816557165,82.92398837545447
83.99167363414182,80.90482463727228
81.22654774362833,80.90040323088772
90.0163573893678,89.75306912170748
102.63059796144108,102.1135342229234
89.10851224675595,88.82532550740552
91.95514023468908,91.071382793483
90.5943958199122,90.38355026135315
113.20129312238751,112.784357078049
79.02213914528578,75.77334052620971
91.86838249417784,91.17236881499306
88.74634039392497,88.0543623009954
98.1155746529867,97.80057729702534
92.45954439514406,91.98548047431278
114.59774363181052,114.15075415823614
96.4782933630207,95.80859326338589
106.0796642236608,104.8821012857026
91.02014337456986,90.71633846802479
99.79717150154576,99.29472476157038
116.28956158166305,115.6120020040652
91.0458431032403,89.70320655786716
103.52697952911072,103.04969747244702
95.231322239804,94.62693972858686
79.56202206501135,77.72215807810818
89.16636486714941,88.61004668349531
99.68802611420557,99.56841452870528
106.86324056594133,106.67121541265567
105.79526806227835,105.54009943259233
78.46457457181846,76.16514415613584
105.6079369175383,104.76157304245856
83.18417243449899,81.86474286815498
117.81015506848117,117.26630204529077
104.67982800533544,104.50809919704561
94.67927244253897,94.21591729124457
99.43719234297458,98.66565296628833
123.38812442606272,121.74615563409672
82.44526401886003,81.58003025360354
90.74621435936207,89.23661794721872
94.0719693552016,93.8078649618779
85.20175799072065,84.9738056102757
87.34431821841876,84.86770211664259
103.45410290050094,102.88686599275108
98.5834518084087,98.39790200006769
87.8515106795418,87.35199428780797
103.14904536865704,102.90826288791635
101.90772056275792,100.88449045744105
104.89314715574066,104.5795827404509
98.75216292268553,98.3397698021278
98.85238439560264,98.53972807872556
82.39647142663209,80.65640917570933
97.57841359066833,97.44867389093993
113.00265966570565,112.71411858953826
106.31478227650705,105.97160213930454
105.08806134597842,104.64019038070393
92.64359553506651,92.52825147045436
112.96056315549612,112.03352111980274
110.38910252116494,110.09653899176921
117.7204019568191,116.5068844827626
77.20790237099372,76.29676631574232
89.250082299704,88.86652895518422
103.17818813823598,102.85692507438922
94.03557746748655,93.59747480701638
106.27633066432963,105.8708225847418
78.15836291731068,76.43845451246501
83.94597884159062,83.08428455493903
85.73601646655686,85.30099349120046
115.19767457570119,114.8773999772583
95.74475759003688,95.25960383012753
81.71919364219855,80.62640959423572
90.94095731462915,90.65314188264607
91.99026529224648,91.01175048563614
117.57280920017276,117.0934529284201
105.88766117145728,105.50310609661632
90.97789346130472,90.34067754200773
107.52872940088268,105.81597669612817
106.36643645170442,105.43875153487821
97.13968964125871,96.59714953210626
88.87174178145068,88.41251025472424
100.21877782000848,99.79126931287493
85.78963955610747,84.56690329323197
100.28768018795589,100.00758333868244
91.24710486314339,91.01963267538419
98.22002801242348,97.8449132092416
89.21404701969162,88.13239895267563
85.05536694518936,84.18865338873974
81.58512834334296,80.67236511414427
85.34805138764855,83.76742654271804
94.71727169482992,94.55699344813802
119.45663554892838,118.01246951607882
90.38491358461481,89.6891833325385
86.68662233497794,86.26755890389963
131.37837979775432,129.59069503332682
83.64086412994381,83.27197127056549
102.95613393598623,102.62750943776864
95.68690798532938,95.04462289279485
108.54839420978507,107.56359970282661
96.79095327986838,96.46361871372827
90.72796896420239,89.7155238019346
90.22143030390666,89.68607207385458
107.69738560905988,107.37193235428064
82.4284270075775,81.87566023297171
98.72872632662276,98.51068983353149
110.51963617038369,109.98446401114944
134.69113421739496,132.60079991818301
100.86849862958147,100.35475452687899
70.81426375781933,69.35230630076074
105.69061803592989,105.04356638067752
102.34692882358135,102.12681400872351
104.73347904102314,104.46207011771774
98.69736980114634,98.45580545807299
91.09447066576145,90.22857410278306
83.97768444871008,81.9636165251631
78.79444595192945,76.75367454121739
110.4537759982009,109.14885755621816
103.11232900444183,102.40381400396072
110.09200079001278,109.64130244609828
98.59079147290562,98.27063003497508
123.10879205032131,122.11334924521411
131.02133381479078,128.5518588165432
84.54181960516627,84.01653257019046
88.34427509499338,87.92418580432725
94.19651553636717,93.95374442999618
95.42250823082675,95.29301786011756
99.2203685016163,98.62041700587767
122.9929595287299,122.21661218214234
111.12190348260432,110.5748390495656
88.6653026145099,87.51391049421308
86.72070319567035,86.11696775489554
97.6247609738373,97.26005911286879
111.51549134491182,110.69806975617846
109.69979127788832,108.99203165467951
96.18664514927708,95.40391726749142
88.85129577808662,88.26216598041181
107.47169872143371,107.19077554104311
91.20356123506762,90.95101663086
81.72350001829739,80.76281725201447
95.7004996565136,95.00838368446641
82.44370423839997,82.14872567900709
94.6682106721277,94.12301530786597
89.95309262037114,88.49641030519399
97.59534087225892,97.36604984585667
87.4554808742221,85.77820452863394
102.456197760621,102.00388347358489
92.90121368645076,92.24362553952173
98.6187342692133,98.10740461158746
97.83471567520836,97.16790623600312
111.09957269752911,110.68825823889354
117.77645069432278,116.78116593103964
117.16718416279156,116.0608926340979
97.39004919006264,96.94092469318167
90.13591228352772,89.28834785489111
101.76353336350853,101.0845102471581
95.7783824196581,94.46074547218278
99.53770789549995,99.08654658028715
80.14823871933109,78.76320736572018
85.82936378084204,85.33315361223683
96.20553953365342,95.96109286858021
85.99207164979613,85.42223120870788
122.85653992560452,118.98503924062392
86.78622241865266,86.32023823035408
97.59045967822725,96.97655539878802
105.4479535790639,105.18517477520811
94.85501783173599,94.17924198108474
102.06621614700869,101.57928702816831
98.33131717476643,98.16342756566722
83.17068856844027,81.91404246590875
82.88105436972575,82.26116780630392
111.58547174145265,111.3553004432386
88.44181455329934,87.4290127321814
100.13248090652034,99.88855567213514
102.07886387423449,101.61387206596537
97.71273546707393,97.50566994896668
85.72839000361603,83.28208519216491
93.69101983228848,92.66195957496441
96.98913412323171,96.41105449843197
102.49097445737245,102.30792300101315
94.442604708537,94.25292561431428
97.4470448085744,96.91707270319966
104.39908104031014,103.27217563797733
97.91843062636367,97.57480626810512
78.77824649443681,76.51112013823642
101.47468634332701,100.81929578209328
132.48573876131715,130.82756094640982
89.51426636763604,88.51408738730548
97.17358430042108,96.30427620092973
84.85314183803024,82.49049661407399
86.9590401708263,86.52336464177912
91.44796615810877,90.59562098710433
107.83403182708771,107.5149381939853
101.40154525040549,101.15905190613833
88.55654077659378,88.37476036224054
107.61385933679556,106.83855016079488
96.62758360724224,96.4128966988531
78.921225074591,77.61988878120009
116.53083201862277,115.34567322776354
119.39890137616517,118.99899826414548
108.12987164589796,107.75052671277038
91.49583872793879,90.98534701527062
92.45012701422176,92.21099414165893
111.96476932528704,111.38039982585666
90.35554095376177,89.22847061003435
89.1090266130514,88.3419278584885
91.82241343154938,91.3827493717322
90.7971008640369,90.63775407855786
114.90100811079726,114.70643987634016
86.41747071449434,85.84819017192436
92.98455913582,91.97769118451875
93.56958952618979,93.18404333222293
104.7291884435926,104.11716084527684
89.10060623176382,87.855381651669
73.6725362381911,72.6556547355769
97.08811682642643,96.79431069419488
82.80760493776518,82.39618300788688
70.61866708462637,68.77170829600102
86.54151937297028,85.79590521113482
89.81315132034996,88.98978708288325
99.03554141854167,98.88374564021791
100.92998408264344,100.75152242991115
103.24388175612395,102.3189533537167
92.41665937243113,90.6673763470354
87.7989147728018,86.86901114314352
113.46303439098916,112.39237261350917
81.55619101233225,80.14741831267729
81.97827074561565,81.33975921689881
74.95661549945116,72.38731216167606
90.17495998887196,89.52520831504843
108.00599454518066,107.33665703861726
85.44131146446215,84.64091464138228
105.12010249256699,104.9243704991989
99.68914748358735,99.15709971648091
99.79131043015781,99.56402761860323
115.11460124936399,113.59714569127014
79.25882340174952,77.29355557687654
105.64012867524927,102.96610655536266
104.49153233660664,104.11293854876807
94.60410183805426,94.49653170480335
93.50091217329205,93.28632860640435
88.85857512205453,87.96661815764621
88.88362145426593,88.76262068531193
120.06570024542738,119.62456406052074
82.28668386264515,80.1844225127752
112.95763599093625,112.51327414359447
97.02468151701375,96.85198962178208
81.9273954074098,81.04405869505044
105.86621085739807,105.04872751874389
93.29459412107325,92.89244556732694
80.65426685918936,79.1096965706998
90.8093929601452,90.45584478992481
85.34130564295785,84.95599385850244
96.1636854754408,95.60794366764867
95.44918137475459,95.0764013427643
81.32058887785908,80.16780514943972
92.91502820090469,92.67137061483929
84.48524680645738,83.5827623327236
95.8174987347385,95.28296999444645
89.66977888141952,89.09209865431265
94.58244924324258,94.40504441069399
99.17872941827703,98.71405666029209
92.16498724561937,91.48435158402297
98.43764357847957,98.07650158571309
106.41165352645794,106.10947334801536
96.0463926894479,95.83023889245315
100.78833421220693,100.14098517451312
108.15359540867641,107.37733367142775
82.32316243437813,81.4551249233252
87.47172146032008,85.98291727690416
95.34258792603435,95.2645724114804
107.12917005964879,106.71504768923829
78.88882658823381,78.60030726367981
86.58327667281692,86.31616129411688
103.54262046813784,102.4718580311572
101.4102299521495,100.72784377236981
104.22371233619506,103.83980295227704
92.4345343108659,91.85601536511977
85.29418938857067,84.83242434111895
80.31998991621217,78.18975905946894
91.99506225751405,91.5296302580417
88.04760015928579,87.65600862315573
101.38154741280024,100.37572790584632
101.86462725884863,101.65542832161576
105.93624557711972,104.14316042852087
99.85725416256948,99.65085032015716
97.88141696840012,97.17323106214792
111.57260565344964,111.14038018352396
100.37901359976257,100.111918415615
108.53503175407143,108.32346450651167
81.28001444293157,80.3741802001346
110.99979100594334,110.66168321643069
99.39256969960817,98.53665233755687
105.67355015190142,105.2083540747898
109.03074023461542,108.11189127033482
94.76270599898649,94.56869872164388
102.79031402861081,102.31635220343657
96.62034176435041,95.82169582880412
99.92907674686565,99.78157537585652
91.27679971827394,90.96371438547037
89.85331206954186,89.36294515420454
81.79528009740743,81.46041443426216
99.66389948552057,98.52765636776456
96.08183033568866,95.09189752742161
85.41560850316695,84.71213193462536
87.18550496218421,86.71609779961041
108.92758920126674,108.54987446937345
103.28711365362679,102.77313042571261
96.13843630126233,95.7025259213297
120.29063688536714,118.80196347620625
80.65504437494825,80.15851716228994
91.91094190322673,91.473306468892
80.1772487192713,79.41375503004315
81.07063817942797,80.39052014814054
90.54490923105426,89.79343760290826
94.25820556548177,93.60580310361618
97.70514541137862,97.44424803223099
88.51191211689041,88.19857386114128
80.66456480893999,80.22823337309265
88.28244346994639,88.01429692827631
94.07426449975964,92.60146124897183
100.30359692605093,100.13480271395086
89.06001919891497,88.40615923104565
86.76188430837905,86.56148797815663
124.91431522988518,122.36843052254825
79.57257631117663,76.86707797254023
84.88217044312287,84.50923197705758
101.41387510733115,101.23171135487331
93.28773068565467,92.95955608599779
102.51552474593291,101.75029962674655
89.86438925590555,88.36782437337085
95.83835947381955,93.41239220997377
90.65551612735891,89.93045870228833
88.18112106834035,87.07829801547885
92.38309483239631,91.96686502064007
83.68860835428416,83.10419555267707
91.67461720233892,91.13753672447673
94.34884442258577,94.09805687067053
93.12082847631068,92.21133783927479
88.23683622508759,87.67954124679899
96.60399428504076,96.31264973684489
110.48975126896856,110.23630712466293
91.78120710454259,91.2208435162918
125.86891835490094,125.166435155258
110.37112526884546,109.5990664386453
85.44697132510902,84.83081357411436
76.21758740848443,73.65160610518679
101.98133408340645,101.0313097922748
107.59583905903875,107.27282011377764
100.44690895980162,99.97998173185272
94.4156940188852,93.60884719385946
88.86504377778945,86.91141215623328
113.48145498128346,113.13289776188768
110.8112687659303,109.88940925593246
81.19833934880089,80.83654550947938
74.11263117816361,71.95549197141375
97.19562196976435,96.66195389023885
108.31879392958744,108.19927582541094
101.83657707849274,101.68720948568699
97.47113681010184,97.35531216056688
94.4072875429072,94.10877959997482
98.3912635414718,98.04850778684546
92.60241449555784,92.09843904934885
91.79977215678635,91.24370510224463
84.3826164054441,83.13774699619026
128.7932970625411,125.50577127007344
90.68776414320388,90.1820311276745
105.06034330252706,104.91444402110143
97.28706222357059,96.21349473838922
90.54273824451757,90.33950822175608
91.36139325998161,90.54925307214246
82.4654200088601,82.03158780332716
84.96526637400183,84.40588180227492
90.92775305179333,90.46873984701197
90.8604697767618,90.69207837052178
104.70960433068376,104.31322469141016
92.30671297227353,92.09916465590096
98.83747288157694,98.5017031273393
127.559871499144,125.20619105765154
79.10930079696195,78.22031731799134
97.52330505237167,96.1409870886505
105.25178938210422,104.99906209523236
94.28353417031714,92.90159119630245
105.36814360510321,104.62699291376106
100.04291018160126,99.19418366465385
89.33695675909132,88.85440454594513
108.92304452113781,108.0891959815551
104.81901650125812,104.25803452736916
94.16204338575139,93.97780877445824
85.53316247222565,84.99638756498095
109.43341630827524,109.16221349614756
84.91291588870641,83.26536779189297
96.43849108486413,96.09316432691602
100.18724225990826,100.00983548733694
77.29856107212937,75.0115911865874
92.62643342811192,92.04992647948524
86.82378276938555,86.42050559773027
90.6029097014826,90.35723535813862
91.16843348930789,90.70482202933611
103.65033692753344,102.42182768723518
98.47853643412344,98.13299138978789
98.78636164051399,98.15267752800946
82.09446315438635,81.7861903267076
94.28855108488443,93.45320461602543
99.1092509264047,98.90271576324615
81.6374599014639,80.612541091008
88.60526514911523,88.33280345055817
97.06772178898113,96.55403687723313
89.71364765819484,89.23575456791264
88.18970506869162,87.64020869583754
80.26817291491714,79.68681952307121
103.30802943573826,103.16449161222272
106.76332577353787,106.45277831998453
90.52137412940726,90.20912132656889
81.89033172693811,80.60633882999639
108.92710109441647,108.69283576904832
107.37152747429276,106.95702342702876
87.3938324573934,86.80077951136744
81.90137537013987,81.5586498226534
103.10674608212618,102.63256556632697
111.16316198220811,110.93390062542932
121.86768636711486,119.41425663591997
120.42323567726098,119.64333323863175
97.91207375037551,97.46160096361439
109.83219866873895,109.43328009031589
120.24854218582215,119.86235722669448
80.03856896522677,78.47411475005822
93.29899446682133,90.71934901762134
87.03171655095463,86.30831582316371
89.28994660138991,89.07439748271355
77.70388274524674,74.18984416437078
107.5586946042607,107.04793044710068
104.47340143683245,103.94573982654553
86.72095720349346,84.60115529595492
110.70300363023902,110.3717456951858
97.82259273110044,97.42249105528843
93.51172963057849,93.17506615093976
86.34540969786894,85.00553519679683
119.31627625640996,118.0293190408441
96.06891112671526,94.90883867573433
86.8138101204578,86.07527630350363
86.08558027767263,85.56747557050666
115.77429552001693,115.06134788089145
119.73772666846143,117.4634492862944
81.37718174286648,80.96582128568517
122.89818350628316,122.31508946172005
91.24415129497261,90.76431831153992
81.84292162753077,80.70539448343912
101.27590030711866,100.68076115896994
90.70422240294153,89.69006703836031
102.06208627853557,101.59468680100706
89.53749550846753,89.37241708960734
81.37409486992236,80.50278369610848
103.2531058246353,102.98409536314581
104.15870035195474,103.56563199585354
108.06562305506299,107.82210271459184
103.85480406594374,103.73241323994705
86.99583550227707,86.51972549832463
96.3175484268065,95.8252415619505
104.54735206624224,104.25385430867132
86.38809867901293,86.09618815727376
84.73157432286281,84.0170074572292
83.66858951146124,82.73539571648
88.09935648919229,87.2607746332435
120.73755365122794,119.79512076502768
72.4529345425116,71.57456365130662
97.87580212927679,97.57268614453815
77.59324329070466,76.72826764358317
103.36094173302736,103.14289628401698
92.94773347285769,92.75671514088431
90.13965097330883,88.8046469332595
89.6050633676829,89.363406093853
94.12958825853936,93.90134594155167
98.2128828302521,97.90483619273714
87.90845909889231,87.65964914145349
91.74341941093213,91.64292368508063
79.6876688196976,79.09493538657105
92.4513053789555,91.92214188897012
74.86436007300046,73.12695440154289
91.8062126040875,91.65441722406577
100.29277542231871,100.00633963037285
115.4815309405437,114.79470968978694
109.82370090682252,109.51495174674854
89.14821316167274,88.87908081999157
100.80227214883466,100.04564524674642
106.33210815878095,105.83548139640631
118.48527098857876,117.39191771377172
119.66614101545287,117.91146692513125
92.75098061900663,92.10435349428809
98.65207733694304,98.54041045894768
88.99677533443291,88.50768347783647
103.57948201216907,103.05337285661385
108.46852273883542,108.29726155136011
111.7909297012836,111.20705590761173
112.50966492813917,111.57450521139957
102.53013022034271,101.7277155566641
91.35127013539821,90.87277455381029
91.449460069845,91.04255369463665
92.86117397287029,92.5305873231512
103.27673193084698,103.19563901030398
98.6151679526505,98.23290783139583
79.553431306026,77.5811244268546
111.2669054199371,110.76610887842587
91.28864891173879,91.08486565733938
69.46628693019318,67.13046540105121
106.52176396008595,106.15750996531717
93.62443382855065,93.29862408270793
115.28392043177135,115.04112728945036
88.4342652531001,87.34174150743833
95.52523694960439,95.34267554328268
94.16122224683419,93.94792461805761
86.83423745050624,86.30285834332862
102.26010700122355,102.10084997514869
94.01373326690299,93.1908773033094
96.2288948071821,96.16147763738483
81.28828254030424,80.61705982985221
99.75520190348144,99.53565993716875
113.23084272841288,112.6633609061232
98.58072166651878,98.2223830416049
76.8363945708178,75.34018179551897
72.55567515520059,70.54959161907553
91.62170721191535,91.35050533341176
101.5453022189583,100.37014583266642
82.14238685398617,81.80275033460875
91.57315617903966,91.2313641593716
101.86553332880646,101.20815064254175
107.88180157012174,107.50998220231722
88.52698295850416,88.24796275973705
88.35847265643386,88.17277721863833
100.20342607144403,99.90047806828444
99.91559209524023,99.58238887214657
110.71247267024658,109.48722497597363
106.53030187645862,105.68379472332023
73.86281415338134,71.41253693564894
91.26473916080482,90.6861601961964
100.86801911372896,100.6038286295128
108.42731171852827,107.01952875633033
102.14533477578834,101.83297538902863
103.23310702216907,102.86498741019116
104.53540056707216,104.28184681085354
81.54290359887212,80.91647350358845
79.31496434042896,78.19557176364003
84.96671429321543,84.65144585443721
101.07030806638066,100.4341820002168
102.40797201524758,101.86184293701777
97.62800076765313,97.43640362825349
98.13629446335817,97.96356105353915
93.80794748195214,93.24172728038819
88.41534539743799,87.06586024682989
91.1609177227769,90.44541996602361
87.2060442034091,86.51788790445134
119.08605418387296,117.38195054377431
100.5222132070916,100.28969773174985
107.28522804609479,107.11726390769932
85.56165113620787,84.13155942938673
85.89350593303153,84.36394075875516
95.46504458461318,95.37426253582933
89.2656418614448,88.98526480078415
92.08957436960435,90.49997435525964
88.51764964878302,88.15855519107407
79.20015714160243,77.64596365027785
85.55350678027358,84.51880765048475
97.38825788480175,97.17764012217694
108.14745845470642,107.83034094981704
101.17164926205983,100.91387015933546
109.1004600388791,108.44494648258174
101.8772334601392,101.47338114462897
84.79437060014041,84.22042818305006
116.16754348995175,115.8339626539376
94.4738453869529,93.9825146405093
81.42881747517454,80.3929220684038
96.44565356733241,94.92059829714684
77.52758482762623,73.16133073175565
103.85349766144212,101.94350627468756
72.3043607238162,71.08559379530665
104.66818444613703,104.25524421944928
113.65051900229854,112.57512495692862
88.96796691987655,88.63940617554599
99.1036902563086,98.91171994023436
107.47036288373312,106.86225954975043
83.71426815200577,82.85368148765647
112.16880856173421,111.87731059538416
109.38055746464906,109.149084021048
113.15715581775534,112.79141014222874
89.53274735714112,89.08825552811443
99.34953872409416,99.2184627777663
88.838005893914,88.47198177571151
92.19655300979926,91.27084278011377
92.98913319652638,92.45254484154775
92.48166146730802,91.80735755522322
111.80753792974238,111.43976095665654
87.47436218191942,85.83897466847033
105.69134200768927,105.29694574454403
85.25074504954277,84.35419921823438
90.85537158007446,89.86073373669943
94.42340409601937,94.24184790026003
117.09506385756912,116.43921579875514
117.60589190068993,116.8059160683309
81.17824668232375,80.54200884111114
81.67552301120126,80.46447786366944
94.31909135800095,93.44833667864718
98.53633238828206,98.23328878938905
118.97336675131017,117.9853211256291
109.55207034625924,109.31716774951803
82.52529680465774,80.70807030337721
101.42174368311427,101.29255800907866
85.463669093376,84.5576575830729
126.13306972226488,124.40242137155701
103.91419011940809,103.60551880746583
94.7705691099673,94.49525123632974
114.32168450166216,113.84718634301967
93.90359173776498,93.70511930035906
107.98738530404273,106.63708202273591
82.23243085859832,81.0588187066223
99.37603641622296,98.49527686115255
109.8059619366903,109.27796975729078
101.88692084239767,101.4920255366139
109.55689738882978,108.39797240302345
88.8843733362437,87.82175783325698
100.0724676311469,99.85912688540304
81.05522470050595,79.03930417846678
113.46990334858181,112.4091549052593
95.41247435760299,95.0138323934899
99.75282547822373,99.5375661311555
83.32111179061626,82.44468840556686
112.8405014623285,112.35670829056144
87.07911359421483,85.58313621142855
103.16213673136886,102.28462741371672
93.81843678627885,93.36619103547541
96.42376173984448,96.1839408712624
86.3897538804249,84.58044361145257
108.92641153010507,108.7969144808868
83.08565174477695,81.78458445371517
112.47845688324018,112.2364122712511
89.87850757219486,89.3801399139375
99.66036420300601,99.49827599156838
90.48002516507827,90.2265800088248
110.2904762114429,110.05177191249021
83.50002206423943,83.01214554180265
85.36093286153489,84.78012668397949
93.33595424078709,93.08897842173663
100.7818439391147,100.2179648190972
97.83906107883762,97.62687563722844
103.94510405124566,103.36896274105746
99.82446615902484,98.7442841808809
103.9798352377784,103.88112966786687
111.91599537628605,111.66197449017271
105.89393335841767,105.52783287431471
104.03680667244876,103.63132094500021
87.5885112163992,86.07267172997376
101.63205385435724,101.03002558802224
109.7196834221126,108.89706127237302
94.19951500145542,93.86092480834783
103.55984926983952,103.30898767727614
87.52817163027332,87.3197155067691
128.75816669502154,127.03650209208374
86.82019642069345,86.14165429426427
81.4872974692833,80.94777892795499
88.75661412406838,87.75716941464732
82.20630074881456,81.26705989127389
93.19103294405349,92.8555588931694
93.56523235080262,93.28408521830289
127.0191625712302,123.54821178494616
89.08341664951917,87.28760282867847
89.66931172597904,88.91869130508509
94.72500811935963,94.5037309272939
112.52477472485617,111.9658419596841
90.21113371369273,89.63518965350822
75.21008280728017,72.79408130067037
81.72012392048734,81.04855704307002
103.04535945448094,102.8265337182179
97.56815674987065,97.18894366772506
110.18500488783242,109.88159562949069
110.69501420192319,110.14426083003694
84.67766462039623,83.24336735068495
97.80599818874704,97.73974544739592
83.69953212933855,83.29149667889943
79.87662316518603,78.68190007053839
103.03520928139538,102.6429544497802
81.79654838927001,80.02415413578477
103.57196026597741,103.35088069817897
88.29347920680293,87.85629343177008
93.79946800151761,93.59913113766672
87.07064029985273,86.53026165958525
100.23231479355553,99.86306591606811
97.35522716631138,97.17674140986281
112.34393547475213,111.37400952208515
99.29747091013367,99.04663211882678
70.36052554632656,67.88439849643044
92.93190771482239,92.66049765968742
102.82309738423898,102.65217421053865
122.92187969323842,122.39024718939375
88.396108236247,88.15125310383206
85.03758971801649,84.64320626632387
107.50694517096542,107.10004439029889
87.36874056503567,86.73839022821899
103.8876102810196,103.517172444573
111.33991560152762,110.99164127855516
99.04855577772679,98.46361397041744
74.08511825513811,71.66429794511926
92.92618098392226,92.53223493589869
108.06587516145095,107.01652592859608
83.03544325072802,82.19818997734711
86.40411442807032,85.71870437861837
92.11985771102276,91.6221541103289
69.90390564367705,66.57388770246392
89.73705522365098,89.31568866983508
121.04789018185431,118.20223971201528
94.7756637022895,94.32642314046129
98.40334657220993,96.72187627797607
101.54071186866182,101.32036693426573
107.36366184429667,106.77115105985091
96.87126460314181,96.34364051702929
108.81118969068186,108.43375349108666
85.19372808821525,82.5250043189456
112.01196533573972,111.2830211086443
95.59808194849202,95.05715431313698
89.62903737341603,89.32693878662626
82.96971222062928,81.71792826080402
100.4872752324805,100.23301004320471
74.43129286146939,72.59869744126165
94.0715968737608,93.96214997409932
88.9101864228533,88.688105682899
102.65975425692834,102.34217597872076
97.54069536508827,97.39318782124715
95.45989789779877,95.2676629151548
90.08374535915077,89.88836690800693
94.76403668933067,94.368912817162
76.83664175808651,76.21727513909902
96.98722492320512,96.09997465149695
93.10876375430665,92.34077469611717
86.158886001875,85.8636529470839
99.82946349402879,99.41311369968294
100.99506923710118,100.55411712434584
109.13042459653414,108.07711869840425
105.0174501652182,104.63600128168021
84.54000843693142,83.51734811181262
97.55553364593719,97.30907250630348
89.6853215612868,89.26610935326289
79.88443802339499,77.62824345948756
88.24782113477171,88.1115670239795
91.02227168868473,89.4950200474972
105.2677134229574,105.15801799476235
101.21881557131805,100.57295084932464
82.12907139179516,80.65171399237599
103.03866844779134,102.7199953135908
81.70861314644971,79.09778061807916
87.2977354874314,86.79543202343228
96.14976630538933,94.13374241819095
84.65936794034988,83.97409596773616
98.17949777998636,96.68435418642225
75.17903705738809,74.1300254656654
96.6007790574986,96.4602249130907
98.12917077271655,97.84279313674672
91.8309677143348,91.44922660566368
80.00253606942225,79.10560653831675
100.68991101170843,100.30529856849371
84.94642844871385,84.69162871061393
88.14865276061913,87.88806887311425
89.75275103597795,88.8835803034185
93.91582150228243,92.99170520984279
86.15910487385659,85.76545390735512
101.84048914928545,101.61211604938883
88.7259683380416,88.19380220351891
113.83970775140271,112.49905136094661
83.79971825492568,83.41025235380991
106.91843388547807,106.68697551227628
82.0920977653235,81.56062049095112
111.80669091990248,111.23654981716642
98.7861204959277,98.22768302084565
89.88842936882155,88.6621754191906
80.46419793382145,78.45725602880322
85.83668390355864,85.25737705142484
89.41335173713802,89.1201233827736
100.57524313823382,100.33119679936868
94.09658349988158,93.94466593241043
98.34704533629747,98.10307503356738
94.82187842360894,94.41993834910132
76.66947642162782,75.6910235509241
110.07729480729897,109.73665734690907
84.01897076305185,83.20746717887265
86.51420050488665,85.36563179141919
109.89839590444878,109.75617814637087
95.77421497824986,95.47262180765905
121.18803763634611,120.29387604351587
93.52952925479957,93.12558710966911
91.437011664498,90.9636223617984
75.92559669558385,73.47966191164707
90.93548432577057,89.77821159140062
97.18112691631454,95.59415352837014
99.51821412990537,99.34097551127391
91.10291071273083,90.34502737186352
80.13229439760791,79.07728908620642
100.01726861844017,99.6518875828842
89.43284932042701,87.59130009686766
88.45765527197644,87.97477715279072
94.881468556564,94.6408387474427
103.13945168138676,103.00837171844726
118.04330260907085,117.43381260621805
107.99447041477568,107.07371539330887
90.53832321341001,90.42125151340824
98.66526583542503,98.25346080721233
96.29968985697126,95.08864727674273
85.738592286965,84.5419799253211
95.10181976725359,94.4847755964865
97.02064360878086,96.73404020530106
87.83167449705321,85.90012787858578
89.20108208764643,88.7661368076262
98.72330226523573,98.17558786990114
96.5494732390197,94.25720525010505
117.73495874911788,117.20031252871294
76.13393783566946,74.69104154527481
113.47715142887765,112.75876873696764
76.73077278552616,75.35780963448468
123.79261048467693,122.2023550477319
107.88367708883838,106.99742852193043
100.7342773383614,100.43309593644862
78.39097383385192,75.82161713743325
117.41798898489587,116.5975513208454
84.7142397483445,83.33800655519727
69.4978435470393,66.97398898395394
86.69997847525104,86.16416515604062
84.06376728480531,83.43927324339599
77.73433705362406,76.52930325574023
105.49111014206379,105.11834994212037
114.42134706723668,113.91792259853759
100.2227228090326,99.65349355961234
95.2243919503164,93.9715616577249
99.08863805827183,98.71244096326804
84.2987172671347,83.87986020727581
96.52312228598787,96.35764444903204
104.65442256990382,104.4231231241479
92.90900252615991,92.56454648461974
95.88371296743168,95.2673726415544
120.97688966215102,119.57057842507047
86.7075899751027,85.72582525257083
112.04983987915297,111.41761518403986
95.68568834102594,94.64760393450473
89.01373293972784,88.51102836403582
79.3985857395175,77.84721346325244
86.17264530907418,85.7008418223357
100.80724987277134,100.13219099545518
79.10524825913281,78.33151022993194
107.32133438990421,106.59125898858031
91.17089244686973,90.59818770440663
89.32495630675683,88.7104129330518
84.20556735474753,83.69839786688632
87.7592905132283,87.52418264735702
98.58763568999824,98.35644343621246
82.64646915502061,81.67877628075439
101.36632467672723,101.22407873706294
86.05854866961006,85.57576654737221
101.99963120521703,101.34563510682007
90.06896339982166,89.16821590071181
100.02111916663316,99.82112416051727
95.26684524937733,94.61641863638714
101.20683340254058,101.05227979154903
105.42229754749364,104.7108867608685
88.84576695296431,88.18367675896728
112.57165577973483,110.98178985682596
108.9840773953749,108.17289655811031
93.33687027393846,93.05677887728605
107.87697170209276,106.95400521945119
88.81890203443363,87.86049172078106
103.94811004888206,103.66516905468309
94.14797484816097,93.55292998937148
76.5382461545737,74.92698834752359
98.95589054245815,98.35446928030609
112.54544925412252,112.34569508833717
110.79830755956655,109.77915475147266
92.68459100007833,92.42800708674059
101.97751135841227,101.68805155852944
102.69208348048835,102.18313716460737
82.23826661786559,81.48350761244288
91.43166514438059,91.13087453038979
100.26885280849314,99.94788360026142
95.39331714574966,95.10559087101899
100.7463601499692,100.2348626757306
102.3704183073554,101.94798539955772
98.63835590806042,98.50521206530925
101.76330339150387,101.33291693648879
90.41968971389588,89.97585804760708
106.40599547991485,105.86410409098843
88.66655004297462,88.30834415542668
109.76172089688323,109.07497493612487
89.9456030143424,89.81171955948633
98.10107778159922,97.5226360416254
96.39826518039426,95.8238804176733
94.00389143271696,93.80500706049233
106.5648454430801,105.26358668829336
81.05468124311724,79.75136212674239
83.9527707494918,81.44537242602166
91.37314651744853,90.80996586026528
101.6117002120552,101.15606374784862
111.40909727723603,110.40338907299093
92.20763711536186,91.83454434984533
67.02400396453314,65.74365832112446
124.22874040344642,123.46607250491346
93.21084952521156,92.94243953738203
99.41399939082129,99.1482974769917
90.38757101460384,89.90482247319383
78.34785492598957,76.04789182408233
105.04096019674915,104.82593089813197
123.02328755110892,121.46343067807383
100.39582584734589,99.25261889795699
88.78152306051359,88.41930926585354
94.93109557876097,94.53044911533894
99.1615855589752,99.02628322838046
109.13536953922217,108.62366366935512
97.4170011569732,96.2127623240165
100.42121996520474,99.9658373860253
110.90141713187873,110.51084197483473
85.26536715665976,84.03078967519619
99.0549081908157,98.31147546766776
105.13826585491856,104.67601762509823
81.43051049516477,80.30415544892483
89.47577374701883,89.13633647402303
72.83072768052105,71.19215243095513
82.4493603187833,82.0918838806009
109.27512650373995,108.95507712123138
92.11137646650623,91.7264813236143
103.37756901985203,103.0631821586302
110.28505032940335,109.6480193089745
81.35000616159724,80.53175648659234
91.30551052248055,91.14313469179862
72.70649383394131,69.53202803824743
81.38439035203028,79.10914202184124
102.0763730175442,101.86304733784962
74.5651436567677,73.90836132312114
98.85075182333618,97.69097419198266
76.1240311531125,75.43822083169624
85.9703490226967,85.11725176108644
84.07529799544392,83.81313188363364
112.47981058154542,111.8134506762695
68.61175137973268,67.26039117215058
83.06299944591404,81.55485115132961
87.39888276987675,87.02751443934262
74.60295622325141,72.49955393498855
102.722751885037,102.45044536728471
111.15380899641427,110.52969448842977
101.86996940175551,101.56521461315894
80.99823398330902,78.90325737614153
90.5625887751657,90.30250345622281
102.46923469344239,101.98665165906648
70.32926909489231,68.09784031029963
101.15137845013567,100.90875842016828
103.42759366898215,102.7841235360423
90.16851224421568,90.00640970764864
89.015289414625,87.7049745193829
87.4550230529833,87.08987438417272
88.78547921392621,88.38745724652907
88.52193299741566,88.08639036147022
77.22157407485963,75.64437359353771
111.88858253239212,110.29109048741292
104.58089002378985,103.6678841347812
87.3337896667089,86.17125726781667
99.23165210327593,99.10428527467356
98.2070153363801,98.07468318241932
92.77670535181835,92.53117709580043
81.331176079885,80.73548985316144
98.41290269275117,97.87817745092524
92.8726748497448,92.43105583305312
104.36371758545032,104.18069612597563
95.26613325486876,94.69350699192914
123.07677111496295,120.23663976875872
97.24151058788557,97.07172535976036
89.70088445180416,88.55459068281903
83.02418242808551,82.44464357883972
95.5479841249608,95.13246440810904
108.8064449633953,108.51530091997678
112.32476062064987,111.99938486812111
107.39474209787687,106.55360630310626
96.07563331596533,95.59976199596997
96.42221042520993,96.05095794481481
95.51213748544642,95.20437038475085
96.45398732196745,96.0932297788099
96.33805132377758,95.9395038330703
87.45161395715745,87.17327021124058
98.57185184214413,97.75593169387194
90.86189720331264,90.28410871882805
104.54197848245674,104.28602672148858
105.88893066866716,105.45137540711947
86.31531492810367,85.9394905432071
87.4504283894479,86.63513243831468
91.55739172420694,91.35547998558901
85.38018476191505,84.8186284223472
85.8131864848303,85.59899665868471
102.05285144525872,101.85990535788842
95.09945015351573,94.68275808539194
114.26358658573218,113.96175066882734
107.20134219522866,105.53977802128539
115.40429510752901,114.54337044795452
81.94653097635768,81.56344966499374
96.51959681501226,96.40408457795087
99.05117254007038,98.00904382731031
86.8457354346836,86.52075939052233
88.81050086174609,88.58330859157319
85.2994636519859,85.0526646736737
114.45934921449341,113.97059146144035
82.13104617592117,81.2650172492415
104.45882857972643,104.26852269889353
123.1049532896295,119.73932640312547
83.21784685275321,81.55759579877851
97.07783991296594,96.73479232024894
98.13452193060131,96.86844358876616
81.68084575335247,80.98095328217894
89.00972890334093,88.17771123871081
95.23965575183955,94.53142025493769
86.83725530019906,86.09457258988436
82.07983008445115,80.71667096375651
94.83997561149698,94.4475529157623
94.91588505248728,94.49139121003495
89.87737989334711,89.36224935035135
82.46359310572117,81.77256669755914
103.40254851596468,103.32238081171434
101.05571981815534,100.75734158067654
112.25712378967701,111.57078691325023
98.24980550995993,96.90294838107886
114.28226394802488,113.15878489890977
92.36026016944611,91.91758830868851
62.188960672811916,58.814490250357984
81.32080193660028,80.85128676637156
86.34539243018368,85.64782197443773
79.10585339065032,78.65974937943405
107.00735732617274,106.51404554306319
81.46371087718352,80.59211428371634
124.70714413197786,122.65290391482868
86.26244101665985,85.42543598032444
104.53916097572605,104.39884715269928
101.09863065054562,100.86876032429049
88.71005375215651,87.98475976991449
83.98638630795463,83.25578658247598
95.93081894420249,95.36070465672847
103.56453672671687,103.15027109328858
91.6285550225722,91.42147543140523
117.1859882375838,114.71032711015737
101.1362923494909,100.3381517647361
99.4532581951137,99.21874997384093
105.36166227394082,104.88111771389904
118.62318001967473,117.76029603450654
95.54084910967804,95.28135117952486
78.73736540509982,77.87378442751371
110.2186521829858,108.08948219733144
96.85298465276455,96.2341851239636
127.31381273239334,125.90393457173158
89.3717321172405,88.44159761543784
88.41600901107675,87.33188056203292
95.88479669473163,94.51225180047048
76.51304884834954,75.60970103938189
110.77051668167768,110.37087393728747
88.74550682021379,88.54678146640278
74.69426727101143,73.67099533960128
103.84744901105718,103.36873082807094
81.45079106293402,81.03721357313076
98.59547157920849,98.37447136333734
102.54836114884282,101.93007309585337
101.35565807980696,100.55177897701115
78.50899719932094,77.68551257239069
88.97976381790915,88.50289361659301
93.32339388980725,92.76357623581555
118.4505527163794,117.78125406804894
87.10506792479725,86.78408279627259
112.85939728500139,112.07449041753149
114.73863420181898,113.72110998859834
90.06411710292637,89.71704152296032
93.16516663038783,92.41497396609968
77.02636414403918,75.34074387944797
102.74669609704053,101.08742774029638
83.47331677009353,82.35334217874258
75.54976703587144,72.56786564379054
88.16005264116508,86.67780511608946
101.28080195318445,101.14656886893462
83.34823609546115,82.29842159739168
109.17322976566439,108.77850679683105
84.7569433232421,83.6481200682277
96.89591230258355,96.69797713406524
119.63300266224378,118.59582460404404
94.48864253707592,94.19756353750739
108.0055516176127,107.59918401718184
107.78182084587446,107.5217101746783
118.91973362449795,116.69999724355199
116.49759238891791,115.98217158828359
79.38022846779451,78.19487356999824
74.94210112987193,71.93752965972234
104.02406934823505,103.48724521574407
88.04750935926411,87.60722209613
102.83344985041063,102.39487820760566
102.79596090053417,102.44127578642008
94.5319054916453,93.55902330092887
78.48680460310426,75.15256064790826
82.88414495981378,82.29887200136085
90.53895675850097,90.04896676464452
101.61272372051458,101.41872338345895
89.13229952342122,88.32342739904236
126.45655054614731,124.98582760725502
100.19800394244389,99.7946097217039
100.19041844177958,100.00276508396098
95.74179491559211,95.50789411274533
84.80386383710703,83.38773541173367
111.05798139558246,110.62598213989729
97.4670279378221,97.31491455594984
100.85855407101253,100.6361648846605
112.0669818309768,111.51977503585523
102.06254243598107,101.79993103760988
96.87465359516226,96.69306317033895
93.43978031477427,92.92452860492892
91.80099216481094,91.63010464245284
105.61762778462527,105.40480426052015
105.74507794439697,105.35617303685162
106.97175214860869,106.60897438698314
108.4958707997434,108.11562120806693
101.16323607720538,100.72603563081125
104.35904747673781,103.98967743804565
84.20846149017754,83.8336433566266
71.10245292451567,70.18095666513051
97.08114541977841,96.56296773272172
98.31588687498996,97.05318131664158
98.63259651176558,97.9444076810276
87.47638074421795,86.05021469003078
86.32278362577645,84.73140938865926
108.62860915213437,106.12561068085743
96.13775952319143,94.88049705844975
120.73393385338784,119.34737741331283
89.87728572803306,89.10369601766564
86.88564732681972,86.58957842566967
94.29292271786706,93.58968332104837
106.8530406838315,106.68650129591234
89.45194128525608,88.93982494567916
99.17995185308787,98.99053308432981
109.21220131746696,108.51272593795828
108.46545945326743,108.17114513197183
80.7663132693964,79.7741029329837
100.616999858603,100.27507453845557
108.17228446840387,107.99252752530708
85.81619963198618,85.24798513965187
91.51129077109528,91.02759111584217
97.96815754377108,97.19297850889816
95.14153935999438,94.9820539958012
107.50866745876009,107.2398845965838
105.56632739707264,104.55018874248087
104.05470207785157,103.14153302640024
96.22403231668375,95.55579927486853
101.65997973849522,100.73428380130129
104.38446754959061,103.57142784947074
83.11132496894027,82.36268473695523
97.10854785911542,96.5156215718018
77.3713316600094,76.54571955800883
75.03646722616483,74.07531840506424
111.64508627618224,111.13396318686755
94.6694340947412,92.78745384479112
85.6894082738881,84.87762292338155
115.26011764567714,114.34681421218022
104.04502131539151,103.88463775859523
76.85622797523236,75.41073964461829
95.45080978878015,95.30547970422306
106.94527884041173,106.08761117312088
86.79803094234376,86.4198927566545
121.1258542490204,118.78534239393915
116.30418940130846,112.79534817663209
101.51636519397105,101.08067228534898
86.76195131199096,85.53656609517066
77.4167801186148,76.58248629742754
93.13911523085422,92.02479485328041
93.4364023243666,92.96318417271166
104.16756043227002,103.97463055271353
85.47480461365383,84.89195250205513
88.10734656178057,87.70965247493608
79.36784202087149,77.57651505401603
90.38438442051807,90.14826600459133
119.44868543387771,118.58128632253417
92.27638626538914,91.94060143676121
122.86333488727342,121.1625327554883
109.18602962560078,108.1207335301435
89.30100665868667,88.3191759445918
92.25352660341659,90.40552557867906
96.21241353659273,95.69699859776617
106.22822683320211,105.82220702000859
99.4740283604568,98.3927705096784
105.98719071763044,104.85872731187732
81.22009764040213,79.82620597811122
107.76870995175015,107.38054923062661
90.34787758122125,89.46240664263448
106.30104694963761,106.0096948783538
88.22412835170526,87.88667744927109
113.94206926838031,113.43431616903368
91.21321912783922,90.3075608435455
98.61604092240137,97.1492649294896
99.18710825945216,98.23547056892012
92.75049087291822,92.44812991829299
114.6881225366429,112.60792511390557
79.43134558233021,78.74274861815579
93.1332252920455,92.95410561546689
99.7266457970808,99.34165210902106
102.81021581643517,102.26114215352577
105.29586895142671,104.77374263262153
96.73780949272947,96.51232843677067
77.69297809173122,75.92191336470076
103.9369730427954,103.5275568660545
81.49310538153644,80.3977815255486
71.8148570923022,70.58986849090881
94.43008445817823,93.94177151429774
96.13050927718437,95.94667391957049
95.92942972305366,95.37773866650498
92.66685929680008,92.39484848199912
98.50870943338012,98.20984562135261
100.22818348005774,99.91375520662366
122.56317868942274,121.79551644768354
79.19948149041514,78.60225023192199
105.14739247829317,104.82107481507818
99.0625560250747,98.82529242386906
91.58084183948483,91.35654279868207
115.74047908804447,115.44750845598128
78.09143201334388,75.69752200739595
104.63926090250696,104.4768135063816
109.68718476507547,109.18936717424937
75.3684280399558,73.35629176468856
98.04622991810167,97.57456064813742
96.95902548795479,95.09829057097303
104.40493445561543,103.08980252363439
102.57930081630535,102.35096584758658
100.43293226068157,99.90159573426115
145.78566123487946,141.85144100437475
125.60036122971368,123.86775977591402
84.00339852569323,81.88371404683761
102.32345284638008,101.4909378826617
102.3191583395002,101.98025824795636
104.34958997740492,103.97887640557185
98.84273554514712,98.53209019903805
99.30543763467912,99.10674668333101
94.4590233049415,93.99119589572659
103.7923995353439,103.26666512804282
97.56066776188324,96.83113583991552
80.57567612380032,79.31884807778111
98.32938820422044,98.12686758514023
113.12414523316181,112.83840773543412
100.3522740556474,99.62197702478852
84.83839965371877,83.89180738864813
105.39017659691349,105.18686448321513
100.79969135063105,100.45645390274957
87.76213798915073,86.22396647121155
91.77867731529855,90.72153701896069
89.93086995907206,89.31465647555792
98.12303048299579,97.97221061922453
94.63047544879055,93.9558435802956
90.70931202436824,89.39007097262198
97.76335254392535,96.88615450320965
98.06372765298327,97.01401937953271
106.65712711178783,106.24681923326423
111.84141986560759,111.14814905504089
89.302181967959,87.87856955465016
87.4279699495509,87.32772138737332
84.90285408865324,84.56176713544595
115.2714637289635,114.76534207178666
106.9076464578498,106.45699609688056
103.80847500403783,103.20723083462562
73.06936995480132,70.20865113649945
84.01945955835934,82.98208072988204
87.40832867066389,86.84007048435467
94.30273448018616,93.88834898590083
97.87051714878947,97.37649495034664
103.20148620600976,102.87733209446426
91.76193320287794,90.75831048191854
89.34688055778673,88.856288100158
90.25132910487692,87.7184412650246
72.51096156271201,71.03405578068572
88.729106347572,88.38107741198964
82.59426782666112,80.6065894478132
97.71457275692313,97.45170721597826
81.50835028565612,79.74268420342015
102.19000088186819,101.7805408488217
112.50378504425447,110.54518731193562
98.07802570140258,97.56701592934691
91.36992902492065,91.2371011660151
106.90615081763623,106.51962390960765
114.37338081903268,113.94982751965625
104.67465127999247,103.84482018749408
81.39408300076177,80.35147735496355
123.41384706000542,122.5396937161285
92.4343066079411,91.91224534681294
113.4175780532733,112.18028163487594
120.241515704864,119.67735856303166
91.97605234017107,91.73720934380881
101.98083526191208,101.72476733435104
99.51058292630796,99.22959921974734
99.38571948186909,99.197356830512
88.96096079923305,87.79014807105011
102.8233936045779,102.50174699328447
80.65996762009522,78.78767790301677
98.61138971252934,97.51316771374205
74.67142948115415,74.0339980984387
89.36518098824479,87.86008007567473
100.42670949512953,100.20446491385452
86.05633245372788,85.4156025392385
86.97916154384359,85.40324185770685
108.92485530187133,108.27728003041904
100.75376655940622,100.21700182445969
92.96144836701734,91.80856166481487
99.96438631572515,99.43277686296379
97.53350795750106,96.89029621270585
94.55499866987884,91.31474961350484
74.19305044774254,72.98189145347024
90.2325542485852,89.24750096197646
136.6317369092664,132.17574134004832
97.82619125207961,97.32880603196966
116.19865643806679,115.77720055000297
86.56882468535437,84.73237860588955
83.46970494288665,82.34081927913165
94.6008086214486,94.25232014357867
108.49423076528846,107.73702087688194
106.53973592202732,105.98400735147615
91.38658299418805,90.99704850417896
90.69031966033174,89.86453874423907
91.31354672280136,90.69797634291216
82.88646290153636,81.98685195302497
95.47680351202727,93.53661559806166
85.16022911425918,84.86503639599347
89.16488055207975,88.81271277740233
89.79911492523058,89.56463124478603
86.48797380265495,85.84584834451007
111.52849564967887,109.90561894539469
94.43821597381282,94.11574509693867
103.11412818979214,102.55267963501696
96.53015178227096,95.8485173764322
113.09897834958403,112.64246742788727
86.45489554917711,85.88787477170679
121.67269295014376,120.68460836160637
84.06581109934834,83.32479614857355
80.01887016689123,79.19518162425597
105.85975488277695,104.66601429634292
92.20109675358319,91.74410563254104
81.25959003268828,79.79226593319183
111.11644583133189,110.7363989897904
89.05152067518051,88.52390119761854
92.35181680228946,92.08880603197154
79.33761197647846,78.4573381712311
97.75838580056298,97.41900790161213
108.48164983275163,107.09153092041562
87.95674893392962,86.97106100557927
104.66864545007775,103.70078789354008
94.58237737663507,93.61413981149197
110.48755362741039,110.14118508752183
101.58569988445466,100.56084522390742
91.5464715098839,90.20922295608487
96.15781474476535,94.99886934681774
86.19072260622447,85.94346654530031
83.14452500673283,82.48573463018425
93.09875473792955,92.89097604567792
100.78084046394095,100.54091209650333
98.15110732300336,97.05162031243265
99.81875493856019,99.62164332330907
93.86600515763766,93.3610439670357
103.8951543378304,103.40418074335291
94.33506165564835,92.97865726793303
96.89723282715774,96.18421781482776
98.79904603541391,98.62775899108526
102.10252358215998,101.87929190060522
115.3284132287657,114.22273509628013
93.88921383761073,93.71344328678026
96.89642972723613,96.76206843194684
87.47380232229249,86.52699759186068
104.13112937940106,104.0400146028995
78.62307312555055,77.16775327658469
80.80961240541075,79.81932180948296
86.14092323753512,84.94527057796749
82.87714642376639,82.25098065958616
91.74885719940644,91.36986984742396
113.81760036403305,113.43602409537971
95.54221331551103,95.28996402493958
96.446024495544,96.07466929274207
88.66984218704862,87.45426454815104
98.79236130205877,98.50808626991318
89.98405882775658,89.50276537882654
98.36167016285121,98.21846608660748
108.15873261551047,107.9885422017883
110.07338457895341,109.8172576163941
99.64024760932675,99.3061911411206
80.31709709353207,79.24215270918614
79.74524615946056,77.71195586914503
102.6352803464695,101.83713344869189
116.53369639987055,116.15257659598456
90.88948359337765,90.45218337551702
90.36398362999091,89.59986450202967
125.1489712425432,123.92062760226119
96.08266758691826,95.50499996809785
69.32299584007627,67.25629289259946
77.8399816068959,76.79971938835659
83.3340944268158,82.71785905885613
88.9618383520647,87.74814370971359
77.42559477017888,75.62725465539374
92.66649966537824,91.80833454424875
128.84593752288285,125.68065010145364
78.76251621127568,77.05764454957776
111.20367186510798,110.96305600151993
75.23596762560805,72.35715462082524
116.1134897178961,114.00827322379288
74.79401322657984,71.86724616298115
95.38282875326982,94.85685639741557
96.15430652156584,95.7301033301321
81.91905016964442,79.65636116480204
91.4427689175522,89.98682381800178
108.21721527132475,107.39940629076193
93.98297841300553,93.72199653268953
104.57685548244312,103.83956906952452
89.25412420746663,88.31205127434383
87.39707761154361,86.7634467526009
101.96416966730932,101.29587704361751
77.58118775301415,76.31163112401927
102.17727565747433,101.92754268322147
101.81571971328043,101.48280952528036
74.2582504184002,73.10960989591507
90.69232586859202,89.62375793401324
101.15245961550073,100.576907739712
96.12901570749611,95.83477282068124
85.79879375572695,85.2347554640599
97.83410405260175,97.61272835384662
102.14875682742382,101.49782212182392
78.9696130622783,77.88851129488262
97.7781359112539,97.23181722262407
87.0875432310524,86.05988853682236
84.51073991735278,82.68284782468484
104.14961301406817,102.63754701354173
108.58638818377216,108.36704599354537
94.04705266993582,93.87443052240437
79.22177430661965,78.14400503912265
115.48578125390338,114.61905459320722
96.66228764272402,96.12382515414087
87.88120216426167,87.58775041308158
108.10688933910063,106.57682843323128
97.2313634015432,96.84625443592209
92.61194544836337,92.33928940167407
109.2823747657884,109.09698140289652
100.34081981416692,100.10217006677671
110.68780199388527,109.15910252918066
92.20952991112179,91.94983502365571
82.60635943630925,81.16625534149341
89.68229386202678,89.33715883165046
101.42449122936452,101.2018256227215
104.53932080893645,104.30528865306029
87.07147703458688,86.22530034696004
107.92302566124341,107.1157490280538
83.43227170171302,82.13611974933748
90.38119666861363,89.77807486474619
98.51180081280401,98.24647831257742
87.49075697382561,86.90488646983812
80.86360228126618,78.74076198322078
90.16903897685962,89.9867407340852
88.21421576216667,86.85708887748414
100.16229859358609,99.16352595373404
96.70631293658995,96.20280857301304
89.73074978704003,89.33039363140756
87.54943314405371,86.45136207862768
107.54193358911222,106.5713994835902
114.33104296346762,113.3538178499525
99.34095154038246,99.15127407703957
110.12089862127905,109.74263215195681
88.72470270738677,86.78600549509625
80.78243076735446,80.01982984030052
91.5448385085483,91.1690985251654
98.00018104285844,97.63557903945822
111.46335366350168,110.35479591139625
129.84527921127014,127.04706895417006
112.71467492649727,111.47770383079575
99.62923281186852,99.23827657861135
105.8554579383896,104.55975939347046
91.93861049154992,91.73970787903971
116.52996199876122,116.05250894478941
101.26541341603472,101.1323280878
95.5282685491636,95.18150477834197
99.741684259419,99.0521444560922
111.61124232445648,110.60440678239954
103.2074007972979,102.53335826940729
96.02254198150688,95.34697607501569
97.16198048521495,96.95931110666565
96.43055360307989,95.3213383834894
93.1222251455137,92.72314971323055
107.97323806317031,107.37923124800767
84.87419563449308,84.3992731081871
92.66932861436497,92.51222732610303
90.47671298443531,88.99383205313559
100.55250597131334,100.18032184422603
115.25800764302473,114.77882733497295
79.57120748928527,78.42582745855361
105.38503782836767,104.61153834645746
92.52655260583235,91.32545634677105
91.79519167093585,91.49663670656784
85.08339211228298,84.5692070725903
91.66806703707373,90.96227888287555
78.29211203840838,77.72239043005246
87.50283357357661,87.04125005187487
113.10675259096656,112.11839884645562
143.9020813928255,141.1886390135119
94.2229960190681,93.33396453673663
91.1039081778761,90.81805041544995
95.84993236686972,95.68104133860821
126.51515698288756,124.94969044123071
86.16265733755228,85.65105410362325
98.7750989407904,98.36584873972883
96.02399962314726,95.6449320080574
94.95807706245418,94.53365835245242
98.02048415925218,97.53056290050623
88.07358026710394,87.61020730579831
80.43777679333273,78.5642066516382
87.0454075876508,86.82390830205303
100.32375597060313,99.856587498052
104.82063743516419,104.39112162591107
78.34546526363182,77.34346138018013
92.62899642743345,91.06907780654255
79.25894102718532,77.91142517313638
108.23124244295825,108.01234696880614
77.90971998427563,76.46989158817104
116.42280170337304,114.2480807807929
70.22941237292878,68.02434076092904
95.57441633132977,95.39147699246305
97.01715098790055,96.3203944239366
87.02364330037445,86.1215352679434
100.47724938919629,99.46301235584771
109.27410094130539,108.7916348093742
94.73786804880704,94.58666694562761
98.32212350488173,97.757281147781
95.01298908628138,94.5259108139872
79.88744006674597,78.10261326111481
87.1313730426934,85.94890996797132
85.55394425019162,84.47240873056133
101.89045990335437,101.5112027118537
93.57700615759384,92.7701417902026
91.62563303577939,91.40346240148676
104.33533567705224,103.9705540776666
90.51217167966763,88.36679341662722
109.3714385811856,108.90303195967776
115.96603443566858,115.09567192742242
91.15889751053788,90.41570875582751
74.35156337365537,73.74389424575136
75.61078884292615,73.71287846241418
111.10607423969728,110.16842130199265
100.65360521453098,100.4303703971243
103.0288995308697,102.425735304129
97.32332982038724,97.20599619036777
110.89343201523417,110.47956245741295
88.029378861581,87.1072407008046
127.13725352265678,125.86009632552013
106.55461757342796,106.1093437554564
103.71164684542374,103.235261458657
103.83510333720719,103.56880787784162
91.40090685700179,90.99180046824041
93.3256630367719,93.14247089268571
101.6324857474409,101.56726198662105
79.13671243532697,77.71459140611736
98.27783616869483,98.08206187011051
81.32743238003077,79.84333114280624
100.32721888078937,99.95632367523645
86.77418360060392,84.94041034010424
87.22906762401972,86.77954907009133
89.5676820928548,89.33648709874902
88.76556066358978,87.88070996141091
113.13106188372787,111.12359317772881
84.52104890638572,84.07255525922928
68.96221176150705,67.20108535514277
101.12786209050414,100.95984580478854
92.29294801815827,91.58917123478754
80.2599061520648,79.18622246058959
97.54663225692832,97.17834159286434
89.14493179073095,87.35053363445411
86.02280513921491,85.79566774113016
102.20487187568656,101.85732057348812
94.91584933196911,93.6415187138498
97.66122857758596,97.50552564360163
97.79630338857073,96.60995164423507
87.47635633412965,87.14329348909531
80.34188939497011,79.17791285295608
97.79803126280268,97.55765623871288
92.46250998465119,92.1646731781229
112.96569943021586,112.59078294197066
101.10623170175357,99.76286429473578
93.26094205636738,92.88827418483652
92.7088748782514,92.197166326085
80.14558482024516,79.43111001364876
88.83972195236817,88.52838379765602
95.97295061418409,95.76879650347334
101.4477326685157,101.1891945395465
91.7207675935941,91.37052730781808
115.15605292611714,114.38084728527552
93.55968736871513,93.35881153595516
106.464843779964,106.00397094459007
88.03743271446005,87.03679890827594
78.93084327747204,76.41297600535407
129.68424047240305,128.07685470238476
111.98308443639684,111.10989189941465
123.7269795908342,120.82753578083212
92.21266079274932,91.64790616133455
98.90285141314423,97.6691584027638
93.76553594479785,93.26680741480892
96.12585698392542,95.99131536109668
104.38432381337626,104.19430914054496
98.59695434816916,98.20758223600855
101.2756650302765,101.11923002615846
103.45883258081875,103.1469057035315
99.03110386047916,98.52238719181749
102.98074598160396,102.52127447220481
85.81517859793952,84.96605627804257
127.2367611223521,125.42682015374109
85.47727824040649,85.08106515611945
107.53078552989818,107.0743783253315
98.00361336814842,97.63411710584535
92.05993411095791,91.49911438108417
98.5718639712692,98.26059954288986
83.96966883220355,82.24506305004496
86.05610961142449,85.68100862704236
93.12997340783379,92.8708314955135
108.49371633235937,105.93814675896621
100.42319421267915,99.2447990379877
87.07294777850016,86.50244138925311
92.58861183960109,92.25133590786638
97.07685447222256,96.40648767874251
124.7239178687342,121.46435146585534
92.3842752517412,91.16725945723185
92.02480657381619,91.71122423360977
106.3950099821533,106.14701585863975
99.81367892628137,99.08889173540044
90.97616081016103,90.33871686381929
103.04399261317297,102.88606937507289
100.64860541222728,100.38164323171125
90.90140729706341,90.1872966786301
91.62419002805068,90.89787050205143
87.40718128044972,86.66310025383251
88.75306502509673,88.17867663127436
87.95867733805628,87.46794463780915
100.43792809168389,100.23411154168394
113.5767094676519,112.87206040239225
109.01272572044061,108.21436869646118
111.48218566274303,110.99300323334995
91.32106170833659,90.18123762580683
94.16301151131984,93.77318857131891
94.27980481360218,93.50307952402345
69.06873499716222,66.96041168826133
84.74778400508305,84.37134271827203
80.2149342347786,79.48900097743253
102.88331405232294,102.39224224018456
98.1546914502004,97.94193496023571
117.94610970791517,116.23965611235349
93.54825331729968,93.28646184519556
94.19904412499764,94.08592466552565
111.1980184837221,110.67613278683744
101.18492445574209,100.96467613500803
104.26417789988079,102.07457326496173
97.12514344480476,96.80272618388402
95.83661844323278,95.01704990978966
84.21318896460042,82.29741892409126
102.45240174549532,100.95781388495267
77.47932529705186,76.30499434975461
96.38072193626807,95.52107076823971
90.43738191804128,89.8358550339825
92.23463973950578,91.65033656400556
92.69662619594504,92.11371814681624
94.23043330631715,93.73145975865516
93.45189956277362,93.25823611529552
79.65309329715257,78.32575564903715
119.7917360699418,119.11162907801643
89.96741974219441,89.68909795534677
94.9517251780928,94.54139767506418
82.834682518984,81.39943103229903
102.37668150691319,102.20355562988547
98.08745126500786,97.8760443660073
126.48346970501508,124.6108680425614
116.06449355532,115.31182136892825
104.39600034965972,104.09418893178945
94.98761164478893,94.7370544527452
98.0584174035444,97.1597007488435
99.57894310200729,99.0381547604372
96.23111065169716,95.62347388617242
80.59248189142652,79.15804181364376
100.40803681548883,99.58335040704439
87.8925207012566,87.05853347287801
72.34535293688083,70.72031993123677
92.63884287272717,91.39377385578605
99.24993168473955,99.09633059185916
86.19417888034258,84.88034591932521
95.14684168301643,93.55992476206853
109.56275400624368,109.33344178376765
84.67168824910273,83.60174826267912
81.66208491899636,79.98145775147033
102.1337324606734,101.7237799636714
105.9927676693388,105.72835280677438
103.59711198557352,103.41156158319194
122.56675117933347,121.73173043425724
78.69950948447207,77.789870277576
97.14901533860525,96.93263548675993
79.87575968771685,78.25727581108825
106.65067643922957,106.52022573944974
89.29616730946225,88.95635729203197
125.86591223202115,124.63976504776433
95.14508147323072,94.99604430153889
92.26570691136972,91.84501439310765
100.69280156589592,100.40402045551906
87.5237943524225,87.30860869866648
85.58662523550497,85.11600003806107
94.97338697497662,93.90607359949173
99.4927788920417,99.17474421888036
103.0408198372653,101.29249782229155
100.82553832727042,99.42503617266111
89.58959615623458,89.40494694649433
89.1869447726119,88.6421513030598
100.19012321746466,99.89498506525034
89.30065532387073,88.67535737457499
100.5978496008438,100.46724685499176
95.28073672449818,95.02624652905466
92.2567114231644,91.70631170051499
109.82802380924198,109.62426896062999
80.42176197693938,79.97056394742386
90.82590809333364,90.55668214392624
106.13128256815857,105.6987466969763
112.87773578112747,111.99977156535343
87.92909014596347,87.53158021984252
93.669429570246,92.97967489632863
105.39908795408066,105.15728412859124
89.76381190343255,89.36361300497656
95.34768805188546,95.22454428675239
98.74507616958812,98.391853814368
98.89062991071054,98.46915661626507
79.40098834683387,78.95498926549992
81.78638166887829,79.81129334881548
127.94145456440057,125.35992924996256
111.17733725877274,110.70354593158505
99.3788271987656,98.9973766938684
87.61723368583867,87.31387764322476
98.16294571659247,97.87580054774857
100.12449952850487,99.89972956413298
88.88891887181413,87.93436104944536
96.13453809482289,95.78024406804569
96.18716829300848,95.70224399587809
95.62627979997251,95.35478061602643
119.85306679906834,118.92573935210677
86.46781676705159,85.679732272168
87.07529617307488,86.01201708007834
98.01375964763002,97.89230090961804
114.78323714691764,113.93905143513778
104.6969018243104,104.54774459772848
88.34657950411545,87.73607945131184
86.1107151850233,85.96292899925648
99.42216202108692,99.15038150873228
85.08913013476196,84.63632272168122
100.55985443618229,99.77646971066244
93.5262885075798,93.10406781201903
109.4666125748956,109.22316911348771
99.37979332446119,99.01748059058656
88.59301620415108,87.98791732793754
116.80552594018313,116.21251908707505
92.934834579338,92.76197254784353
93.45030652289661,93.16970219725398
85.4977573869031,84.14603157680725
100.27418763927828,99.81155041275245
100.98031675625874,100.64503706234865
105.74799459230655,105.27985242504332
101.39261773785745,101.12255779815781
115.19540864314479,114.84580335075111
100.90152021600285,100.53747073321789
97.35734569413944,96.59176985656853
82.34472959250851,81.60190683923646
95.96663802189985,95.35241533869701
82.7955004923133,81.49101562741428
94.15076976719938,93.19843849500083
84.69071751224082,82.38287284551343
122.52063925934402,120.67378391020335
119.1510187190609,118.52629611760158
104.67387936552177,104.43168241047692
96.22117529990447,95.46637585959115
83.2660204409071,82.33600112628918
91.36660872961706,91.1184590006317
83.74501115761454,82.84202294931941
109.60621350800174,108.2660218126753
80.19003213605056,79.45298170208274
92.89974880860127,92.73068844463114
82.34492446623844,81.25818448117764
103.90958474384324,103.3244550869545
91.10972410246325,90.55488705995758
78.12886310733774,77.39815571917988
96.86385752774369,96.27891251227392
100.60040670906656,99.88053954297017
82.28560425219501,81.17130941134043
93.55136673803186,93.26215927950565
90.94664409819528,90.448816088003
98.96016493956905,98.41860418724949
109.726135240904,109.54370790604875
98.13343899102962,97.69931875513328
86.13080414620427,85.07053864844784
124.9171986960164,123.29509014858456
98.04288071282828,97.10904618523922
106.08586417685278,105.9494930941967
95.12514107003342,94.87880824502989
95.33005750853134,94.5091571716698
105.80787705420492,105.46550005060303
98.49518648290749,98.24919362808029
92.23542582556568,92.04230098986743
82.26464559124004,81.6812018695275
113.60660117200854,113.06311999440157
104.67516317255969,104.1987786229745
84.46787879382217,84.04264448741806
84.38333848065764,83.87135725450469
113.57464605951068,113.24493653113
95.52816643767176,95.3341393083321
105.41481536523001,104.63400608239017
90.2261071437287,89.86522466474406
87.04938526989353,86.24497569664216
100.65135381974434,100.41651391748226
109.89959424066136,108.70674008852023
91.50669321258407,90.92735038424155
90.87972453430707,90.4914288451289
78.90049837641457,78.21936013372256
89.9398671136231,89.34679157534
84.88770542296652,83.89829605647321
80.65755564581472,77.04659221187393
96.5948360742966,96.25468217155625
100.69883672118078,100.45521019333744
83.76866177766715,81.67935388879222
90.06125176030575,89.86095878132123
109.62746647380268,109.25408425852217
103.25456030328384,102.95453446923722
97.97717859208971,96.78101221004323
84.58423967901203,82.48874142432518
102.70288848075734,102.25099847524184
87.69947347647314,87.30435001172405
109.55580932031393,108.71015730302642
104.7806633177703,104.48408205761561
94.01231945199575,93.51399954369721
107.29052433623829,107.08595615956685
83.34058085446595,82.42855215679991
97.3176546435081,96.6870318592509
97.33151513416459,96.38288518141644
103.43093416341421,102.74958817028305
94.75567868591781,94.43548149726196
112.35972142284304,111.09467416435135
91.50594416979565,90.76477634581656
92.30920336530411,91.96239619360459
92.77313053719107,92.24246152905182
77.66743405980417,75.39338492902755
94.58887648824206,94.45884763855098
75.32914498138368,74.41531864984393
95.92405173035144,95.73194392825114
80.73338839282121,78.6383671479097
88.65211355224184,88.34173451328992
77.79865337610657,76.84183204044737
102.91160933007417,102.25602414619992
78.7084778643753,78.40212673528983
103.71989620858501,103.56986539663984
92.5028932592033,92.26020332829336
87.04934927082643,86.33377680125855
90.0691204158402,88.98829693765462
83.04462154712452,82.37052687244483
83.60663999046476,82.6066707381518
92.35439489541939,92.18314430038744
125.24171710310006,124.21980298727316
88.44493241862504,87.57935426182014
88.31192375276962,87.35221915504286
102.55217011932773,102.10602739367863
89.80496547569167,89.55050543726
101.94156124309262,101.72567950760471
89.51982253093963,89.05577141277412
102.26608629807151,100.32845131028755
99.97506178505931,99.87960372130719
95.5008702578696,95.24549160784042
87.8889280571367,86.69294939539664
85.53781580602119,85.05857733498296
68.91317731203436,66.79012863683029
83.3284442121478,82.23489588368196
93.32789615771803,92.79322544126788
90.46292031068384,90.23089452948898
88.3131517024831,87.71176179474587
98.39280810763816,98.05737410759149
95.68576605719872,95.43939406067767
106.04259280627173,105.59382258566218
98.99413617291941,98.61305131295569
89.76789702976049,89.27424135119134
113.09187199766133,112.60181074576504
90.23060659810079,89.4879336134852
97.93675078514208,97.78732324066975
109.71389225343637,107.86376992665711
96.22349458936988,96.0036927547744
82.39717365460689,81.65129501605412
104.94385413076509,104.02067452333242
84.87743717194289,84.49562852155394
91.14312378185143,90.81520716553433
98.11965569136784,97.98910261611954
99.9979221858099,99.66193598105396
98.45883306743133,97.59622185802738
91.1312635338084,90.42191007150919
104.0179667403333,103.63237860403794
99.9440925503071,99.80688986173334
93.90527212800201,92.80072033611546
96.52137793794425,95.41235762410565
96.1619669049693,94.78277129111397
76.21027746909573,73.17753020613218
105.1320414083136,104.77218302633068
76.2043667686566,75.06483693443619
94.23044295121235,93.97205279227799
78.65322836834758,78.27196983483012
95.55671906354578,94.89774981049325
94.93973997351546,94.67981427391861
84.14817809081802,82.31125090340099
83.17520467453215,81.45676540262201
90.49614443405132,90.18991229406977
98.3293531382067,97.80564222415498
110.72574392795266,109.93969889710094
103.85340372405184,102.00771018499367
102.21422128729105,102.02421895260056
93.71099699763494,93.36462881465631
87.306105618833,86.88938619818153
92.2224007308484,91.30730525933653
108.81150991134959,108.10914669839242
109.02194202031836,108.48707108456419
102.21542303343786,101.84969528138497
111.68455047506988,111.4117074269375
86.54640639313082,86.0384418545237
109.74618039225462,109.4647860683884
75.80866845291365,74.85902364087246
126.22363208533692,124.74390195740263
72.21085803868442,70.49312391420833
92.37829974757383,92.11742759272072
99.29835552829257,98.98373328075682
86.67400489385604,82.50891700141496
91.10029198526543,90.63805799756882
93.95277610442211,93.64582221962361
92.09884974833369,91.88356915494461
95.35951133684546,94.60237193707754
84.87258803960611,84.0318314832238
105.79908213747707,103.88274373977046
90.31294734384386,89.72808755776943
99.96327504826863,99.73760878387118
87.41809994325149,86.32818575218981
115.77932497142886,114.87730858139655
113.41584394554864,112.52867958449058
88.21055657725081,87.6701519096328
97.13656395235162,96.98715037714604
84.83573284057795,84.02244023015352
100.45052836481537,100.26962040671332
106.49986438776378,105.47162241764673
88.23564597455537,87.55934217648985
95.84538910958662,95.72091675588965
98.15387920440371,97.86035741082745
101.61514432636042,101.34851511103126
94.06054575275002,93.66341454895343
79.90042091748873,79.32593578563653
86.16939822563398,84.47057113833428
97.58539779600267,96.65305924935437
104.33889245500269,104.16281966992887
119.47221336374214,118.69754975274729
92.87380954782034,92.47908864715853
83.25943579295587,82.5895796065909
79.49289871355195,78.40945977989735
93.60267960998296,92.80310679851274
99.10766268826625,99.00885106839367
90.15702744397278,89.54789122721971
103.36275601705591,103.29302993062561
92.1959191901696,91.88772368031478
105.29384042932926,105.17208132969664
90.8628269828156,90.4956785738797
91.2600712490525,91.03373177787485
78.00798400564747,77.36732990367037
97.38463480230037,97.18611121379875
99.68371951795507,99.4526772792529
106.5771812023588,106.2968355645628
108.18288510977631,107.93676106975474
88.58649207457367,88.01573300834235
83.66760746561138,83.10966553004089
113.49824870076438,112.81126257868928
81.1350251611811,80.34571586425834
100.30660661274597,99.84492606012697
110.00642824658279,108.92893330135502
100.95410051735468,100.32891819914653
85.38788263871889,84.60967295529812
72.08509634561626,70.47694659747155
86.90461314159157,86.38473252011615
103.34663353883498,103.05534016872697
122.72411056749102,121.52189816999912
82.62258771580441,80.61749616529684
94.42301140897676,93.8613299432479
119.23249478943282,118.68597542205401
91.95565414913311,91.38486316435127
82.78118491505339,81.19536258876083
90.99232911066332,90.81729083161059
110.56257860178994,108.51741411470849
82.43598721740615,81.63053904580553
105.02443758651413,104.5892179120729
91.22738969702331,90.7646324055831
97.01951708098738,96.5512267791214
106.24643232762058,105.7501942430328
89.33804453528093,88.79579394297753
93.89482800444004,93.11817118500784
88.44431902389768,86.60243865224678
96.34467528417859,95.011852266577
109.15352827993709,108.25536689499734
98.28774067729898,98.1135749358464
92.9398146484222,92.51339933552762
95.68844468409043,94.58387311705937
81.07908501724688,80.47077167901911
87.73055662758924,87.56455614305537
76.3000774460619,75.12250008389061
106.87050232917721,106.47024341666562
89.44713174287828,88.79545699698508
96.85591263005796,96.34023503156126
101.70834364979147,101.11175480113029
108.9747450761608,108.6963942428895
94.13467438962005,93.9419513355082
87.33303055998138,86.22432251323731
87.62667496912978,87.36722979606625
115.72372681702728,115.10765388800924
88.21375335694125,87.68277171630612
89.83642515692851,89.57916620921482
99.72474698109255,99.50321336538057
89.3324620514738,88.91223909334781
80.78544598296816,79.88744879762656
100.07695093187046,99.44508649197265
98.42868955390718,98.34249742623525
90.8526306986184,90.44015294268472
102.45957471127669,102.09879887555721
109.61097184224292,108.64049824034483
101.32506222627099,100.87190451497058
96.58506699935546,95.70684705630063
103.54966992057983,102.96797699630709
88.54967890221546,87.9911548845825
94.87065734478004,94.46186114008334
83.03556265994625,82.02760807280706
99.08796347374978,98.75280302382093
93.48479318606881,92.9808439261865
81.6773206894294,81.11365188663154
87.67713208558251,87.25985159520508
87.9329030981021,87.51332657162021
98.99002723963987,98.37092485531082
89.1463478586631,88.89350560223734
84.95425509859966,83.9755341291655
88.69523451133956,88.0927932967393
81.9695835667143,81.6385541512164
97.50322862738983,96.85305052584759
91.9280737658401,91.56244279121175
87.85837523835502,87.15407616252193
95.99166029784996,95.47113613998935
77.67970795827794,75.90254083383154
109.61021830417096,107.08989188271377
91.93704403228926,91.25274292276528
91.7090967324015,90.47553346891632
104.96174007696769,103.84716464766265
100.72418936646024,99.53163423657315
86.67046398980536,86.45512817986956
98.00591667681255,97.531336671358
97.32357868863744,96.93031038817394
81.680583158162,80.98868907154103
87.34180172954693,87.02633698535847
85.35052090123827,84.75302174898188
87.93520480200114,87.57850872311336
79.18000757537905,76.99456076388493
95.30293108741267,94.67925657191695
97.87056978354738,97.59908027804721
102.79805082711036,102.38778604014678
97.30638929208884,97.00361162702434
70.41874503550079,68.78524556069547
92.11057227988334,91.2673176086443
97.20985725171573,96.86224051535427
81.54659015377065,80.58271651048267
92.20669516987107,91.94132341775409
86.94654488492706,85.50316499523801
98.97377886274055,98.87357327002279
113.1047807450439,112.71144539491195
88.14062786876153,87.85342333183338
119.32268214885231,117.13356092133863
93.33744359901682,92.81581596794912
98.72527781823905,98.02931122742125
89.72409720917875,89.09044259476103
103.662194320832,103.3598921003091
98.93942726678002,98.47779654437525
94.3556876239041,94.22689317834636
103.32365949803462,103.08899145699091
100.89276825710208,100.3578614048337
100.99834055980183,100.47500875718629
116.97533874810316,115.44320843699532
99.00977307952002,98.27326253320909
98.44527893260408,98.23902685092685
72.40739772659674,70.30951553035216
104.7633148625636,104.17536980149517
115.35548060683442,114.53259790383152
96.09184977330811,95.87892010173204
111.18286598773788,110.3652216383227
101.37166841930916,101.04767222617208
69.50770464401612,68.19747394001455
120.29441531747534,118.91520866534931
93.55411470710641,92.49543561579462
85.8239552712228,85.5875287083415
120.9521644954876,119.43227823438987
93.01099192028558,92.63198009631205
118.50970126252905,117.72269350678239
92.11794137551715,91.67083136256355
93.31252391600643,92.07305111979844
90.81936031539342,90.26904124479766
86.80363893088959,85.8710165623383
81.19028447480203,80.52769358668193
124.69548564877805,123.33871644654299
90.63196467511008,90.1524184870402
91.34777999716978,90.77969945524917
112.04909770144917,111.68453247144508
119.1998771593079,116.95137503664694
98.89528900740184,98.57633211400702
85.15321376550439,84.58457435217282
101.7092587527166,101.4540934888591
79.75106458995594,78.65416957298457
100.7088607748344,100.04867806282637
86.73332233060928,86.00655605705025
92.63631168305683,92.43261894346288
92.7730250782566,92.0002855931538
91.93154935539852,91.8049079781975
83.04858326958569,82.74913947006686
116.92372978038168,116.20565473107733
93.11296199891979,92.7849110604299
102.0866777065436,101.76656459541415
80.91859120268337,80.29258820978255
113.54461990116481,113.05333717738837
92.3327747573062,91.89138937882308
92.9865443234643,92.81184601221301
88.75777918828875,87.63831374087707
95.38144695809346,95.22018055904526
77.4268723991063,75.96244016506884
95.36456955326666,95.21066330522181
110.57831274930327,107.3708844176927
100.63896483522463,100.22988007785688
87.15280162623924,86.22956531602615
99.85068018929027,99.21137807193531
107.43113467260855,107.08696711621025
85.95993371965987,85.56249180625038
99.59451105345202,99.4385077547403
114.06507492984235,113.66206898526275
92.9213222263192,91.41966706637815
91.13257528668879,89.61515964726642
98.85354054107661,98.65370551274206
88.28316850339331,88.10772157242317
114.08681361823143,112.76304525399678
81.17115220775469,79.93911784260513
81.38232497527025,80.8913981347583
94.08555162416508,92.72721283060643
87.79240090317296,87.4749812173121
101.93494984659227,100.49435331225932
102.15773071668191,101.74969921797874
91.9411021620628,91.42612740507529
103.40293609070775,103.07820010663929
104.97626182833,104.57890418672832
84.3264848190839,82.97479912130825
97.67179486063493,97.45090615200955
91.95465896960116,91.66701833144252
98.1538308133589,97.86209141075162
88.2670240082776,85.77620685969092
93.1051129830274,92.80314512211957
123.0235346215639,121.95961394712674
93.54237515576428,93.24887981101459
100.91850772012558,100.8466182120303
95.08362097621114,93.86480813703486
101.75350736469979,101.11011564499327
95.69506112163754,95.25451212540784
108.82621074717157,108.60921630688155
86.30933525289032,85.25296575376527
89.88969519026459,89.60782070597396
87.23695899212451,86.79836167480603
77.37310633230035,76.67797406338613
76.76692069832345,75.11476338711856
90.97107353105991,90.67769164022499
98.68514545409458,98.13661445291434
88.66110730637952,88.00496064462371
87.785768607664,85.64841232391647
80.92599609654935,79.42348355500725
91.90784601281456,91.40723674701175
93.04849230088814,92.73713215237771
114.79957305956323,114.39752490816257
96.52043175152434,95.20669288851032
82.56673192611326,80.18214652490167
88.35162068713511,86.51282398701052
101.44557391715381,100.73776396781666
97.23507728931601,97.09039854011556
71.22563321302174,68.88559174670308
87.99278937833417,87.24397145308768
99.48266349294614,98.0078284165816
100.25733810716576,100.11679777955162
83.92187518571663,83.09211436503155
96.23386536271528,95.93313657161069
86.15751660788165,85.67325392465604
116.21638950760895,115.8700581988848
97.14569968777253,96.53341361306033
113.58689399037523,113.21324482684298
92.14141017585203,91.94186682379748
96.40902063629292,95.8058883813265
107.6122185330403,107.37025068027478
97.33612932274636,96.97239945344889
85.94844710834087,85.39819994258075
96.16294580035384,95.10962248314588
104.92645095441326,104.57950515939336
87.07675199202866,86.15438032316895
99.74600832230942,99.53534367823129
116.59852561902856,114.79261499051587
77.36456461494161,74.83697982889846
93.85112837067727,93.58324638015962
62.720977582820794,59.77798488080551
113.5704732111414,113.0441548757505
103.28504522799304,102.68072687783753
73.35553788285414,70.50716436424482
105.1841185017815,105.08062755346357
75.17066804654115,74.11792627030364
94.23000332264012,94.06886797239082
91.89143064424721,90.75046633190084
77.17836693382918,75.08554117066795
85.22012860488903,84.09533558501015
99.96531861460024,99.58117185954978
96.63000210949336,96.45803787319262
90.10885746985,89.49068413817567
83.48235845709576,82.21277389543758
91.06849343120138,90.58424258808805
96.90854826114594,96.51168114453857
83.03611591569643,82.24579696706053
108.51484535648024,105.93823834964103
81.05882549099866,80.46748316763163
103.15171763923152,101.8868530440733
85.39447524011173,84.62336549596814
90.6884929011144,90.35693433423188
83.82430429124196,82.55892127884184
75.99596839888662,74.96960160895088
117.41274658603572,116.26112278354684
93.11512307057487,92.34049856673754
105.74630569224614,105.61818815078456
82.79112756540087,80.57394480837365
101.13725010639097,100.29689620335729
97.55446665710271,97.27317835876866
90.98592957129515,90.82812516394469
99.84220101942802,99.67613727424741
104.19906087680575,102.97210902084207
96.09477640866004,95.8358253666017
94.13203006407919,93.71974819327833
77.85028177246245,76.35383998201469
100.96847588914774,100.62454366149652
97.9660236417318,96.99856822112204
89.25626958714462,87.74251649606335
109.53385322077557,109.07568920401523
92.87833359254311,92.57261455709131
82.23795515972857,81.04007600929289
97.1347950393726,96.77352815256523
92.41843644144154,89.86163639724171
92.700826944925,92.32187087010452
104.64305839132926,102.06269951423869
102.15974899514906,101.97212185118308
87.9279969723924,87.38583426761018
86.66415702311639,86.26479098646655
92.48339579895834,92.05552295435307
95.22945566935263,94.91837690174738
95.37093236240469,94.86082540521106
102.54660553273094,101.73499340981955
102.7913618608039,102.40091821829299
75.59640372161127,73.321332294924
73.44883726744827,72.41828870398632
110.63056492460457,110.43411753016888
79.17021201442167,77.62131077013792
89.30597847962585,88.6375637945233
91.9412099596612,91.25803383293028
104.46117229036118,103.95055045400491
86.94828380182902,86.22277269351716
96.50115730997177,96.27896802279407
86.152955627974,85.91694926824272
109.23698205319327,108.75870797902641
87.49278413439663,86.62711153741611
81.61055181581908,80.05604748909316
81.04957978531792,79.59279942524455
121.44149860577953,120.91127686424994
109.63004482636869,109.07043961797496
102.7933745483671,102.52911783665307
96.94763690271215,96.43458811336595
92.11167606720812,90.65593851152053
99.67806158352501,99.54749177893605
91.0651808699594,89.69979856653697
99.75176141633735,98.88708967940252
79.17152513733532,78.0194335165521
94.64218116049446,93.90349810675349
89.88059514078017,88.83988056003595
102.30208417757554,102.11746066813522
101.35975481784929,101.01818524772474
76.09164533265881,74.34856107208347
103.94926524938721,103.28805525493549
106.22184856262254,105.98257285681575
82.33902671578367,81.05441522419227
90.60163536395918,89.81167330289654
91.4558937165835,90.66700354148176
95.08810722395945,94.82366311999274
105.07919688002072,104.5422510120425
87.20534679166175,85.23363278586864
84.71397968019309,84.27180747012184
111.46594244712736,110.75699960200434
89.88503709754943,88.71695893338821
101.26874723168538,101.01456740151362
74.3328621841795,71.04855572144905
123.44806674190204,121.44088497980309
109.52075663729856,109.11685454916551
118.36789977193588,117.4308123943619
87.35281341307353,86.82412303132963
91.28752746555251,91.00643293066675
101.03625561304165,100.29829389374446
79.60174480307886,78.02428443465807
95.85062207719942,95.42111900392575
87.90359801487945,86.61066102188238
110.30707904797231,109.70408363190283
109.95764919722704,109.14319744637926
83.91288041165663,81.08041091929238
88.6807282908476,88.37926274051176
98.21962396265464,97.47700736745566
107.23858378228091,107.02762859792006
87.76285637075539,87.56702836634233
97.59075797733048,97.02307571405562
85.46291548549313,84.6828329428842
83.46194653192413,83.18746137653075
104.46844010525733,103.6199330635609
77.80033557914393,76.4627619659691
96.90983651221458,96.56415496574891
104.81733621049798,104.37610417484936
93.33173245727721,92.91525658268469
85.04174000619807,84.71279346868751
82.37175014930268,81.59847842893153
136.3860989503931,135.02795729742567
81.3999631366336,80.12996722853958
93.95780947718967,93.40477561682202
93.97570336972473,93.63430455256481
94.64743418691731,94.26334533644045
96.77979454597983,96.45422119693698
93.3529774259413,93.1773239026192
104.04009099145917,103.63320081460539
88.51096247972497,88.06916954832776
90.72703621565415,90.36183762908122
84.6323023738324,84.05405185410729
95.66788519568348,95.05258082314674
84.1621497507592,83.23292134358611
87.41884417994457,87.08009632891408
88.95435274522887,88.07008244393565
105.89091785519156,104.87801004367974
88.98505158987194,88.3936703639587
77.01557358267411,76.04566698314282
116.20540170334954,114.35896983190936
95.01181654801941,94.9356297905331
107.28974972619322,107.10752083511323
94.95986706278576,94.59150103971524
84.84257450092782,83.68671660613133
81.95780840296088,81.14426809548328
99.15162168727524,98.84486881222105
103.21879107802475,102.36125598706474
108.45841597490298,107.67367611858035
99.48463307270025,97.5372850046756
86.02063626468498,84.73373930982201
87.84607409325844,87.24890764092258
80.45520899648307,79.95885903383878
74.43333070364298,72.89274496472626
99.96548346159376,99.1342325710288
100.89700818686602,100.65535233936504
80.99079775856494,80.14699394412527
103.62637825080355,103.20302863667011
97.09370108816854,96.92342330742187
89.17524175316294,88.97207742535849
83.51386784006023,83.17841738751214
95.45318381456337,95.31803528340106
88.25600925901607,87.41527757415484
97.41293106313572,96.95549923947951
90.54721441417202,90.12282204630779
105.51428120004942,105.25131111543466
109.2827462436429,109.1131536625704
85.85612478993693,84.01025100229452
120.97894565707469,118.78862311349683
90.47507527334925,90.14228946772039
103.62906759497791,103.28016650846011
88.04811301666919,86.88924306913425
130.27810308448122,129.04315893234494
133.62062941116085,131.38690628515445
102.53838570007719,102.2992062710156
87.09863896685853,85.86889590198524
118.0630848039838,116.31029185890509
93.20686865186403,92.99124106667229
100.72587106314451,100.49169281219288
84.20485804338969,82.73446651057023
105.97252771325051,105.46050816454219
119.79611798612451,119.14987910545835
84.64594076974606,83.48852125127677
103.7546087149192,103.1242816502005
91.48225371900654,90.918944477426
82.35072114484736,80.28373836838698
105.89913843005903,105.6804565535004
89.52835217441493,89.24314610894369
90.6726400151598,89.85312982770083
91.38187938314272,90.76334819075309
70.81672223436459,68.7726864499524
111.70484066288438,110.90970133277492
104.63606181767004,104.11459007422444
102.20261625174507,102.03171835039547
86.1450245113235,85.35133213206402
96.11574381237772,95.87123338850431
100.51935913562357,99.95167364167064
112.01668845856975,111.60373140571441
97.96158404076107,97.75081216100642
78.46426169564238,75.54072351601071
89.45884656593783,88.2973586738248
88.70533081598542,87.36922969255944
91.05162648763988,90.73574981184109
117.11538526183259,116.61252385861661
87.3075536671294,86.90873194093638
98.21120221279197,97.86045980643276
104.86279039021156,104.26562324229978
97.0423752663348,96.81357619546925
86.48954439284476,84.39736572992805
121.73350086945067,121.06236490277006
86.82443328899814,86.32711217755401
99.44597228785797,98.88304302636374
99.22689741007497,99.07790373151958
101.26509095310684,100.99034317951184
111.55982586770952,111.31227325061813
96.51120741149019,96.01843987927126
94.67171790996959,94.3335732798265
92.32642232961007,91.85913485097983
106.39288498022039,105.58987844751059
100.76605670387245,100.28822324406681
96.49478572991111,96.30671084928865
106.77836271264228,105.48088678382008
95.91453810999816,95.66905586469119
112.95088815816071,111.9856426215158
88.31540772994555,87.29598057081604
97.88151572175082,97.35055321227543
89.94353552413763,89.28433580250072
124.06032747694285,122.93436970842583
86.21506623009384,86.02296597595253
97.77260054869188,97.61393687995857
94.02850301099649,93.47630669529504
115.57941500476255,114.3472241900186
109.23502752404133,108.95330341972742
85.99979256875504,85.66077528997167
101.87296531009329,101.65545373864533
88.6182826771468,87.64198522040613
97.81099431023344,97.19930006792437
118.23081295253952,117.63909588722345
79.30352101309263,78.0019718476607
109.1733996269648,108.80874702658643
98.8812460048635,98.48364371264604
84.00710017850861,81.46125789364828
104.74619416813768,104.47387093788869
107.6920857067747,107.09025795037815
105.20935352274859,104.67469276974151
99.27908773101016,98.40989012274422
117.39496590004765,116.5024548421315
129.81207363948005,128.83926988115212
88.57718725409221,88.38835729647911
120.26701450830925,118.97163785027465
109.52406370402174,109.38841945378446
96.58633914215879,96.37023356285913
93.68610508947305,93.34524678325305
82.65531698345946,81.027769277159
93.52057841355925,93.22624221895047
90.75182422963015,90.18253613528478
108.24242613268729,107.22754312309218
84.06454936129077,83.27805829318409
99.42209987660766,99.06395432895489
118.12779788807066,116.55351301996271
106.94194271722792,106.24678576143643
81.91940964872855,78.84062540803302
107.94814584690411,107.72814629793031
89.55435442860593,87.55434073131784
109.22492305819782,108.60568852700258
116.73454154033166,113.85553850725128
91.0932004779075,89.95270036212544
95.5916734416372,94.98463400777773
93.95050438411693,93.37631955749804
101.65403278451491,101.3811086020417
91.79653557179206,91.33993614603601
80.62795361951932,79.95657963300934
82.26964416885589,82.052398968261
99.04801616671044,98.7771073443587
97.78469780803815,97.56093801968002
86.34930608701603,85.76153222167873
74.49865378780143,71.85781908702991
82.54948447611365,80.24715367055887
103.25531983969681,102.67024097334676
106.02497358949398,105.75910317328832
101.17583267197129,100.62280889897107
106.81518571074395,105.7903466014564
104.42669043438747,104.14880484336487
100.34463909313132,100.09987792109769
84.1623605541919,83.07347835975906
96.803358635578,96.48815592255464
75.99433760416561,75.39367821337581
98.51152571806709,98.33326670207992
78.48474289077143,76.57513786477168
92.06583243614283,91.7802429180064
96.46636930443569,95.842597480994
107.32345657952536,106.91291975680514
93.84582519818997,93.63127362112328
84.12165286845764,83.36965814686481
94.97157627614132,94.5089800739889
77.33713924301466,75.62587992766703
87.12408907242818,86.47297715548814
88.84963600844456,85.8365796995312
97.89515306066023,96.5983846492203
85.9459046156943,85.6588684536627
101.63916311432344,101.52530588578706
79.19347558716721,73.85675921316385
93.55332850425249,92.36277799008002
96.8423242909252,96.72821132521112
97.31491908514182,96.59987550403662
110.64835275940752,110.4235305448853
106.93903549542505,106.57752629872431
95.78766198882732,94.40747435336314
85.27750801119626,84.55850342371424
113.44896222522775,111.86959116119395
97.48649062730027,96.84669867910391
102.3754647268927,102.00269369666476
88.3603565415893,87.53747511255861
126.09247623687746,125.28391552766828
91.78486524222085,91.08884447575304
100.64586417018279,100.44703907138467
94.96276077226183,94.20618351604617
101.07632542074367,100.9312310282762
95.695008027907,95.3320521755529
104.57491673705019,104.23746816924756
75.16599498475315,73.66906002525288
98.56917988870575,98.38988053552245
87.34294546406935,86.84324522638032
92.95465349067004,92.19165680285795
107.41008705102638,106.95092143971368
93.83961487816508,93.54871832930029
91.25951995898703,90.80270960016651
93.98031170329291,93.79459640989181
77.08608086986924,73.99783393282237
102.83241939171914,102.69850795144602
93.06764314195462,92.78740782898534
88.4595106643493,88.01702665741328
88.41636120295404,88.11511516201159
85.70226940852108,85.09956186108053
92.81208713136073,92.19426480042742
81.81506841663217,81.51872179443903
92.998614107879,91.84425524188727
75.62022291940309,72.5896653239201
97.4596771339747,96.34694704790513
111.47917478896893,111.23007203367081
99.74482831590223,99.60430071480604
98.31213711298852,98.1326092066754
82.41591463528525,81.65194453445439
85.16510905123425,83.23048440722599
112.04611366565501,111.2462955880934
90.6757761865845,90.14916948494086
88.63856518355149,88.242566797237
103.01010184279072,102.39474378560121
110.7783983292905,110.11856853235076
87.99979099619908,87.83854521850036
101.28171845688685,101.04729062181565
112.51975103770323,112.04666170287925
100.48553611386447,100.25193391060186
102.32306949821252,101.39224499790825
103.0716321915299,102.51279420248308
75.2313598914285,74.64274302626761
122.41549179314384,121.30237865651912
97.54012143053204,97.43382729741363
113.19816264982468,111.26400072994971
105.41108696115572,105.08191587847115
98.22925941464624,98.01383850748151
84.54622239835017,84.11792311716398
81.1171959475423,80.66910803380729
97.81512390559779,97.11302361145016
119.74457214005525,117.21314278345857
97.51007016970873,97.24768562033152
95.96199959972724,93.93878158091172
131.12268199207244,129.57281978837156
124.88754879302573,122.63548929941314
97.35325173444939,96.92870501419647
103.36347239063865,102.52303353788895
95.66126167486203,95.42913458149806
90.2179700479627,89.1412015661093
108.91842863163953,107.78739724947013
97.2314461445671,96.34291993132807
99.70157661453204,99.48076430296344
103.54098331520856,103.29580235500053
104.70424850806354,104.38156090435898
102.63193029805196,101.90386736206644
130.69660436155974,129.1984891679469
93.46539601416175,93.29450528561516
96.33663843759165,96.13483194185896
119.72210234849918,118.372678670362
77.78544437364484,77.34993709376865
104.64157434316803,104.24052202233759
101.04002292302306,100.0937686866265
99.6901417658458,98.71599623258693
98.33479765081672,97.93353782057618
87.11596446188236,85.87255875718954
112.72787741825525,111.48565589000022
84.36428119636547,84.12923876219605
92.18723820386336,91.01130025351091
95.39227728164202,95.03095820414127
93.86583048698878,93.57167500836312
96.49704715522462,96.17776103634418
85.69878319045878,85.2346723656064
81.92724926304076,81.64772228940576
111.48803645088907,110.83877484672622
84.54536541514275,82.8540247306444
109.14759864108589,108.98305426563618
73.90296128315839,72.65965479295623
97.24145521814319,97.00697056622921
116.26666911103763,115.83147699041868
94.67208514148922,93.07889177049469
98.7690876422721,98.41847556977403
77.80075017728474,75.61329489777869
95.60362746097084,94.8399607985123
95.84935230368319,94.89736523235692
87.7554207712631,86.04501950839021
94.14555657848896,93.63483686001449
76.52565913812833,75.65999178238691
87.24231953709035,86.01468357310618
84.25332677023411,84.0083553082943
116.10096916910442,114.07827370651442
99.48604190326401,99.14988237075056
90.18140920326536,89.52690285283116
94.84396078667162,94.14482616376779
106.42061132068773,105.79388252941224
102.21933660326816,101.78962890414839
83.95240232461848,82.77297910978278
93.97756606620693,93.33331587207005
83.12606325812938,82.2034743697425
77.0258845293644,75.66596121401592
91.15720237779398,89.5312669379914
82.16160778548245,81.41555153676042
91.86607476978945,91.66679770822796
90.34178785346771,89.96560671310493
117.41227310891041,117.02369339985562
92.704570373557,92.30999488327504
109.04228837812497,108.47614092504575
80.38826991529554,79.1137999531132
85.76205491429639,84.50796081127919
87.47373300717905,86.22350488663567
84.20876666190817,83.73100987510495
94.51805496747812,94.30758274268022
121.26758996010734,118.56126377745898
99.37475102522839,98.27939575478482
95.92109739101139,95.17807811462897
105.02219560396242,104.50216361763997
69.806236862671,68.31779604561748
97.44366243568943,97.34300510091863
109.40570770366978,108.50988361447588
87.48060156379114,86.30598506519416
101.63060151859783,101.4217785202032
105.81345034453335,104.44854963230812
112.8284594805471,112.22405194926905
100.38288313805364,99.69175308538868
80.40372838109305,79.87948787946807
75.13678378521536,72.58820989993117
103.83554836488271,103.00898058632787
110.3147709573299,109.89249638784709
116.29423016962572,114.20436240725813
77.64199635617908,76.13003337835346
101.19288020990561,100.94108397014675
98.26541279842661,97.40281867524298
93.19231639312433,92.71759412039505
96.19344698766697,96.06144547824843
111.65476904645747,111.24967212606893
77.54167897733674,74.97937838580457
85.3073082153593,84.20172253265856
83.17549355097294,82.56030753894599
104.41281002959795,104.16491626203819
113.01329618596013,112.64034704080085
87.8576464288474,87.46126359108801
85.77739575538146,84.58066781748703
79.69830653727485,78.42379205444543
88.15109576089755,87.07272607245105
100.73758742338333,100.40406274051762
98.5392511532886,98.27125683741298
90.57085694829702,90.08423435577828
94.16466655701925,93.95380451481962
88.61085001477183,87.4965651900839
97.68880332402334,97.49345432233636
90.58653165633777,89.98733038702932
100.94554377360258,100.42651432397174
95.80253886166857,95.68540000688424
96.74492331653086,95.61748137510921
81.97932837406118,81.11904328017324
90.86743696698375,90.48200722076386
84.42365775509184,84.109292228472
79.34208582984701,77.85585546962086
89.9993939384266,89.54116858954168
89.11611191026685,88.74804862792497
106.69226080022358,106.13764019414077
76.52849224887471,74.23844302289487
81.92886893154831,81.54017730077595
96.39311540529738,96.06814018181836
88.67106341516596,88.08769137512586
71.06013574053671,67.82823440150241
106.88393402789096,106.37569271854804
95.03843502436244,94.06883076184218
89.87746661465208,89.62228596473503
97.80611219818749,97.6244926844217
88.70896996799249,88.24125331174785
101.8938564329106,101.51134914402088
116.51406371925947,116.04269087371271
84.26181957772137,83.50220523487243
111.5181900890404,111.08099201322005
92.73274603270309,92.3390083136722
83.62174473932089,83.22382098425604
113.39350527848181,112.86068361243942
98.6433841683992,97.9118408652591
98.71763307071353,98.63526364234889
94.64403297584828,94.49577157907089
106.23959658831544,105.98029146904365
90.92960833123563,90.3746222067634
103.37274539275883,103.00313321260352
81.9735969022708,80.75003940955882
78.54404404530266,77.58744252671414
83.34860993973922,83.03681549806191
99.5945774871488,99.26365330660943
111.90226090404519,111.02850530968736
104.89206775612767,104.31236925026691
88.0879405060082,87.3475501312614
84.0537004654645,83.29808419161638
81.58181797206336,81.10961591767078
102.91339584291919,102.30900449031633
108.75982150897855,108.19148076653931
95.72787920081868,94.6627294014164
84.86907699726517,84.29099607708105
82.39716194047944,81.32787027059184
101.71209881597733,101.4199780845668
105.51339091923873,105.26269123720749
99.33093546641607,98.97825771435657
94.0277175087612,93.75491400630698
76.49879068934023,74.57127491728261
102.6650266217541,101.40038709138422
98.61704440284126,98.24743616207599
108.8551946159123,108.59309581084474
101.7197723804641,100.84374105199096
79.24252119605381,76.06220943945053
96.66610616139685,96.4889689266801
114.09194344292968,113.32984883985517
78.01871648164406,76.96184902900328
95.135855375022,94.70819124356969
124.13151688100896,123.24551867729726
118.9324197799313,117.9185984315229
89.13061832924794,88.55071486245284
102.57943137554884,102.36392972075521
104.81289509883695,104.46807817208823
89.90760688402298,89.61495155846198
94.61334995532127,94.113429776893
88.76544747649388,88.20738646179738
102.47359280681381,102.26389789697376
98.63162427080302,98.27989155047858
82.28136415246625,79.91775405115621
112.73656160672436,112.30791675675734
85.95088308097857,85.47572433950604
72.84809670986031,70.32517234694978
101.21717036660142,100.98565267361072
105.44776355811429,105.17939893786645
70.60535306571066,66.7448731987405
105.87333968033755,105.49400852373256
94.64324650734116,94.3073600827437
105.62619871165795,105.4814135800354
73.45323743826002,70.66618362330793
76.28244313233796,74.63807399231436
91.6413796608268,91.44498577175185
90.10219052066846,89.2393397307592
104.90174800191079,104.38846246601933
114.90675051970713,112.67580593237858
95.99638964823649,95.61646582884624
101.57767223121402,101.22626856394746
83.6516210432562,82.79690145862502
108.09849446448014,107.59375979148489
92.35305429665061,92.15119653078811
110.29007216196182,108.79742568342496
103.90130393014007,102.69997054198411
84.51744817283159,83.90408894733014
110.23376454176655,109.85675967632743
99.30343410873671,98.91151155337941
105.81909369579108,104.78278401506817
95.92791827726965,95.80863833567385
150.5195450253231,146.2721809823592
101.43570715056863,100.92680823675451
99.45337955743345,99.23463489877673
98.44906907016806,98.0434752580073
77.49187187806018,76.53072153864429
113.09108683175127,112.22821724363641
91.97369371397072,91.47071994553174
98.82645358656698,97.72579458441406
131.53953759979765,128.78578627593103
97.24315112304662,96.86230251824718
70.76772821872895,68.75131267784317
105.29768285390129,105.19009800297228
86.65767541913658,86.4546341404085
125.19850417739346,122.79461373701517
89.78777815007443,89.53745423968516
105.09022785837254,104.79308245662702
82.9303990645461,82.82474814510653
86.38553436258441,85.43334620458556
83.48294043490431,81.99265094030747
89.53077002042075,89.13185240215579
120.61706409881819,118.9025799553965
82.17843891249744,79.6383523793746
76.56412203263446,75.54326767913732
89.41308065610473,89.19499925150967
86.79195457923632,85.70490490588463
76.23990202598245,75.24365685943287
104.37590033189866,104.25094250848089
95.48354096976536,94.77559511973575
93.47806741914057,93.16884817290733
86.11927398343492,85.5522323407537
109.97749873440948,109.52225736292743
82.4291873689706,82.18012968554005
89.69035465297897,87.86157363409832
73.33745166017773,71.17828822183422
107.1654428139416,106.66607528795522
102.58868764245192,101.75419584301322
94.83749485909323,94.22321521324609
98.46402077266262,98.11704018007728
95.10770181411672,94.25283598258956
90.38734004204031,90.12405814375464
109.03872515909474,108.62677937283696
91.57626560678638,91.38843768584235
101.80350820573486,100.67904222875785
89.50654816110482,89.07245623207135
92.00314528528287,91.35308561741248
98.87771390406223,98.72662588235625
107.76361049180794,106.56743591456855
88.41898813965535,86.0002504995071
90.62679731367592,90.27791237411064
97.2519372266726,97.0261788205293
77.5547611083192,76.56359542952544
92.18116176024664,91.8139877640569
118.3660813284898,115.38828110218341
106.68700514501768,106.10657937131982
99.92752225852556,99.56175410565434
96.99843053827887,96.68914357233238
103.11080372812636,102.86374641358769
93.76757970078916,93.66310240392193
113.29086626296954,113.0581241981658
85.33184773397431,84.22729976454447
103.47180318761062,103.17938934253209
87.56651866185713,86.44643292364013
74.96342899472472,72.9811306063946
80.07937950212596,79.28521771434265
76.97870120371397,75.88071417090909
89.9151959016158,89.52575461605356
134.38791620878226,130.8294521822773
120.97218854135234,120.33580942505071
102.69245700138268,102.07498533313287
113.176999103164,111.82033207797579
93.41036132576677,92.32163786500121
86.76145260077121,85.96782835290155
94.49903862426356,94.20928215670361
91.62578903884014,90.34052464246781
99.95934610471133,99.77722835316442
103.10068191563369,102.86430947534134
99.88568717904641,99.44175031112789
90.1788241342144,88.94615246783555
89.27355184356492,89.005136650992
88.92808154862645,88.32512060259359
85.41769400957193,84.37349423312699
85.21070980351806,83.22005584133176
104.0423881906702,103.61494169896436
82.07469211222316,81.27675674794605
84.00250703815698,83.5959654686816
91.59756875716697,91.25148185629506
89.42032999708115,87.96388629585714
80.35721297457668,78.9935060819119
106.02054392344344,105.17959813160131
98.48554064459542,97.6486914051364
86.7738479375955,86.29053677809958
95.43007018547682,94.02848935304704
85.48636486383009,84.85157559819743
91.65561217465222,91.3530995150349
98.03972774260502,97.68464911021223
111.4391780123259,111.07795616125372
89.40095929445638,88.88231108896346
91.76388277379263,90.639283326759
81.7098236126563,80.88731406352987
90.95701413742613,90.14279694711813
74.24616283717404,72.05891538174423
120.98582704761215,119.0699845820558
103.18805522498576,102.62284273859606
89.8326223214076,88.6335017048212
82.84540744160242,82.19120384252699
95.12044597689459,94.79635567042247
94.94845305911991,94.59962802698968
108.99714433010247,107.84052212105343
108.1091000229383,107.88242900984118
85.53777020786605,84.7929246570081
95.23514083198238,94.47190105738537
97.63330546654043,97.46328849177904
110.0115164453197,109.72298808666869
96.6131974264488,96.41657766412311
81.86856398030417,80.76253536856085
105.17753190637339,104.7063274290644
95.3793969577458,94.88812871969434
95.57185919773569,94.6500020265196
95.16545473651266,94.46194710525536
101.84876519619633,101.25457068592137
85.6983476524027,85.35518125072285
132.14546706912137,131.04923259190042
120.43403248187488,119.03070607693772
116.8461610648605,115.65080163888555
87.38354130395362,87.1348061975257
88.19123521537072,87.59220954275901
77.82042482731369,76.07474720458363
88.08517062552913,87.78713260858214
105.17043646774378,104.19738628991885
108.0194720924378,107.28348624388597
90.37486395359092,88.62060936587595
107.8125938475137,107.31890811732305
102.54463083141641,102.08173356299726
107.41251566217444,106.87037083585437
95.74382997364974,95.35132231167194
80.85661217384258,79.48364447091572
100.35658576874839,99.95017367657887
96.8715632074158,96.58241474081358
98.38611744680645,97.82495873825755
98.97823571040391,98.73631634467446
99.25614619914963,99.0380014577866
87.41674095714019,86.41147830037775
96.6264994001379,95.5527951599379
93.31820702974917,91.23256763422872
90.1887569115481,89.97338072750456
106.59272250245718,106.12794121214918
93.755030787093,93.64816753333935
108.83953349472847,108.11870544008086
93.74916156332647,93.37862119703874
109.51719415439031,109.18013062313251
94.63648257068658,94.22700206017188
101.58307767747951,101.46861354868244
105.35370950160846,104.72517992822605
113.6670774326389,113.14517828942311
102.32218054781009,101.3138736086762
90.55887631417345,89.96061115028988
110.58826595959164,109.80919317226613
82.36681877117408,81.14035162544312
78.16036290233438,77.24978333877289
82.22426350441357,81.67004031327906
85.81990797065518,85.03271489633505
87.30132210569953,85.67775883250417
120.14374542591499,119.4460857588567
90.84292288873465,90.15788073277923
102.49915293318318,102.17476875403715
119.52992060520675,118.77235190356599
95.26585198291068,94.86658094494909
103.85841349396196,102.90157745841107
99.05483462384254,98.14788496967567
101.02822877633056,100.52298981522439
75.26743607270366,72.34641118557194
112.75300254098825,112.36181085670772
103.21230421164123,102.9360060680913
76.00547587489969,74.01772587253147
93.1298551132691,92.87189133197373
103.67688425938807,103.51034879595997
100.4087853858823,100.26549173306434
93.12603667518067,92.94190023129903
76.38103904103876,74.6898616432668
78.23098182609857,77.37580122705066
107.2802649106013,107.14289181160511
102.07290200859387,101.25054020705208
76.02686711952936,74.10303733227506
92.27114342069535,91.82826171614553
110.92814846801932,110.19371675256083
111.01541001997515,110.31528066177201
95.83260790489041,95.59381884621978
89.00255884888276,88.03378061924938
95.93955314207673,95.66917883620042
91.21478939316447,90.05314395118351
80.10092258156708,78.74608788921078
121.81332024260138,120.81998512838004
95.52046502300853,95.3803696338272
99.67058199055793,99.45404365478467
103.57809242051786,103.11331210414971
96.5149219777868,96.42149166032942
107.00623815291976,105.28938870843702
108.37466719234187,107.89186192181629
101.02485928065943,100.88282819757328
78.19561544390835,77.04581398917824
90.47007448989274,90.21865727414921
106.85740752258258,106.6057201761194
80.94081391210675,78.77455094681787
75.80842346725689,74.07894008713787
87.30344489327081,86.57656311853154
97.68973245452194,97.45671411434894
94.23146514205176,94.04286899783064
90.59067932273672,89.78985951126803
91.287257182187,89.05412436932299
85.5081249631542,83.86196743304046
89.83420327562864,89.0841643457542
92.3852466198291,92.15984911231858
84.80793701950336,84.33323725023135
113.1111354269807,112.515067887583
105.27778140506791,104.58580365917544
94.67723743132106,94.45085785228044
84.8744157042574,84.46065129965103
110.01825231976395,109.48131527647573
90.97295546022268,90.74598983424315
97.70182801671743,97.54289718555181
94.28255452239223,90.96769148834643
106.34389250261296,105.98399961453975
98.04176133787958,97.09102756155372
104.19793626358745,103.46301416553862
100.55986057778186,100.33148738275369
97.43736743815153,97.19559693379205
96.46949143830587,95.9323282125189
104.89339438869473,104.32693676282658
84.40546995917168,81.73105705246269
112.34514863365023,111.79807432076802
90.73695987311699,88.7391423973829
102.92472297455268,102.09039315687332
100.91299407500478,100.49347776804377
119.73860870873024,118.72581135552224
120.26006989628335,119.71292286200263
115.22162917127876,114.07342248539818
96.71650877979688,96.35104643282638
113.60952929325244,112.10681119966054
94.68304353891472,94.21410167969393
113.0586263929013,112.23575736510428
109.19210840595515,107.30303004647362
114.4242565264498,113.29734453077113
83.26078031919951,81.7355642438633
87.5397314536873,86.82217902068298
88.74869459535624,87.945978311228
81.20927911073635,79.98896719828625
110.40273101788112,109.65634142648477
84.52453990305723,83.78149360720151
88.18641443982075,87.75912459696066
91.25679915238035,90.89888957870531
84.10796350784747,83.09712738938617
104.7896717140949,104.50991834717443
102.33337682108738,102.15679724028294
109.91247799715627,108.95299659575232
83.8570067024006,82.6436080478652
85.05414098867952,84.580198062431
88.37976004512467,87.76159731618466
88.97608322502558,88.75157054242763
76.24224315664046,75.60485408581648
106.18612368921848,106.0396170863994
92.31820574394402,92.0755264554297
93.23865362345865,92.57182644010294
83.26532915016092,81.2941854759165
124.78108159160753,122.87514449856928
107.86254615519724,106.79917986798468
107.94060006333271,107.46244863827519
91.97484103854853,91.78460362879767
87.09649659052218,86.41888152516547
91.6889766247749,91.34416935609644
87.04134873212246,85.97288720869125
120.96001193718286,118.22745968729502
98.0003327452634,97.56573782043594
95.01620776223731,94.5392723344716
98.37227680531825,97.12010495216984
82.33734443558693,81.30188168511296
86.4976923381067,85.01231812923706
88.96511514859989,88.40972387785274
93.03454630165277,92.8694952109113
104.72128030402274,104.29195695775533
87.01577566158318,85.57124486392513
115.86384658185457,115.33043191983919
103.73423685226682,102.85661942866354
112.50688160360095,111.9819050165782
104.14191148557482,104.02188503243644
86.12566577174125,84.44389017664341
94.306789572062,93.68815197127188
91.00172161472727,89.72740793615694
85.68399380239961,84.73086180386908
94.72547613295612,94.37296292515154
68.74532788678279,66.1703239688495
136.67807515362674,134.9645080782649
127.86263380816938,126.70824149045774
97.07760079658476,96.98068165206263
91.88667031590485,91.52018911835498
91.29586626767315,91.12575139690186
87.07933578656268,86.55643305440876
90.49908150429258,90.36922015530057
119.42426121764193,117.95315674418516
73.6670126343206,70.20161844591647
79.7857603873576,78.54469355199922
98.926041002907,98.72773752750254
96.3401200067735,94.70476326283165
86.70088350618737,85.86345343676102
95.60691801074269,95.33032766371245
92.9280329633646,92.62613634339432
112.30135926069714,111.7449509311944
110.20986011999963,108.95432422650107
111.6520775433031,110.51728675748943
110.06178733702274,109.75535529650338
80.06037619172845,79.21490247343826
105.57496696982167,104.74620129464661
103.47796427988214,102.88694162250579
102.57770390779997,100.79173581848136
85.07184125851687,84.60902497468578
92.59917149949797,91.70103052413461
96.35110980117489,96.07428495811743
88.59243203481068,87.43840305021892
84.47169700993182,84.0003564142477
89.24439776827039,88.58150103137152
99.7783901774664,99.27162937573478
89.82094755776136,89.41974637837714
93.14352446008971,92.7993483550526
98.81824371729773,98.45112224048904
100.29098107699676,100.07753963444466
126.25884987720141,122.99416470857042
109.27725260378038,108.71210956295958
80.87205536885472,80.0793837204006
84.22872285146997,82.98087895737164
77.23467344512527,75.37412580879261
81.64063814417564,80.92726036962931
118.73064285008168,117.51230580981564
113.42691614669262,112.83725347333075
86.13777071609536,85.5866240542565
87.23028232738136,86.1498983742084
89.72351975424928,89.39821138906294
84.87522618989027,84.48304664971444
93.63416055626853,93.46675630910237
86.36140674691681,84.90234318703952
105.18971192777686,105.04775896121072
110.25504361350504,109.76614895934595
102.99805428705321,102.7849249753792
101.38058136616141,100.94173785616293
94.3465242915255,93.99136242677106
98.85474860301284,98.62035705148658
92.39051633633751,91.91466237209345
95.23499439762583,94.79193878659936
89.991091967874,89.43760907906236
100.60324607062806,99.94302309622833
111.06531538699613,110.3826284387508
90.79792168905433,90.56023966654807
93.47094514111042,92.87049564625295
94.51055273869034,94.08515719208035
89.03316024533295,88.08362889266716
97.88641889859251,97.56864659108362
78.9772257833324,78.6253231833301
109.11380043541729,108.81866975391904
94.9512104047299,94.80067568117741
92.41655954376074,91.27540062529825
93.10420256529441,91.93043812218289
93.0116207111589,92.0664476837542
94.5705303325386,94.19278707132322
88.26108343657812,85.5796001781063
95.58260106493947,95.00171027355877
98.39980632952094,98.16198289811015
92.48894383765135,92.31968780620971
80.76021891688396,79.24927055113504
94.3653383076625,93.90726261045565
94.4926990668359,94.1585103848455
84.96859676995156,83.62584677112142
100.49550909976517,98.73983986901574
87.6188976004667,87.20247982622575
103.73805272940443,103.16439893478795
100.58717232508488,99.27700498708111
103.1286610704501,102.43094842872561
74.8350116936418,74.05361607810543
85.89463024485096,85.45165779220046
121.48875684280527,116.92184711597102
97.35469002113767,96.70048923871867
105.31146267328408,105.19349619333386
102.77062452849621,102.48296942931623
90.3973958796238,89.37265387282142
94.88242752278153,94.53587159693258
90.56554767785082,90.07955502015585
79.5262686004658,78.23808681556926
127.75133710404197,126.32261359067218
88.46168905987035,87.79049487278748
90.74664634314757,90.32260209594929
99.2219638563206,98.02980899307863
94.94848806012376,94.47325455078612
124.3957929526569,122.96591235970831
94.78276316719233,94.14910038601585
106.74584146946604,105.55221723329416
105.37967459763422,104.85742135426834
88.56467573560666,88.06396050208659
111.63148943402842,111.29700330416681
113.55994487305479,111.16537218057951
92.86474786250582,91.60263415720715
87.19197169465887,86.94129451755724
99.43512683691071,99.3093377880939
104.04005404482812,103.27673138902615
89.14205484982499,88.11938627892617
101.76060026214047,101.49806279105196
84.54393600426816,83.12659419858394
90.96066219119231,90.73038920572012
105.88572992642888,105.23395439869377
101.5981616604747,101.36506167792386
115.54867120629613,114.86887868072202
80.0292103494676,76.82068347173008
102.16025543464218,101.90117631971395
97.79554299878853,97.3553674347384
89.53481726974567,88.50242756108945
93.60262635090523,93.41436687724885
104.80050453251566,104.58907565814276
79.5333542983963,77.70537483745834
113.41351292501685,113.05627495817915
122.25674455644003,120.97957151486007
98.10971736763123,97.85039344270162
85.89126271095762,85.62058678438294
137.36623504847807,134.12131336882817
69.40946614680392,67.59962327219498
97.13330273424337,96.3050809850612
92.31266617519127,91.90261508181122
94.18784232972699,93.9242368066244
106.68683768416602,106.41257044222984
121.05309478154409,120.16422818314305
73.989499138743,72.80114567952731
77.97822016443199,76.01421472509644
107.03412279442787,105.58233947127121
103.95201559944385,103.53515262243097
83.67894439617153,83.2657900703656
77.89005525616601,76.40911308884249
130.98472510988742,130.07343995330396
89.6869404005566,88.9581218824947
98.97287622153792,98.45104152537428
97.17678951607623,96.53464505844629
83.10861063915029,82.5978087156813
84.9954054274274,84.66771858475455
92.19764685221799,91.38912730196915
89.86333762292621,89.09624966220031
84.05525377905795,82.42858852071299
115.17134175512065,114.7522583659717
94.28784962016036,93.06383116427588
106.99011852173875,106.55210361870755
79.86431766232829,79.02895734712615
81.04468056866823,79.80269276156639
88.93827538565795,88.69369687163214
100.8539203998272,100.3495402207615
96.49558802928551,96.24780889900335
91.56759315607007,91.35995266746646
100.41309931478632,100.22568886533969
93.54705941938415,93.31293199653854
110.74937086355357,110.47030233873286
119.92862702352996,118.57540471119236
98.37750317903483,97.44269531972077
74.46715920783194,73.6209617715519
91.2699941311829,90.69160473375376
95.27251306882596,94.98791094450273
95.14318386229786,94.56548477325482
102.83831581600714,102.65241430319861
105.0387348242297,104.65095818819047
99.15546684521992,98.85409067738541
99.71139254193629,98.72067535883502
100.24505277006664,98.93525530289436
108.03299146251196,105.78605836101234
102.07759620750436,101.48918000946058
85.64115874500854,83.7664544213945
93.3585081922081,93.15769325213533
86.76295672864048,85.86725982646993
84.98107506305236,84.27658350215752
107.98951517902975,107.35133896631177
109.78803304765829,108.6975840571102
81.32155605631571,80.81340396001386
101.81477559280889,101.35596592007118
93.94395132400601,93.75787506004649
89.9848030714173,88.66471312304907
90.98498834515256,89.20984677397236
90.43822040560717,89.30194871936452
100.58552067328077,99.56867420194405
111.95413626629232,110.9173443766544
73.90000416401509,72.68976246570764
95.56934702013604,94.42125433509273
114.69556159945073,113.58200293685377
100.36291546263297,99.66488825264005
116.95158048390594,116.23146046428896
74.47043090217532,71.93752701757236
112.50665081227896,111.9530688121936
84.18621599582528,82.67342171960988
82.26401654152214,81.03104814510138
124.41970155547625,123.70787468793604
104.77952721491701,104.07286088809671
99.77189614017144,99.6467560002516
112.41093147169079,112.18045646780948
83.38438810008836,80.81984647575891
84.8260086790392,83.48143105882977
113.86017618077648,113.28413988031834
101.64255163381327,101.40776435173092
101.80768800822463,101.7207071811448
95.77210296398965,95.14907112214995
95.76213350111429,95.62882468450195
116.82099921322516,116.10797205368976
104.95383918601999,103.43215705955551
107.77891712559321,105.1435756607687
92.71558207986874,91.72901816336977
86.90669925725199,86.37170121823532
99.49336672838015,98.2823147474521
86.36985836757793,85.72008934211495
87.69012206033311,87.11699714450403
114.37249412391805,114.05106435052721
98.408759594408,98.00743503177289
85.62400487201063,85.03534889936637
116.7377267766531,116.08488740816875
84.37217965159239,81.81841504917696
89.11703669929771,88.53859771849588
96.2203043866688,95.70763118400453
84.71077820539975,84.21684165622476
96.87887773598281,96.0656588280806
86.68786755371444,86.26113915215964
93.79524059314554,93.44180678154758
83.78970510600989,81.68586977020847
68.93247066809336,66.28170764628602
79.3595385055263,76.32700510483066
90.42817390366605,89.83195752918127
112.97166314227475,112.42064780528692
90.08804877812852,89.92598834911898
85.96361394296837,85.23407759548829
103.38667215694944,102.19056989310089
88.19281775240307,87.52696883122299
93.42866526413731,92.26512544304067
98.26077545541665,97.88610059236017
90.93645957612078,89.99850684566974
86.75924659891821,86.45425265118574
98.85202494004399,98.62811634819441
93.22170718112226,92.59303767770751
89.73958617957082,89.56251631505339
98.6520824548898,98.35443742792759
101.40344582862666,101.24038015419958
75.42084455322055,71.92466956878829
111.00804668315055,110.04150393564899
113.16957155316712,112.69309011497904
111.11075543875235,110.66368381799533
121.77714638804235,120.18102568692741
93.96809634695825,93.72385124668907
110.89351716236399,110.27459885409476
88.03152859848132,87.79668533070985
102.32368629658198,101.9692454786269
115.49683441057263,113.99006143152488
82.87307849683768,81.13212165335257
80.65545277147947,79.98345720385475
110.7524273714461,110.39460287505867
94.6846953390784,94.33313299866434
125.23156787323502,121.73970520247582
98.07658254417046,97.63197297284579
104.38238402937114,104.07300264976392
69.41082633076316,66.44356346349868
122.66232679720937,122.37057275071275
120.44072682221282,119.51126394829227
100.93054106235078,100.66658659275652
97.6997599797458,97.1622481850632
105.01719762273594,104.60265810280157
86.91048859673563,86.40789081861718
74.0340133703937,72.61489993653687
105.16071683580395,104.80275026300187
99.04956573261528,98.79802537996908
93.3246913286916,92.79723481931437
102.7537127138088,102.39302833452761
124.16898289718296,123.02602165408628
93.43559415425048,92.99412695994761
90.80994211086865,89.24595246245269
96.83461841602474,96.77065698691236
93.49126125698034,93.34874238334292
87.56172267948213,86.53943696686345
96.88578125930198,96.60049241411762
91.88625257622499,91.73859951230975
98.93518814980676,98.74555874474946
74.48481610883194,71.56795487824213
83.76287523396492,82.76077082272279
87.55916684931113,86.63679208626931
103.2328938502979,102.6232627308856
94.73846206673923,94.43165333139167
109.42032869417054,109.17233368564885
90.50890002767639,90.16227724306744
96.58052188806421,96.44381142635784
94.33326764281148,94.21591772884587
88.00793018274065,86.34027757216943
85.69150788269593,84.89482172605597
106.55788998922755,105.89403489297025
84.61475196422123,83.66651321220475
102.7008040949626,102.19775650317187
84.01379429195973,83.48310217046301
85.12971444297597,84.70265145842652
78.45219962744268,77.57230629438962
93.51603336205304,93.39372080133569
119.78744098766323,118.89441389676979
88.37822128201215,87.75393712877687
92.89329600604962,91.93730556354316
86.39221120923365,85.11710386939683
76.63662767603915,75.20917564664845
102.63472689034266,102.34729044216441
106.49017744676821,106.22183225546787
101.91013101184014,101.17305564950546
102.71652020961874,102.43294290010566
85.84622234596405,84.9164803079398
95.33440465721431,94.83154723420981
84.68616294042427,84.134390173467
81.69878594052177,80.42701018047364
82.98984129220337,82.10318983019899
82.44600650883501,80.8646734946151
94.93580371632339,94.68350887402758
79.21251562776503,78.02334770671533
94.1280568976901,93.96574426767071
95.37879808465019,95.03963182299242
96.93156372747508,96.58173989710143
81.24943541324133,80.34612728963648
99.81190506369215,99.39441601860372
106.0664819636154,105.78617408521455
94.77657612042685,94.43732245114458
95.68927947752141,95.07789512384994
83.8752091684716,82.92972368050087
89.89934184754539,89.71757712589243
89.45946380544454,89.18053203334821
92.7517105815372,92.122735598306
101.6706537975533,101.47836251506604
80.36711212155998,78.31766466835097
89.71492910766015,88.38046021724041
105.49261609093516,105.1959653034221
98.53316677367764,98.36962099874657
92.0476843228325,90.62717126008559
66.33455220256343,64.00710693753678
115.65897443945869,114.03941561673797
91.56584382721816,89.88453556883913
122.02247241795071,120.00093178131743
78.09148625607676,76.95817576156689
78.53372991681466,77.78515148127327
81.78324131291379,80.69631577828906
102.54109794424105,102.04706745378519
121.94963087637889,120.58501771436087
96.15545122807056,95.51017211650749
85.39325361848489,85.16840875055047
115.35625972199767,112.8673703963064
109.81858294034178,109.12360699618003
111.31762146510123,110.51704442051359
91.54400650752429,91.35163977128742
70.88666179317993,69.34261703136916
84.47473323810989,83.90407956846724
82.2216921709392,81.02032400564104
80.91172978402432,80.51293754013439
131.0096459760161,129.17814264547445
97.31461854803302,95.52858233220117
101.43985240849774,100.98584661445258
87.90732010056212,87.05318380662469
97.54113373827931,96.55906385819738
75.96129120556951,74.66591552690392
88.26859430688924,87.06257954262999
84.10674115581969,83.7491836074099
87.00164652132976,86.56413441400996
90.7039404742929,90.36793363494012
85.88747979966483,85.09422664810856
97.75976757416254,97.52985177977003
96.59409451823309,95.7791115235414
95.59110169589312,94.49722198989582
88.4663774125068,87.68774018305166
100.76855300952506,100.20774849596296
109.94394175215876,109.68579100999023
83.4689285209767,83.08050129016823
79.61810011972094,78.41128019569459
115.25617953939964,114.55129779053989
111.35712845048931,110.86485998702626
92.5377015139349,92.39046476697423
102.29102951624651,101.52735056979954
89.86785279765404,89.38789555798033
99.25299561255154,98.97483517592576
93.26185246877426,93.0428243099513
99.47668394543405,99.3144418606572
109.83229866080495,109.53816182339088
102.46619939844953,102.08264746311087
91.85531479706937,91.18887248675193
91.8506339467334,91.57565916648409
97.197926352353,96.78473632874856
100.3181335079388,100.21895929316878
84.54445832237421,83.89341936738656
87.31208313319321,86.91269331136417
95.93807452584092,95.3853064685161
90.55934937326269,90.27668262173614
93.8995801171297,93.27543276777746
97.76646266272134,97.32095657792497
86.05214088930374,84.50708611520105
92.71427236712951,92.44119678348952
103.88990009353829,103.4322868082325
74.94866056962842,73.04848081660074
99.73140883440055,99.28464068551048
91.55604130134152,91.31095703131702
100.43622360380432,99.38654697758982
109.61192983468372,108.67871438428173
104.25317355576465,103.82172387910799
99.75765364867866,99.35289370269025
99.55206244042556,99.26269302628425
91.08472882336967,90.76602832505469
101.68524441323054,101.42725536901875
83.51375447717878,81.8598594763695
99.89852016957097,99.56571639682332
77.65463199127399,75.99884184715557
91.89627478017135,91.27310686260142
96.6433844532964,96.37500918281617
114.16251580846868,113.79567223534286
76.12926078091718,75.03076650940457
108.64775419811193,108.28124132055952
93.62410102453012,93.31259015288377
76.62895581111839,75.77878191033476
106.37300815407676,106.03635846686817
87.68702164145405,84.57221635564909
85.62594869985642,85.12295741776227
98.10863905520975,97.92468961007323
101.31275666960575,100.5709510905018
107.5242022613078,106.16553073924842
87.99762163378473,87.21303342616574
99.01892397076121,98.93097208430555
81.39927971894745,81.03278198606534
93.0982029243789,92.80431994888615
103.08024351355222,102.62366003792474
96.33073229977629,95.43566359544403
86.19772003339106,85.69847248232594
100.58104207453057,100.36224947893672
106.4027272316292,106.2116454652802
91.29647362713818,90.59510004149834
95.71740669553706,95.2237792052953
95.80296484431457,95.35022469439697
116.95494019990947,115.08633445639096
101.07081320539334,100.9944457733231
76.44368985322525,72.74103931004603
107.73715560976603,107.56030061302748
94.57133799175959,94.08173307666686
92.42859613903929,91.98392847386746
103.47209955557918,102.7356032650225
90.18162011938935,89.42346426258831
94.87207792227842,94.59357782687131
79.63374318500699,77.87229773121088
106.73255211718808,106.49064507390973
96.39108916434655,96.16535937593117
94.32763474912805,93.61857203272922
106.47052897390742,106.11290218881355
100.2588577723627,100.08278186020395
89.15695532119105,88.355976773689
92.51956924653416,91.5653109756185
78.46174298131639,77.53313522999571
76.36752245867841,75.40377892494651
100.16726236355856,99.95610884481073
83.15323815510108,81.48789930324959
89.95465366809869,89.82560932358817
73.79158054810587,71.57228989848002
81.95303956732955,81.00789346049267
101.47954806473871,100.90435765286936
73.99970312561575,73.46586628610127
92.95634184055422,92.55622175546877
96.93223963923829,96.66052248943522
80.00989988118603,78.77633036268944
121.45937075248565,120.39689510715641
86.31424079808521,84.30586386568383
97.3220291978722,96.04939255531806
113.72024987455056,113.1576121523683
125.30490654573518,123.7649891342608
90.10989545356959,89.8784336645473
84.8582359315556,83.43218510378401
91.32907993614225,91.18492480575557
96.90645040476619,96.64652812407918
98.63066252269331,98.32639153756425
95.09230974647852,94.75066513783221
96.84034676362543,94.68339752620604
85.38224629416872,85.04264995274771
117.6297344736303,116.39181807087671
116.7584913287621,116.21633499153872
86.40850778768046,85.80120368163111
78.60347640638557,74.54054573589056
93.81077269424661,93.61265145328476
91.00645881502811,90.68611990045234
90.4950374845269,90.01403240036625
98.0631091654786,97.82150273414216
113.62217366094075,112.36788583425393
74.76462340855065,72.85801910191253
120.2782475637727,119.36162607595793
95.71249062336929,95.50087566182252
83.92658215414694,83.26395597686297
96.30664253888737,96.02236490020027
92.0444312793307,91.07227689451695
93.50047440340397,93.14344747388397
139.71437311397318,136.92602014333337
94.08815783014212,93.77131149895257
94.71112184234795,94.3336995090803
100.05272385951834,99.53868343578695
97.31345002108011,97.07383844935032
85.7858535899241,85.13844415786444
101.37670159001098,101.19453236995352
96.4689225432675,95.62421088071734
100.0981852945367,99.79397693445247
99.43940580234005,99.12953589662598
94.81873196407756,94.16492520234927
89.78114947384698,89.2522040431675
88.69204869766536,87.91922358878611
94.10206724086493,93.89839875668473
97.70781667927051,97.1533759829989
109.59844566350186,109.46341761054077
101.46276858041736,101.05607300883615
97.27576172216149,96.86044112632037
94.71481544123044,94.14869424128304
103.98232371918994,103.73465882664114
89.4670847854421,87.88140680545816
86.7137242117225,84.9665550198595
97.80459884087429,97.47951406949122
87.19051301477853,86.24741594088557
105.51180798280151,105.16864999495277
95.8305037786377,95.53370133088787
96.26197828593368,95.93376659930762
102.46902148932439,102.24434643325421
75.85924394179627,72.66959113265116
73.80624066821358,71.34632205645748
120.49602102061702,119.49050698281806
91.465807930403,90.82178161825912
101.7796886509044,101.55732754291508
85.77788076166443,85.02373710406978
95.90917221526517,95.37631761875676
100.7198950132105,99.89224343887693
107.31069062943124,107.02676060271133
94.42392887866028,94.23135147634906
77.2976614789776,74.81687300789832
83.42318283674086,82.7817572007157
98.2076541318451,98.02361828327041
93.67845063974808,93.40318439076806
101.25725980658143,100.64486071434075
78.26115388434481,77.3654777101283
110.43970558607558,109.44925858034385
90.29197869021499,89.8915508162799
109.91629589805292,109.64532722588864
96.14642554022996,95.45617072742567
100.57593175594769,100.02223488958184
99.72724572105707,99.29952585895988
118.95593199787552,116.24607117689928
80.62766616653197,79.43455849588065
92.53596339563921,92.3332232863455
91.02346151513356,90.32792503834062
101.23185825224738,100.74865802428411
96.08585819838486,95.74458423804153
85.56318924224672,85.35406440277589
97.66971644420198,97.50537837464555
86.14221093605452,85.80983100357116
113.67955954007576,112.49884214265693
98.25525686612798,98.0904911450694
104.26303256470712,103.25325551656229
121.62468416651927,120.44971940539239
113.74142691891768,112.67330044785601
101.08563369045888,100.44296050168855
106.6190270179112,105.48654722781023
101.1661289730475,100.9618152165704
93.3708153879208,93.14509247630171
84.69316218213069,84.30444300079462
94.85244651858756,94.55839106328462
101.63805390650154,101.2210455016089
101.47064923750959,100.8515893329291
96.72970840048484,96.43689990167864
86.4554659279089,86.05926816383672
101.330379969006,101.13984222672738
81.32079703396745,80.91940333041943
84.31463264314765,83.09564645461066
86.98679226094237,86.48267421217344
100.07037208730664,99.7731551677003
111.25497967188228,111.01801242320398
104.84164186579952,104.43457970489544
95.70985486812405,95.16614823094324
101.66603208206743,100.78586530652358
94.73397848442359,93.71206412922206
106.33717222141657,104.77841160473515
90.4646001435491,90.24867951338487
80.20001698003038,79.04468404103764
92.3187086455757,90.35618273583623
110.87992026082206,108.60545136810971
100.3365811200883,100.16744254920263
78.26356390021526,76.82242109193155
108.5137793967582,108.08106353579724
94.3996510966668,94.14381518829421
85.89696651836927,85.14811270364666
89.75842064327506,89.27586617296384
104.57531831046072,103.79629102841858
76.88007007103666,75.03104631672154
71.50829733096778,68.99678996464331
110.40517382601386,109.68537682620142
89.1978103297006,88.56915979159668
99.89888932720706,99.25455372345041
88.92793084397648,88.1652513592718
129.50381690068696,127.61738240894036
97.30069950754036,97.08779872107755
96.15980745072858,95.96267069519853
116.81854696516577,115.99087179704365
98.92055696929407,98.65572018757913
88.71877333804886,88.53549816708197
90.11622575713822,88.43655208403699
81.09637298207868,79.13304543868226
84.5488699248822,82.83473468459616
82.32076536482174,80.49930158250613
95.35368103442029,94.84695229893039
91.10799251234002,90.6424331595917
84.04425239385196,83.04434867002796
120.11650119187236,119.34090434086616
124.46439125532387,122.82496180881077
79.42776763218166,76.8197341316342
93.86436289106646,93.13596115922147
100.5109070824056,100.2385182770617
92.47611238903387,92.16665498515185
106.4176458745757,106.04879996218736
84.63007385234071,83.24569967872564
90.69968449257021,90.09211036540155
90.59391714736603,90.0198935633171
106.7716947892212,105.47204892236473
99.31644845118251,99.09260777284244
86.00513451725615,85.71686588448101
107.17749032685761,106.5716824111686
92.38828227650929,91.49460681419782
103.34618455489995,103.02147774646426
96.65337288169985,95.51446242206916
93.43476962619336,93.27220143794399
96.47844712991606,95.8462021516133
85.85703902149,85.35875319124725
82.56760634735953,80.7559343383553
86.50259070094322,85.41099105456996
91.22471695913235,90.35264107988033
90.30854280932854,89.58469833446301
114.94876236654254,114.31739729669488
93.4139896921554,93.0632884329181
94.2231163802056,93.70157518477862
104.07228955902252,102.7340037600093
84.66936913767078,84.20278313433224
83.00815889649863,82.4822733872851
87.26763773215087,86.96299285005689
98.70391947286409,98.59765498922813
73.89468494345203,72.17287696636896
98.00324230780043,97.82062174743076
114.07344539315291,113.21326338738064
102.98700251156899,102.20223754379337
105.62022953169517,104.9341773311765
95.56314226692707,95.05526974605083
90.16162760235602,89.20779837993888
90.08605068491208,89.48471423321092
90.02052894676632,89.7939586853761
94.44203193570378,93.53678653278929
100.68475128111528,99.9882445479805
101.44407050024022,101.07821673014433
102.28770078684464,102.03247532662496
116.58643552721948,115.76178827948188
98.57997778544704,98.34303688850339
83.76745993427465,81.38917273197434
89.43407469161741,88.69859937508969
103.42796684329812,102.96828597144116
99.02257267753399,98.51867989970934
117.43723882486121,116.6041261919566
97.75978071756143,96.91926740580455
85.56689630327311,84.95824410886446
104.41878021815137,104.16752930771311
104.16108882183389,103.97739702274988
93.20474338249413,92.60072017562945
86.42814191897929,85.89741389459213
162.67397689906755,154.18431568152818
85.43631442178847,83.71301164266849
94.39808692008508,93.75231509706703
96.34596212539229,95.22965594281617
88.49892639327601,87.68780420846262
96.48481144669175,96.01373526927802
118.54620891257063,117.79232429108198
84.24410860073826,83.78109525548038
93.79278611991823,93.6799779220088
89.98233825987357,89.07042437438984
118.27671395327332,117.69099962650844
82.58529265723351,79.83334226338417
97.33839848945424,95.65163884005746
111.16848330606841,110.83794578246892
95.46868346538969,95.35273119400782
130.4087972200654,128.78369463614408
70.28847714411357,66.88434491551271
100.07801195686548,99.90154173053796
122.57286789918042,121.41357784694152
92.0260321681461,91.80477405131691
101.42897215633542,100.56563982182627
100.99561374541436,100.53522351037512
83.67408967037537,83.23404125967565
98.5368635768137,98.28963722985964
82.91942877688534,81.43358213414275
94.53598361591135,94.14850907061064
77.44837561272215,75.72084797423244
80.83692763958729,79.93607976541641
82.69917021161014,80.85873578573676
82.66715871178738,79.46687120643395
103.44763589607408,102.44845874562809
100.3765051916813,100.22628140216413
97.01386323344663,96.69041191895026
89.21001935699562,88.90003719053887
74.5741032285976,73.49401850883994
94.840874453285,94.01781012986096
84.79783449836872,84.45273564005468
89.75629661232219,88.43042495022733
85.41579499534106,84.00481486322074
73.7619370648904,71.7462660670911
88.82604756497594,88.41001824560662
81.94334879559737,80.85510278155132
113.99615718537761,112.54965802464214
94.65104465491154,93.66125657886852
112.20697365173226,111.25525026029443
89.59998134324172,88.71424748920715
111.69764135055411,111.36793049993983
85.47355841204872,85.0696553110343
89.33489685534737,88.82296902349437
92.94474465311326,92.37653228593862
88.90024858568249,88.05654076675125
79.1075942665674,77.11960650928128
91.57231030369516,91.31766650290044
110.4155921845508,109.2450945764249
84.33116139168851,82.2823500150553
97.22044855726308,97.07628210629761
95.5879858089743,95.339978634252
117.60562844157259,116.05888291983926
87.67579005899589,87.31600969671173
95.25227940399581,94.52192580272346
85.7086745637962,84.83786275462464
81.03836649702565,80.00421955414109
94.04452781804436,93.53263127455143
77.65187262935613,75.14062375377063
109.25025241014205,108.359166801379
82.29700984723358,80.91153447499207
103.71917044463218,103.45668967955652
102.19079644376129,101.88066677598275
104.33235650231848,104.1388270398807
82.15206184112205,81.52151073938542
138.8921326403954,137.64531968176647
117.38496996465196,116.59483946944933
90.11407526834392,89.16859467983927
110.55209786273956,109.47653178235524
127.62362222338231,126.36721145492409
85.30305659065334,84.4867003623803
92.63969432849109,91.91997983162982
105.28601510543317,105.11163815884984
80.86416230834139,79.63179656553987
93.32351557576179,90.55189515286362
119.91879036683231,118.81688823601539
86.28011589434274,85.43691458354255
104.16989583550249,103.80205924891777
87.59107434844043,87.08600401628853
115.63744095763091,115.29731243034996
96.28648721390572,94.3123979258406
100.70388559824663,100.3714142078242
105.05848299057236,104.7950861915435
106.54048325412852,106.31332639308442
88.34600942454095,87.69165172242879
91.98315785660878,90.837215764859
90.5829054043239,89.74097738746433
85.73588873523978,85.32185745942566
128.71618079287325,126.59631857702485
91.28657098278829,90.3081085670436
120.97204522788815,119.31899231270454
92.24301934723364,91.61337301516332
100.3307786855265,99.27312727021643
83.78628388688594,82.31148187861892
118.85355558782436,118.08383153913067
105.88718267662827,105.64840153725335
94.59262049911806,94.2265842068305
100.25652653687956,99.89568917912379
92.90429268176112,92.65012461155595
105.8784259503626,105.5653979563076
80.81461383451378,80.04405704174981
85.46593373719277,84.65327854383652
121.0991358389766,119.71492229549197
81.55935422764685,80.25207869040148
100.33436982060394,99.90535433124359
100.65126452105848,100.49461537356244
80.12988287881066,78.92573961614387
97.74060554234133,97.41694309546526
111.52700141724804,111.04522605579041
88.82318923622324,88.13299319819761
86.22051917617624,85.60094020616938
100.38233312141455,100.00409753150322
93.16307715659293,92.51902414811902
94.30755787575988,94.08241040278905
80.47339167939484,79.47812605980864
100.1603469391745,99.9806151796394
110.39630499510088,110.25054433458781
110.96658393660937,110.29649467740386
90.60910097523012,89.88383558853145
112.71837601829709,112.40797026446508
84.87966480202806,84.37840682262777
83.3755895304291,82.78672565547414
87.64589224100251,87.3796664356905
111.76397399041961,111.41886870746247
84.42496736712891,83.87974700473504
97.1066112744535,96.7518887509359
84.83331743013473,83.92711301999802
92.52537413579148,92.2133796820214
106.4556548634748,106.31526755449022
101.64738803061944,101.15715884361401
100.4382109172226,100.1219616762412
91.46241807225066,91.09184655302651
97.0034277282384,96.59845312433164
90.28401165992291,89.74916459006698
91.84429940604308,91.50928744131143
82.48696188289537,81.93609584098918
114.43958897368105,112.00443957581204
91.65905082301875,91.25272387568765
119.06037109230024,116.12024257351445
92.32425958414596,91.93184395265473
78.93745024616696,77.47274458433267
88.045579978926,87.08469115839172
115.09736108885751,114.47049481493974
96.58300670463366,95.69528247514128
100.77180853774057,100.45186624506704
93.90465581771272,93.18391442868499
90.53220485682284,90.06908726126831
120.85114996800336,118.9357445398688
90.47652351123203,89.54335999340726
90.50466157049316,90.06327400084136
105.41785228379955,105.15264191658765
104.00870836580451,103.56252140777009
86.87955036596419,85.3437206542715
96.96608754240638,96.56632712162178
85.47519411251949,85.072971749986
99.98539960640755,99.62841506050579
86.20202999126555,85.25635079477107
96.51683610915222,96.1773563073878
89.8725282208278,89.4842201821428
93.49124198523124,93.00064034465368
124.22575150114773,122.09620230448526
92.01523859152393,91.22467705030458
92.63702332246847,92.13209828642906
104.34915925250459,104.12019477511006
76.99558065587638,73.41816495651982
114.92725307711515,113.92058075559707
96.02732134314498,95.3521027399133
80.65833081343463,80.19520169754391
99.06709106327833,98.6524481229711
93.1785478615354,92.8476289679685
100.12858469477727,99.8604299509034
116.95431488902923,116.22922453751781
88.06262691270021,87.89924524242763
110.53689828713013,110.16543233616488
89.45359000703955,88.83655218407783
144.81488476081404,139.53093555614134
74.01146156359162,70.83002898464153
106.29834913519566,105.71330930919724
82.61187085754567,80.80352749078712
107.0443331491302,106.72999772331424
88.28339770139434,87.6077365584972
92.26362577680396,91.904120467447
99.85041940780425,99.18776249250485
103.42606448375992,102.57845265627968
79.54142792480063,78.35826843059547
95.60030257157965,93.18578490527855
92.78601237986246,92.5845152860383
96.74829097667958,96.58034508446553
97.07304933954237,96.76418452184475
96.422639054293,95.60586216297344
97.16106389892394,96.49839142444542
94.29955239050224,94.18865391741502
95.81785113425798,95.19884934505282
92.39468816049792,92.20464184980354
85.2859669236977,84.52007498695168
83.55073765145158,82.3161452796569
95.86487734828849,95.50870563034404
103.99136952072331,102.11272142011589
102.61655859799724,102.39683081983442
86.66641320167851,84.80975123663713
96.73664672603189,96.61010062476014
93.84030344591707,93.68952410376447
101.5444306198824,101.35084309034201
105.67996216389493,104.16978693005522
106.37382674613404,105.7178399732199
86.99608707078959,86.75008324618797
99.5516064723948,99.39585110019722
89.4530975858472,89.32476031665338
92.69258912197171,92.43343586514847
87.78769635707093,87.59213423281889
101.31780532557097,101.02346363699868
82.53105426789958,81.78526197753389
98.92166407008331,97.75273333151898
89.35365773803971,89.03952148978166
96.36564512868652,96.06493869889556
88.22533196519022,87.61927404477376
111.78475435514048,111.0722669947157
79.56807763967207,78.65761989720201
96.39867284263886,95.72778701972139
110.90766158295321,109.8876723121722
84.29363065831026,83.21297931626047
99.88226739561301,99.64459767741631
88.382963755939,88.01626904953505
108.06022588011324,107.91275820221425
70.97056008202732,68.8015433298345
82.05289753134608,81.0629985061021
75.06810494800692,73.85872300112064
105.61524702551903,104.58738927818366
115.83257766461254,115.34906778670067
93.80957437005978,93.00936903271322
97.57919061860268,97.46604357979874
108.98322998743483,107.89622236506877
77.33084140137338,76.25272573295867
109.5618228024656,108.65139402854399
100.98854148467845,100.22662697193859
89.38893318113769,88.41886806415454
80.73082351083701,79.97779476890912
112.14178654470619,111.78500992168422
102.76292323879782,102.35634722375738
121.15340626591673,119.03389578302613
103.79688966790543,103.27135228945072
111.43597460989672,110.88373933304882
91.74964589037673,91.19507209761906
112.35147961838189,111.81750646993413
89.49789748021328,88.98304492026271
105.64386416302418,105.16601396687491
90.67803146133063,88.60354740251508
106.95154512216575,106.61007419795659
110.50858744903954,108.98381053803762
79.57127112084916,77.90950665698304
96.13363561102923,95.9773239476023
94.98706816954459,94.59722762507627
91.84871905714209,91.37775674536813
99.03260640817228,98.42053621563386
88.45660483093603,86.18681392556007
84.74102978307292,82.95530083820736
103.12442443730242,102.91204801892805
100.97897367974566,99.61947398277235
89.21635044691192,88.48438701327777
88.92020279675606,87.69458215412388
66.26879933768622,64.14094591086862
93.67251654689147,92.96242638964966
101.39882640324636,100.94530663968777
98.91194046720987,98.7440361770463
96.50655488296732,95.92032897088136
115.56319295355298,114.96403237208666
87.33777059229995,87.0467551534611
94.77134076583323,93.7779478312148
97.23365254462209,96.87095981613498
107.75877082385927,107.00922030507563
95.07412043310086,94.96344370286461
73.32311271005544,70.75711741686887
108.43466179247517,106.96513136156072
97.29097510847693,96.95797814349449
125.19734186292615,124.28017269420464
114.13340629477672,113.93212843925797
89.22941137444792,88.02421184901023
102.84388986079777,102.08744969806854
85.9064228257333,85.48592484371733
100.25019990625192,99.82611494049763
95.95845004179054,95.55488122419438
108.8016704434283,108.13445050296075
104.16450957455483,103.61460987236481
95.77888620841199,95.1202565408097
100.01290204593145,99.60524126561279
93.16671892974021,92.52379286583387
107.67226830128531,106.39034398873986
94.94481207964732,94.49630761080851
87.69805741165415,87.27373920466775
91.11771057327128,90.80852486444891
108.9172884102452,108.37837541418234
111.87361493050904,109.73936814595746
90.04325110924921,88.94414003728777
98.45911261464414,98.12118870943965
107.28133560288525,106.7893735836626
86.22410786908367,85.95894928550769
99.82103024465425,99.44769370126811
115.35130912289827,114.729375804762
108.41061393384263,107.87410724898749
80.44627532402626,79.53809906307657
88.48275437169612,87.65276785199694
96.87168261607512,96.33513295714333
70.03118143655078,67.02031415573626
131.16751609445203,129.11195279342147
74.56300176068139,72.53852909398411
91.34348706368375,91.11418287881024
116.23513186090523,115.80364747459888
105.26150148834708,104.3439285857743
121.00058971322656,119.24065982750892
90.23685639580297,89.83625722791663
82.03621022114139,80.92448517205922
107.10360084368521,106.49934310113345
104.17408658267117,102.95239465229145
109.02226097018671,108.36640163247961
110.25654716870172,109.56330139154934
98.75175836947228,98.39739928764625
93.14800114704174,92.65912950195634
78.19700201811777,75.74163178535309
101.3671420165875,101.18632900278749
99.05262949629217,98.89458210997563
110.54875511015486,110.10318656366526
80.19290132517405,78.9108879141373
111.33860321871752,110.6743642412773
88.2295914228198,87.68586237958924
98.36912550094377,97.99196437818578
95.09205141656436,94.66661695011624
101.32290381192396,101.0185586893543
92.35114318778376,92.04041408970318
107.67950107127749,107.37102648045308
91.29623622240653,91.13473778199918
110.1236919394834,109.68300386114771
95.96098667333428,95.85049689805307
97.1237407200675,96.82062549809457
77.99449703828697,76.83233674949393
110.45516986290865,109.4730591298148
87.44839066984346,86.72841428851285
95.31447624786105,94.92459036193638
82.54466674038427,80.71684208423349
84.39785163097945,82.64546748334818
89.14991368135084,88.53388943075701
88.47572948478044,87.66732700418424
89.5852674045817,89.31336063886154
111.16966400897698,110.37909314047836
90.40333119407168,89.36507502314176
105.32079451484582,103.74581311102195
98.25584580410263,97.64532800209105
102.96701938819608,102.67423378149965
106.25197062586255,106.10748018624805
92.21397816741892,91.94376466993914
88.91004371588008,87.1369011403118
112.38527273687271,111.15798583389655
105.86582085474231,105.6548630233658
81.06577484151059,80.0531083163495
97.95451657313286,97.75357398138205
82.92251075738164,82.29305833310016
94.22576864565957,94.13443889997295
104.70031000852352,104.39786388056598
118.96736648999837,118.17169838417874
80.63712002655352,78.59195656147088
81.07909929692256,79.89144069322765
96.67619336144183,96.54058182711431
82.49801419037203,81.71147271196367
110.51925428106928,110.36523868120368
84.1770873968702,83.72386044914437
89.96706153985008,89.6669618884486
93.36193907182958,92.90496940998531
113.401033870304,112.4781523394724
79.4471222049571,78.29685968245197
91.92597035241091,91.75905150409113
89.95219484823481,89.26068344215496
128.57990228741744,126.16424665687815
104.27974129182216,103.96588064005515
94.4221164394737,94.23460974555115
88.91533178561022,88.50132706353384
104.44389943644015,104.35679663839753
102.77452503440709,102.56598560360051
93.90583460063631,93.80387149534542
87.48646941262626,87.16767683661325
96.04247575520917,95.89324670981965
77.9221847835907,77.11338707379748
85.578495895892,84.27996268359992
106.48965231474891,105.95674600555695
92.04647503557891,91.69119998492705
91.83551047725128,91.44383878495361
85.9263981204781,84.72727195606377
79.24108963310312,78.71677535343292
111.24482612235641,110.9866514291799
91.51310841900332,90.95548059060603
97.39182326753065,96.8627229962402
86.90465821355586,86.45329446085198
95.24768569032963,94.72495206696969
84.52496171272227,83.21058588143985
99.27557600787809,98.42376146486977
81.46357289125281,80.08798066291668
108.9678124496146,108.81913673867321
87.82265396835663,87.2392801099552
104.35743345508692,103.78535239106856
111.19098172020367,110.26152520719572
89.8924107012256,89.73559103815919
95.41662232970059,95.26630906587482
87.26719914867257,86.85877055527916
95.2582018188539,95.07217689928954
93.94007372046826,93.22599729202084
104.66886232398338,104.52675258905492
96.641887578802,94.56734082830383
96.97386314865416,95.69168005009351
100.96343539991068,100.52866583914616
100.18860631509705,99.44767872595759
91.83805642252558,91.46456125880262
99.04303260094262,98.77259676891993
100.56779139084152,100.30509406165619
80.34799456875996,78.56861202179545
102.06462160165998,101.55140879409221
89.04882154609244,88.5619686644735
94.8124779726694,94.3701398301903
109.7267173726803,109.35424595052038
97.75984604457967,97.5419702057371
108.6167385659076,108.37533183121234
121.70555519412102,120.00391688235206
96.82369561792508,96.53198708420842
101.83143036877922,101.66679216641248
91.54757017064401,91.14193544084758
105.78969330315124,105.65854277199324
100.27308738834682,99.88482112730213
90.70251400137646,90.36695162085982
78.46554380023343,77.06012470542667
79.72553738334231,79.25711578744749
91.8938741311269,91.69536087324614
96.38135027391976,96.10062392939615
90.97921967445966,90.2277642303431
101.93396169856278,101.64377120105407
97.03667770107577,95.70236439530532
94.26927337175046,93.67498031240342
82.58744528380345,80.77867370356923
89.33606466769417,88.08241740948438
83.3864640211962,82.46942129511172
87.00764352829769,86.28197825061956
119.93977238667601,119.22137726330777
90.44878108624165,89.97838201243523
87.89131573627283,87.6453163678202
86.97118022528198,86.10792326970852
104.93213282385494,104.31910524868225
94.32131277508805,93.35391883614568
88.77852382285371,87.95093158821729
77.97653424114145,76.51484263906907
95.95866100088125,95.75571228207858
68.0885595842795,62.63043046705519
101.00497054229051,100.73415566274763
109.68314010385056,108.35509807885586
86.00921619906433,85.3490803969747
94.05151347067027,93.42693663747922
100.91898590355875,100.58769345009354
93.03404642615956,92.71349797012148
101.16765793100842,100.76640592965121
89.59770859831907,88.92109939482462
88.87737484832306,88.62596858137466
91.2948283394756,91.00143261969231
93.73966332632043,92.80585299840028
102.66129699701767,102.47890822818493
79.57719331018838,78.56241379500376
102.2319778094046,101.9048343353991
78.2190800027885,77.47625250341719
82.55358343786706,81.14096294618135
78.65780618146982,77.46587753141604
108.82734457932142,108.49153358664503
98.9867659394958,98.65787189126794
86.3433363392669,85.7747949921225
101.81097064144089,101.37859674293588
86.94664899479996,86.59575701255513
110.5389075312467,109.52410453144634
109.68180976278266,109.0107787731505
94.20998916383257,93.13939339279924
118.21643455379677,117.5937520141483
95.84952418639789,95.38770010832016
106.10266788015798,105.95606161663608
116.04210296062139,114.59795841435202
79.11948690837517,78.2001111155529
92.27926893821936,91.2330818554599
88.30397654078232,87.77874236221619
96.40875986678272,95.61791860682558
94.66217961822692,94.42620831594516
104.59039615990997,104.32237892250761
76.10639203804394,74.10323496347212
96.85511796538309,96.43792653106858
81.60383398924358,80.1989965924195
93.4115765130237,93.19543960113445
96.02178446951285,95.8049919860093
101.27653313959692,99.78312021662698
105.10821764632438,104.86587558809059
83.89761510452473,82.11846616190678
84.39809762214743,83.09030623771906
87.80418728939894,87.0628592291337
79.26303255569732,78.54419363396309
75.29353704620243,73.90236039315897
91.0540702299107,90.72721858679998
96.57778403309881,95.68942499715013
99.95143110101806,99.70525490552654
80.69937578091573,79.97697322091261
114.20127476324664,113.05852715314062
81.99737240901227,81.28770425602714
87.12857304308177,86.84887852395856
134.8974417073763,133.50390107761342
101.60746936447538,101.29477915875155
106.51595041001138,106.19061385382861
77.62289951024063,77.2235834469491
110.09266914789472,109.12491635085088
71.2126861961608,68.75534532923106
100.2833667670959,99.90736173703517
72.15876850585136,69.34576364786376
86.32411303983744,85.257954451085
84.52999349647176,84.14940896766159
98.06159749907185,97.77017528294576
96.92383302785825,96.53511669404524
89.45013766770197,88.79876087356166
94.39427295811693,93.76328243049755
103.809755303506,103.44997677135763
99.59839528643579,99.29578998943035
95.05897236031502,94.84053927473833
92.25373461513503,92.0325061697725
107.85465376029423,106.2152841915283
108.88992115163467,108.57580434754563
84.10177904927012,83.85371252403797
106.37985639522209,106.19079686075952
81.78548768175767,80.37505509543327
97.96339948773783,97.2216086671814
90.56932979717502,90.13055483175627
98.10226530026415,97.8358334077101
93.33991528708184,92.69622773054947
98.61885605642901,98.29224601188459
121.80070718023377,120.69423789897019
112.83414290151259,112.26609328605258
98.16176040545587,97.86137478995758
97.166722084978,96.52561280357043
94.6212212028506,94.50146278794955
103.97419254955335,103.63006657464263
89.230816724782,88.55596818017146
92.5047221424131,92.25963135698153
95.21950031077367,95.06415403357775
101.83110089218872,101.45219328252035
106.3777210139443,105.68777586818408
91.28251149563371,90.17347054929284
87.3641449052547,86.77806404622342
108.91146636262258,108.6702825004079
116.0301904718167,115.74144528226594
83.57222935140264,83.22579468834333
105.03497289861123,104.60800867720006
98.3883885643097,97.21639034765691
101.10228405660173,100.79889016996003
94.05694663193806,93.59352734782321
87.40741535588512,86.57921539161549
87.4352456367776,86.43321794208688
91.39252218436039,90.99890984879953
123.54354834940672,122.31880766910507
86.56331039373752,85.99651266960336
97.08052361161563,96.86882120605412
96.7792010807654,96.13540657359233
94.22247274686065,93.76512376633357
108.82623857044348,108.2141696355228
120.84738590103105,119.97860707197538
89.90254476052361,89.71518599879069
100.29586678877617,99.88609509205752
98.34520642765916,98.02145820438095
120.55040584609866,119.56837197786125
93.41844133229361,92.53537584775526
107.33965374399816,106.95636057452562
93.118474032201,92.71362227028315
85.19695773253429,84.96678649251623
93.17878729331338,92.51772366740933
89.0926867680726,88.5830432036645
92.44438407313913,91.73648277326083
105.96891419739477,105.2051699508022
123.50229880573183,120.19010667080566
102.61142429919114,102.30952433402337
107.78020121463152,106.97085790077573
101.6615147979656,100.53088361929038
69.44417360563224,66.34038454216675
89.14883524658437,88.38456690669977
97.05713201627222,96.66917176859799
119.14773650314484,117.79700411133072
100.16263704489418,99.8397654895488
81.53030666872161,81.1780956807391
87.16777443308834,85.27842879360776
87.4797176364837,86.81291838122304
107.45401922228376,106.295050493085
107.34188201309313,106.91526110874501
100.27455672166559,99.97936077251154
102.3872254577487,101.12649652958248
99.0535950046369,98.26235102313619
93.38133276047462,93.06074084048927
79.49140484008575,78.23095668948075
102.30414507833412,101.92634671859975
107.11600132748364,106.15179943780117
96.20742326169906,93.60911481602864
118.31798254288378,117.003403476466
93.11954743111833,92.84673153470952
86.51327302074142,85.63625732930645
93.42895971351905,93.02036719739601
99.47702644350927,98.91997721184342
115.85476188011445,115.37540916351979
100.03552664805052,99.10745593503742
103.00111105469213,102.91601287148303
78.31764062600858,76.01807322779948
74.87013332702384,74.39379924965631
106.8285110564021,106.44601735472625
100.34289059868809,99.1970374814084
76.4153682365812,73.42712934405371
91.11552672426856,90.16181749242013
95.83365363191012,95.70857826963068
125.50320291660597,121.86102728704704
76.48888922417349,75.59258514555158
87.23975103362508,86.38453157994692
92.93053414917291,92.39847346212865
102.30922019194598,101.90742826566968
77.93831522589807,76.87224261900889
103.91500940780641,103.24552891902408
101.33118159381618,100.98563104494605
137.89707378565953,135.62631913656958
96.28644948684047,95.58824763968583
90.83623773875526,90.66252460867113
130.9808709290698,130.19494339000238
103.55749646543894,103.34887698008153
107.91154845025862,105.6073418738661
95.10899957137786,94.56067042545521
100.61068499299309,100.37021750438798
113.1248759725201,112.13220330146085
88.25459192070302,88.01302140456802
91.6751408821022,91.33092695618855
100.74534275222814,100.4861550593819
95.74495014331401,95.48518821497755
86.31961469048275,85.62887787912445
98.22039207076575,97.76929792315289
98.1782906801664,97.77917901018013
98.59982911183053,98.15726310494539
84.73864323543654,83.208889741207
72.32884659253988,68.53777354613472
117.46035279048034,117.10094290245044
93.67084170384858,93.29456502937592
88.776534228219,88.02980049497738
86.04056539250146,85.63533290961075
102.64654536539564,102.29901104412346
82.50488617811445,82.0208264691976
87.22179940139539,86.458754356599
97.37497294483587,97.17439380496764
89.48609600165418,88.05266490082084
97.24237950821292,96.99717557180148
102.28905927457002,102.15430270024106
102.49231790347227,102.35914477527518
106.20848095374255,105.24659499091949
88.34940123614791,87.64068979622395
105.02196309769425,104.69008754234058
88.46241335444364,88.27690878480365
112.87284409103053,112.3556458397426
84.15794395863252,83.7705604603364
138.922673936561,136.43783507359305
117.1837150917736,116.7720682568962
80.92344201070878,79.47758423232604
108.08157195040218,107.85235563238443
85.51160553844451,84.34564115297728
96.27388116275485,95.76404908461939
108.85285165164703,108.35761974228191
104.71152364916463,104.51664323165951
103.19151415647215,102.82009246221101
90.75568563326698,90.18648875105225
102.46338793098279,101.68809252848327
99.35579321835763,98.47274878965021
81.2376456897018,80.53255726456763
107.03342387405608,106.59412353352087
102.95482988484564,102.74365870590341
90.96051483506854,90.66422716340827
83.39464244294324,82.79756289030009
102.3455068007608,102.09943927564483
102.94090103142369,101.48651075271108
79.93072233663773,78.51351929289154
113.37039796539844,109.53688328584133
93.54995828906164,93.22239301942297
84.81403746693817,84.36809181868736
104.76016521351505,104.35051271267447
89.79445648553383,87.05030179638095
91.87380810120366,91.2243582819902
104.79711429593739,104.62138322539299
110.81622937479908,110.27636233825461
109.37702480716789,108.73665153907594
87.74521097764148,87.37293795434866
86.450598620043,85.27335867654566
105.60725155492993,104.93614283875688
96.45354652424396,95.98710499770732
105.19232269164091,105.01352532941893
73.68159569928865,71.74735592420515
93.08675664328284,92.94015320823364
75.4221844445276,74.587772031775
63.80337996726537,59.90323003375817
94.01207337568277,93.85592576195224
89.80287220213322,89.13064317446882
92.35189578686843,91.91383838984076
96.76075971781889,96.19025706806273
88.95997230087345,88.60773009826339
119.07235365523195,118.55323779093003
107.14282548605028,106.26281082823014
102.07041792900777,101.49806013304013
89.31207290232369,89.02839843513055
82.0571344722344,80.91695594063438
70.90414013424564,67.53860718367424
108.51238434607112,108.37657214760581
101.63087230503476,101.4896208151161
103.2696892426012,102.99170257816304
86.26083126156824,85.60440368068743
81.15802668914573,80.48837418831677
63.24795633211547,59.94608030761067
125.99450904490237,124.47798345542681
100.71211715034768,100.4899024042737
99.45552103037876,97.82437194787171
86.6460837973715,86.10394434711836
96.41890980929762,96.33826682244715
85.95012783095007,85.2540374716372
89.84231949783239,89.18843699855071
106.99576457267682,105.69027512676954
95.45830766520066,94.25505376117269
76.85598767527593,74.1571802493484
90.03885538619087,89.82592976667213
102.98351504592962,102.16992118133025
77.66041772189224,76.54277646918818
96.52358890619908,96.22298313493596
91.88924104181204,91.7101001566508
102.79743194651414,102.02561578753071
93.37812233169863,93.1250898311334
101.39399368101368,101.0927638591168
98.37257548501555,97.14553565453724
87.85918256500078,87.61117325925234
108.69390553734287,107.70034829673568
76.97431297533494,75.76820932201491
97.5904996734138,97.44512696699233
94.5752256132777,93.4916460222211
98.69899741441728,98.54144225072108
97.35461021249213,96.88829393745836
114.56263526920557,114.12661874415839
119.86774842311844,119.21073838698432
107.8105054957378,107.07227081677206
88.10856125996996,87.4074272221755
105.83555899360826,105.43918183121538
113.49128601189352,112.1204531948062
104.620166277502,103.90858802024988
92.83774558421055,92.54203716273176
107.32100119067451,106.89299641371241
94.09671547706783,93.66257733617381
80.74173479437655,79.00378552775533
116.70691076764088,116.45773532865019
95.3084724683776,94.35373386542342
92.9953315593054,92.65464264672885
93.11387549764018,92.80746272367745
129.39923249045444,128.4779399510965
87.10582965324767,86.05546141422721
79.40300001012655,77.95305635663097
92.95173374508887,92.1403476157531
98.86241550689074,98.5974387814138
93.79814261764193,93.66062170227536
108.07024325625365,107.86713840434501
84.21263957561774,83.6974799809573
113.65804235677692,112.68578459937739
95.84734180264644,95.11655011938615
96.02141237314025,95.38012524603278
115.86961156536756,115.45993641108187
72.5079633064785,71.1289976534954
121.21117550515456,120.71525031283946
98.81209285911396,98.70525382189464
115.27071737832746,114.31226237753432
94.62056732010613,94.36534735341387
100.2062080370894,100.07326935617198
131.81921195088955,130.66395778670605
79.62672821810203,78.43686858883903
99.14295836794099,98.50803768447311
99.53912642291432,97.91938491800218
99.80530157743404,99.51676332841154
111.5647108704346,110.790281031672
110.9765850142851,110.70188844422906
85.13417031115047,84.18158738900341
110.62547504283074,110.42931631931947
76.31998065095222,75.20179772808193
82.58509231449703,82.16771612203375
91.1965838432528,90.35289098774115
78.71581760621915,78.01505287669198
108.23404187557806,107.74114379172767
121.33919161518997,120.56111507684176
99.66459891910728,99.06678564903116
116.42965895009482,116.14526291838091
99.4680363242819,99.10201338169907
110.04423173338546,109.89603330560925
92.37921944289499,92.21780707322766
89.1357407275077,87.9645453637648
95.45021435871304,95.11528907748637
80.71702681248338,79.37006796365007
115.03733056215886,112.14348544896416
83.41954981397893,82.36454951361392
106.7577894315049,106.50984333262825
88.4673048880692,87.969318115732
83.25928145118245,82.7031318853717
88.43732999823382,87.89859164707842
102.39399340188547,101.38826144076596
90.53965279626135,90.36734990133681
96.22954044199341,95.7993088039042
104.4347669078976,104.23284439816315
83.5544503291498,82.67125304282092
104.66812779865437,104.50983210643204
102.02780676360206,101.17988933097803
102.17883609282691,101.76150744313583
116.0296206473656,115.37478046049594
98.93685872565254,98.78357579748537
89.57614593873573,88.73822893896394
106.61623216947524,106.13019057509132
91.13069824219752,90.23281623366498
95.11955073755898,94.54467574079831
106.04263125305724,105.38739367476977
104.45941617478125,104.35479519356312
104.51373837415906,103.0566812600178
80.59377062563674,78.6453793914906
88.29348887573326,86.55793832641376
104.3804532151873,104.19058510720849
89.10337402235903,88.93693201924602
93.74696303888413,93.12077306396667
78.37393339749798,75.78557552069323
87.28444401879273,86.93361392453635
107.22041130130488,106.05173330191593
131.07009611258928,130.21425835150805
98.98949075534179,98.74847683571747
111.2844359219352,110.8858088612602
104.57229913704141,103.56098777788371
80.34293269674194,79.2537026174568
78.36044768654429,75.6256709084646
81.18334148958655,79.4253012413754
74.8806144350524,72.50456963524898
116.04027442052264,115.19821526771692
96.93579446747667,96.12615824955164
112.83959093806509,112.17611977298506
108.77884937086883,108.19562358033781
73.27583970458012,72.19949743332279
89.62951844222437,88.99876825661396
100.3553636659524,100.19668320295482
99.04645121887177,97.64414725011665
88.28429394038798,87.72674753699063
116.30210307946949,115.47363698433321
122.1034716066895,121.03012465647257
120.65235995427103,119.61765515746276
111.40442957237114,110.743196403747
94.13627907332102,93.90042347058478
89.29902833863987,87.81561483434909
91.4158455880807,91.26483415304499
101.9539703301909,101.53833201979148
95.12581494018973,94.47395742703661
85.6923944338607,85.34721889366236
98.93342850375937,98.59268084620294
72.49818361543879,70.43738526700926
111.19206689075725,110.21919479426688
101.41881294017834,100.78663228488628
93.03214862225435,92.82416219558093
96.75657229273727,96.49973893066776
95.2260742649263,93.46727200699962
93.4051828892575,93.28293103326003
89.52799684433,88.91488285900876
108.97834286107756,108.59429305831404
97.87213320712763,97.47481625984132
114.19991306670188,113.5418689376955
121.56991363455734,120.52687187154608
97.12111037506412,96.05479268499812
91.1580209853075,89.64239187039219
101.61884481206822,101.11801815922658
89.32912464512427,88.96977388273866
99.63170588915017,99.43208304468753
130.66596374839958,129.150698721182
95.55442580550272,94.30697736759886
110.43319136097766,110.03128354620141
90.08890975205667,88.62584354175209
97.82757183512112,97.55988736229514
70.39395950031785,65.86157650717045
93.10819910273064,92.50242033206825
93.33134425866905,93.10661855340918
94.76063360941201,94.38578965588509
122.70053194455139,120.05625690002668
105.72273380758608,105.6069150445049
90.492914005478,90.04234064428547
108.09719656135654,107.09365916709228
102.26742169851879,101.69676849916658
87.87109531810654,87.50886619530327
84.00387167560584,82.25319530643395
102.38055492571162,102.21091517840598
115.01651561925758,114.04946759681911
90.62866404526306,90.33916409068613
99.22818277806753,99.0977517434626
117.86032714441463,116.56638628004181
96.12777854637456,95.9317583276593
95.59505554624243,95.31291761137547
113.51220680292909,112.79471429588173
93.9314335080019,93.68764690753815
104.3593659161548,104.09668472343638
95.36451725347735,94.27865313958911
100.12032379268925,100.02417440127932
94.4261078154531,93.68700506835339
107.08302352478496,106.89379039988513
83.01699639256823,81.37814650607544
94.01703137094252,93.75245301339092
99.82138827755588,99.6333570029578
87.81093278256627,87.22895710386594
100.127870972147,99.81784479140732
106.56582623676447,105.8815377773373
93.0772740305693,92.51395808565589
92.63742443819889,91.68742754840692
93.00504227045342,92.83554799090035
116.0560262710476,115.61178249972255
105.27192060917609,104.53703905712943
103.91045390296986,103.53831456554214
91.99843405047977,91.47525766079406
99.7335911042315,99.59006057147555
106.8113233576592,104.95201050417216
93.52572624436144,93.180057158512
85.94376462363189,84.7400633272117
94.52968105817907,94.1723083027414
103.25537950657002,102.88071645529328
71.74451292220574,70.5948005319364
89.92340242506312,89.50995963891552
100.68662690011803,100.22189703122477
102.9078898598154,102.77151763312825
91.82733901906975,91.40652264427852
108.67782782748147,107.99217901678212
100.31899029264682,100.02764989079331
92.80322781680013,92.24003552745278
93.17658955710277,92.64971445129677
79.71776854544049,78.72405193894545
102.68877654582035,102.51435214314583
90.29152685295236,89.79453618826318
95.65227239555047,95.39903141471927
76.19372974920361,74.18068386737556
72.0086271379554,71.16231349159698
91.22016399482773,91.002525073392
73.47526992441139,70.55805802966873
106.7896498297501,106.3110715046811
77.96336765697517,75.897038505165
103.70508179498458,103.48745706818711
88.92701186847523,88.58542543572703
75.07052172367938,74.34537633759467
102.50078673613643,102.08453867153716
83.80628439652948,83.11474826499088
75.179352254763,73.43428533363137
85.2061049417392,84.80902677770857
82.30288322344315,82.0573495407489
100.46252375449467,100.02506029916296
90.26470665041421,88.8264291773635
89.26292968548296,88.98745255044524
113.6934595171744,113.29982320697448
108.38619328499225,107.71679227987465
85.97447381931462,85.35916854018376
101.6939084062011,101.366413588602
94.06180251164724,92.82812618609005
85.37388932477238,83.52218970090328
94.18716415777997,93.53169074224098
99.59688574215181,98.52068998718389
103.85389398357258,103.06314177629692
99.33374625405867,99.11415201857457
94.35372833791594,93.41927424753628
114.69024293923802,114.24645291651123
90.72377924918229,90.21314090904072
81.56780834953663,80.39902149277475
82.89558859014856,82.49595704123958
84.76609396047819,83.83891180045592
108.62342423704014,107.75162341663444
81.0811574876737,79.2134298153115
103.42920701092362,103.2611322019641
114.8303671313332,113.8355830506168
80.13611611745318,78.71953455422309
80.17490058351832,79.18267723297467
119.53406440792548,118.4675927847073
98.59285988874937,98.1990968799181
82.91346002177077,81.69019783186457
91.96815218250626,91.18502303797126
101.16040840888807,100.45446355754083
85.42372203484084,84.93338907598864
85.01668631202061,83.27083816118075
83.37009207752527,81.72289735936997
98.08123648969455,97.04830052721702
105.16160057900944,104.43441611522093
84.9773107140376,84.40206240598553
97.23843186758536,97.09030356745447
92.62360205937561,92.31234530408834
104.51538167244094,104.41111143117065
93.09505870929978,92.8335372822312
102.64160079735322,102.41775860347
106.44466318505205,106.13495073916397
92.04061451568566,91.84276819827946
90.71426556325333,90.3571557060563
90.99786729358235,88.66211709418623
101.28361031508405,100.93952313962824
86.09971755955159,85.82316295524033
78.61733227657525,77.79140198648248
107.1221937382354,106.62236180226296
94.54671029332688,94.01180866509068
99.30612848328445,98.7116350507763
106.8181746938863,106.25288446093475
115.73377546605902,115.1289367613856
90.2854996495341,90.04510850436243
94.43777457538897,94.13613163491725
89.0584322036653,88.7609394291732
103.0956154285847,102.79613141750828
116.23948185931503,115.89873808989599
97.11698281391008,96.9650842619783
86.43091586398869,85.41514211124816
87.69386139688659,87.00225210316705
99.83382897942951,99.39483026226264
96.75271813575398,96.17871165241685
82.13123231808528,80.91005271488903
91.26582164213505,89.47114782501464
91.12145794518112,89.84005500665906
82.6769994746022,80.7775636061575
90.45616857094312,90.31270327931742
91.4236788027202,90.85442643278748
109.23303838000982,108.31640651465075
91.24849368992683,89.46726974269022
93.39789841814168,92.9130974162223
104.47394676670666,103.94791734927227
100.8347675878894,100.753963420529
120.8434311398824,119.8067999368421
87.50942906929951,85.26033663772205
90.43274632629644,89.15826947734357
104.79906030774359,104.58623772240007
108.80302211839751,108.0364037485793
91.87123017330501,91.63199779750657
99.72089444864403,99.51922518638987
104.49207871340204,103.88536008670334
87.78278944766512,86.64364175458186
95.4939479589935,94.99066926425003
90.00254822858527,89.26927571853749
82.61539893417071,82.08823139516083
109.86113279156578,109.34600817047853
102.79951071384791,102.42827194628438
91.19192484956424,90.52865606958241
128.23977294843624,127.63371565108
123.06899580927683,121.6237100595152
94.21534472700915,93.53606930304986
92.16220835468103,90.81353055318822
95.55047386340974,95.47225018249765
95.09076617740949,94.00390800458683
97.94197714474376,97.0698438237925
93.09696037460007,92.90824299082983
95.12330870779165,93.7895065842164
124.41635293585537,123.93713869311122
105.47767914125492,104.32107559230457
96.11997466843466,94.9615283986417
88.33264571409734,87.84392746202838
110.29735924024608,109.50163244344671
78.74503912224057,77.40592225377775
88.11539503595318,87.87843378310981
98.85675481261966,98.34390235004754
98.72336667808115,96.52904904710775
89.0602981048336,88.81061613643269
96.16346844901304,95.8673974672453
122.51469864777818,121.55649715675322
111.43308907093649,111.18779074988227
97.08121467014176,96.74042390672165
122.08017722735264,121.27943329615023
97.716808704133,96.8655558190388
107.31631762359947,107.11621411740084
98.98307684390942,98.87513588641275
77.66910415685919,76.52728473585876
106.55504003799805,105.68028989007846
89.88327637522228,89.77361927452267
101.30534870199276,100.9490681255563
85.81076686686012,84.96661977393998
85.29014214995738,83.01172561312876
90.92064887423989,89.42967466525819
98.707723451926,98.41920162075192
95.37919408244022,94.62619198815158
100.1751258845134,99.76739580586485
88.38207230595201,88.0685093585137
88.31312347694204,88.1508282230197
91.18402234709096,90.21867442170107
103.9059925779446,103.5766131716787
94.66640060029705,93.72437931165732
89.53895515416114,89.0356429262514
80.00172744028572,77.6459458174792
98.37864112260846,98.13611284520339
88.27971288635287,86.93330346112498
111.37628159555699,111.03550166583472
94.06626069108705,93.81597887261485
91.09680041066295,90.82269091175915
126.10665304898477,124.3941152353977
110.25476239835838,109.86834926826923
85.3372853259662,84.3002705712772
97.94870612361005,97.65477155694417
110.11376427215426,109.82577559137731
122.7243458624052,120.76159230555935
98.41493117891613,98.22933348563791
99.20926907848543,98.92352251290737
90.03572738545478,89.73333460826115
117.47886787012636,116.94858247702169
112.2909028532368,111.87855283901963
99.46878029318253,99.19549115904572
82.07002404320515,81.173453974811
100.67812529546514,100.44992990950443
87.20023551666374,86.21739586410985
91.86636021894789,91.71546729847564
85.78250156282107,84.68102722569839
71.05220866773736,68.6450068624616
79.50136890157768,78.25339172001885
91.04700067389511,90.72530625052265
100.46871440845842,99.70826504312078
108.74169645408287,108.5219996580422
93.58206163998564,92.93172092221049
76.20398191457001,75.41013602669003
108.40737500410782,107.60752773445854
80.28789716283173,79.44337402589562
92.65002266907824,92.53211751538564
99.43079101969553,99.12895683663727
77.83214698758496,76.78507840858285
103.82185081029333,101.66191900618773
78.53076843042444,77.51672794942343
92.49585994039435,92.0673571834349
105.01539592325976,104.89134952359913
103.46134438611796,102.10465771751046
99.51411229082987,99.3489806852528
86.91133935715835,86.15560780754869
101.19221433394303,100.98582393320582
95.4653255180322,95.24589875640915
98.90033122958005,98.62101328481624
87.09216016342003,85.78067672121848
113.06400648692701,112.84050039964211
78.324643415009,76.71150894022436
121.75381882766187,119.59939588305677
87.91698282033315,87.17641810864066
84.64591931130239,84.2175746290681
74.583424396364,73.88798618439426
91.32100309805266,90.38813521835672
96.61705088478358,96.4564081521777
90.07439731243768,89.73101297994387
116.4199598642002,116.0465871709634
111.13865467003245,110.7836721187015
96.77066148151789,96.6037071193967
71.72909283754127,70.53514733347738
87.23799254978545,87.00634394755212
93.31591285363277,92.86974608793338
93.56007839271541,90.35352156550972
82.35642919351021,79.1864488836646
86.01357646873682,84.94902366127823
87.57273628629687,85.96643487805166
94.1400821826129,93.85832024586846
96.12769410534976,95.11211201656283
102.87608098247591,102.48505287781315
110.37459912907075,110.04642429570117
108.90911265997143,108.52776333914743
92.94295333967315,92.40862727676057
96.40987952752408,95.95890405262473
75.34254817804839,74.21475930239048
122.87328082479546,118.89910849122289
105.27163255229817,104.89171849285559
105.94691625664889,105.65734601921643
92.28748336093331,92.0870856132274
111.81405935174858,111.4083773954912
90.61785080165086,90.01441795527072
88.30535251050155,87.72961532082844
102.26077952102746,102.12579327792614
99.59677262391877,99.3993694585732
77.10164526781875,76.17787256970986
123.18399896775932,121.41995982368005
105.48345796388267,105.26336973396812
83.8360520457783,83.53998872005752
83.00022914461924,81.65164529111766
95.68123703288934,95.52598974570249
102.94838909154358,102.23992478435348
126.879802628949,123.98334321813176
90.70378987050279,89.46075455300286
96.77723449846931,96.52319786558357
91.45278006086203,89.07565302085946
107.86876823697199,106.95238710290053
86.07299383197477,85.50554268474572
103.9442783374259,103.12988858020886
91.76556235116134,91.53720574585063
85.46728423305629,83.91086099608205
87.0973405906998,85.88795833375234
88.4241332536351,88.11989893110565
106.68731663711915,105.79035244627714
79.24965714425721,78.33361236205944
83.91990659519257,83.54297638865108
115.78895232188279,113.91387438086879
86.72234256431753,86.42674219948132
103.73375077911201,103.13603134813671
91.72185626078237,91.23418560800123
93.1882795436211,92.88857256027724
98.30477490330681,97.69548100421125
93.47652357732944,92.99924852461054
96.81147315338484,96.41180730662548
96.03084384146341,95.54434953326106
87.65039956337537,87.40929849572103
93.12850755398988,92.80886195137026
91.31768230296674,90.1176234881585
123.38073343808942,122.44851482341588
137.0258901377574,131.2460021450172
80.94286959797827,79.68179267420528
81.06856522554662,78.85107179080427
96.72678090218545,96.55736530832357
113.14307447482307,112.15880398852832
119.54291727288424,119.0117739282404
124.83581142415858,123.28688633262547
90.3505149610542,89.13381318193967
91.8461869334278,91.43826849769682
89.58822234802507,88.65291317010558
79.69893323695734,78.10612842653204
78.28073312301878,76.90869357110671
104.44366925841206,104.1887087461646
98.1000393992702,97.8557793050279
79.36533159493544,78.6518128176474
92.3409657383805,91.67200691141566
104.11684701843593,103.76430520774814
95.42862128209477,94.41772026162617
93.50502346265466,93.23112003963766
89.43643937062254,89.16919140386467
85.79271933755639,84.39863709791327
86.0258180093133,85.54433193697558
107.71638325371524,107.51519310316542
104.5520973154144,103.99505379071371
103.74150749193572,103.18502141665849
85.84378700658772,85.2483362590833
110.11613033298006,109.74291844288012
88.31757370355088,87.28484843129345
95.84340069364515,95.53618006984857
78.2914205989775,77.00136906221871
99.68445226235633,99.03579860955165
127.21156677135254,125.54556053794471
95.23135689013229,95.00795953605477
124.07983337663433,122.93923614034425
94.96031739043651,94.80184395808041
98.68796359085272,96.32871986944498
107.76113452179648,107.32758103792536
98.46228434929287,97.61267839961067
76.82302012252455,75.27715597297255
91.5738508686015,91.15587433783583
102.82659263207695,102.53271406967244
106.91822472889692,106.68778157849154
102.40120197738248,101.5711489013873
95.86507177295202,95.24646413247773
140.95153058599638,137.31424801593198
110.64068937693814,110.35237347105722
108.99971450885006,108.49802603188546
104.63938792586504,103.90288978223339
83.0720245194446,81.93579522667444
77.71205210944674,76.65189353606638
125.42322915539599,124.57231702845493
105.25146441978873,104.77862079203138
114.48258480352239,113.6375160736289
101.94311693558161,100.52588479629715
107.51666245892916,107.2083343490323
99.44161155268037,99.1390561563066
97.14574615023126,96.92613970412432
106.01781201703623,105.75178857406638
112.16080705179021,111.54454331186822
90.83378188906714,90.1132624907931
92.3384613980659,91.75103785812472
91.80053270232273,90.41504420809203
97.2448227612075,96.69276738836354
97.35931676292975,95.82808469997836
110.55970488674835,109.49571376034595
103.45898142716943,103.04023879538225
81.53703028003375,79.6502535958381
81.52605304709961,80.06347766627982
74.23094012870952,72.92672624982352
109.62874379613915,109.0653916598367
83.9608996687209,82.79474089315232
90.31736056504309,89.85894513101694
90.20628448062396,89.77841598348056
106.33316730273624,106.02117237897184
90.96941228694276,90.56645941226485
101.22025063005049,100.38253176372756
76.9475311813521,74.29241990345245
102.15938578484007,101.92144686395802
100.09491640160144,99.82216026059696
72.12537311817584,70.56637374954997
93.13767079363963,91.1551936359383
81.2517011532101,80.76760257779996
100.70279204874447,100.35036896568988
84.43313158889268,83.21990090593773
108.30189570181378,108.00209716846248
80.97440425778686,80.26205088613926
102.28548581533485,102.20255800774912
79.5597753332604,79.06464535225042
90.88413002924855,90.6074110167011
81.6758639127227,81.08786579696924
106.95017984487602,106.66256824705242
99.72313748782616,98.85274559911052
101.10427466504422,100.62515365507919
89.43979363134018,89.11519290828187
85.06655527370015,84.61942550868535
110.75526014872388,109.08363214087615
85.12275256869272,84.78630286969411
78.62809274116175,76.99275790555873
138.83795754102843,135.4921281243532
83.83333248386003,82.60906402665917
86.86473272106858,86.44527401564578
74.71206558696939,72.52872322725929
91.8339086668285,91.33285823580823
95.46510001963226,94.78061581038412
107.90399521068653,107.67758549647588
103.5251180203356,103.33454120286781
106.32091363938694,105.67431346847938
106.3602424282836,105.53692036501832
92.45626349691365,92.15991173139062
95.35269084658893,94.35488246331415
72.68917851006546,71.5267491746426
102.03763831441702,101.16271843590648
88.91949544349102,88.16105820158077
86.8632404396538,86.35444871669525
104.69186298299891,104.02915632349735
97.1591426980553,96.83162309323784
96.07520525906006,95.91803004855906
93.5546283991179,93.30514164903339
107.60725751348302,107.29981139100467
103.86528542069671,103.64817395629044
98.63389538403726,98.08998925097649
100.10665905936817,99.82957148116341
110.63012946699072,109.74311878317941
110.99049107608776,110.2684975551848
96.26419455224205,95.73600869002843
89.09239304036306,88.68451715483715
98.97090134312404,98.18513079520342
90.20397851213238,89.50052608141479
86.66535619122337,86.27689801428272
90.50609379837378,90.09015181719877
90.08342129074998,89.43050488676617
100.09325778599442,99.74953878102586
102.83960964910123,102.4151743227779
85.46202207087788,85.11040026333684
96.8458882395545,96.61229640772228
93.86881137020053,93.66792523062907
91.31125886959495,90.39271414989527
96.79447186070165,95.99069311026082
82.53232546039025,82.17005300061442
91.23936250418163,90.64125882065699
99.65167279945106,99.05650829845247
86.33445378630387,85.91427208862154
113.35133820808477,112.13893465394939
120.3088423908483,119.25242869901147
102.3050335324403,101.98957130473839
101.4468236764978,100.91210844526447
92.54967236393998,91.84673630871352
81.08268907827686,79.23047171290744
92.54426732104335,92.16225245768315
99.55326174868158,98.9640055206319
90.95554159535406,90.39327644299398
104.06928998655985,103.52160992825301
91.04469885265587,90.60171656376735
88.83272450723788,88.3491491559237
91.77509832431241,91.45369758233299
116.28102384007907,115.69507645302882
74.74054607662003,72.48562262953813
95.40964112756278,94.91276669910246
97.69401143139216,96.29272304973081
77.81847585171934,76.61798195610751
80.82160052658683,78.9557371170332
87.05211650970709,85.9763177462036
126.15086997059488,124.77312207337671
86.65121156782742,86.07462611878042
81.21250525935474,76.59976919647512
87.49814373081058,86.95785603614192
142.86041782487587,140.02137560578467
90.71896947331261,89.35078246397008
95.99375460093455,95.77269954532629
109.11365002167601,108.84386106382459
111.56324000088081,111.04427627397085
91.15506746111825,90.78955155688678
93.77579655888414,93.4854166141146
102.19817294095843,101.57583634614497
90.00804748354429,89.29388983348139
83.8736509532626,83.42174188020974
91.14168313433342,90.03384286924498
126.5682424977584,124.97238024806143
99.51527220989398,99.28476108236026
111.30802710711474,110.74409960644267
99.23111818208172,98.81339598563679
93.46134821547865,92.8873356744552
100.63614088045655,100.36678353317387
78.70431360904568,77.12025879745117
90.55955620410036,89.45538630184882
90.89656523204691,90.3513838009406
89.48036459367137,88.80299499656309
95.63569122017529,95.37339376289137
115.92807951724923,115.33216913594684
113.14783274166392,112.4714841319387
91.23212475250916,91.04780449356578
99.60267588259322,99.42399503383812
96.33902738234863,95.79711378539852
81.50233750819055,79.15048333268345
111.38715062682769,109.31389127869109
96.97946427186623,96.76868416187006
78.03265617506104,77.04867418367375
111.33712198290766,110.24973233002268
98.63206235757148,98.45480619613961
94.73574520049401,94.55128790676419
108.53368515977074,107.89268767597962
106.17339983226239,105.49480570629673
96.02352777475235,95.50499389803234
81.01315958299428,80.27744008621843
101.17724528842452,100.78185303133313
100.93969150828487,100.36071549940914
105.01268086637967,104.79382238857687
109.65144823184384,109.38164727239284
114.44718964547693,112.11990504249702
96.09416613945751,95.13048890135484
101.84567820863971,101.43530457657461
92.32221702363299,91.30047345846062
98.47173986498123,97.95250363514877
99.23854496624543,98.88044909690547
96.05760313780273,95.43511746222461
79.07667052181404,77.3449888773578
94.50243582948278,94.08606156457664
84.50556437256434,82.84876719248986
104.30872809667011,104.02094216980178
92.60513322479287,92.25612239663855
94.53687105663441,94.02224213727493
76.98272518078105,75.85919239472474
74.5511607414877,73.0880294300349
80.08601816011043,79.70036660745112
81.17905651224712,79.7535648035163
109.86838159718386,108.97141578903755
96.8232609263803,96.36900534168288
86.90492090521067,86.23960215473171
87.99726468650007,87.44570516757653
80.16318702804735,79.33727055124098
78.0835656418065,76.54113134951531
103.52802350096543,103.3740734833723
80.48049240889121,79.51276818541757
98.58996109292829,98.39903657980948
110.63368635247583,110.13651357691961
100.17878053614277,99.87054986815917
91.4746562667468,89.22884360651989
106.99535796367731,106.29532345403592
81.63626312682011,81.15569521602785
100.82236108985053,100.0163499334354
88.29216068640523,88.15791536724258
96.62431979357147,96.32648857045464
84.4027775554578,83.9386606935469
90.68363002212372,89.65680029502265
83.58346382067234,82.52465226139883
99.26296886677684,99.09632161070103
84.71901830594241,84.07839179430728
119.04532034610314,118.21278355365942
100.96704802858586,99.69803216736503
122.06475394049862,119.75956437289821
89.80749751497251,89.44157600833697
90.19343906951086,90.0054796502778
80.26355423600884,79.73982968722575
96.72537020685996,96.46699782446782
132.79484049753174,130.108743547304
101.44432248572089,101.20352333837731
89.89889789994675,88.73160288812707
90.75926480321021,90.33869035168658
85.59684194916588,84.55481850268914
85.70760538092107,84.82468331359388
90.04407434670533,89.7738229781232
72.42099570192723,70.26762642815643
84.1714707439298,83.36219856785895
99.08665352898669,98.83641227788831
111.29436673472499,110.22245522258444
102.0581085773012,101.56182745549819
96.15741467123898,95.856615808614
101.25187900826471,101.08940280728292
108.5684669111894,107.80052116573269
129.0550825140522,127.45140012437807
107.82635942314673,107.37527799839351
95.38788430679116,95.04780062862564
115.95895266267189,113.6823298237441
114.87215758907081,111.41512002731186
79.848204295182,79.21554107888316
73.21922162362091,72.0542444896376
108.52443535350817,108.099328297322
106.19975793700556,105.85681045816656
106.89786741743606,106.47599073242348
104.08807798047657,103.83222161651568
95.61617390999587,95.44561031856455
113.94921574121463,113.54589618156226
79.94190396688386,78.71425249980797
104.70906782394593,104.42018818315151
106.52468054430027,106.21542865678774
96.76464475263428,96.41645937472506
102.02144310198048,101.60102928397146
98.31158960326347,97.92103186067679
101.68561291494758,101.29902250695417
97.12749988177806,96.84574283037797
94.29150198805719,94.14689892582852
87.91502709601849,87.4378345773093
104.5089809395263,104.08336246164306
100.76702789043573,100.40451362681115
97.01715988244828,96.78407914620334
90.48623086871785,89.61544954145873
78.95936408343113,78.20714642647152
113.74266576410906,112.24015026778093
97.80188453592018,97.52156856246961
93.53586987751063,93.10069123769851
110.98297079274971,110.25717463533239
106.16756694046309,105.18760121439215
97.42714245443875,97.06236864310499
82.813586981599,80.7039566339898
89.25689984984164,88.8632172460742
84.05412821413798,83.84633849645024
96.87490732939057,96.48924344883643
84.97047488882208,84.35340820818385
96.47125478950835,96.36418318951746
93.02907685586797,92.89571905831934
82.9220834677387,82.39832081479462
93.34248105131017,93.09717216108446
121.18237645886516,119.51823928895293
86.65816412811905,85.96457669442859
85.17900682204798,84.8574429273542
91.02379677705856,90.76798151995511
98.46414679490553,97.653193754523
91.40937862596274,91.24055319234546
95.34974640326118,94.53220427159482
86.7328415433505,86.18528912193636
103.51667999268113,101.57591998188893
96.7310536977951,96.29874694620784
134.7653867312031,131.4605916892436
106.59941783320919,106.13028360832887
108.1860406888696,107.13758522034831
95.07456328370448,94.95667983079389
98.47993391215896,97.78976168525926
85.40131835294436,84.6783236378453
99.73404340085706,98.2458399837088
87.77088382241502,87.69135319993731
85.26124141590229,84.0563711387894
107.58928169031078,107.08936188357036
98.90454478763765,98.51715278495548
102.47920193771057,102.30524983280348
94.95165303307952,94.38488564368664
82.66549297388966,80.47213707809296
110.83347819015881,110.54682884774185
121.45872540732097,118.7882637978491
105.45339556688539,104.7547274678268
94.630605720761,94.49765720808716
100.67500243998867,99.90962525020392
86.47368296625518,85.68158981180046
81.49216541020739,80.40228908128671
109.92121702505561,109.17275862093636
79.72957828682556,78.71237473001386
83.40047259498506,82.71797688233983
100.62433082717097,100.1206255867801
93.90085796449955,91.85900400957726
94.11055133009748,92.59518863147112
90.76272813904671,90.28775041461368
103.75661529276283,102.75092187885589
92.63938728119679,91.71084870125291
99.11998948842846,98.43641882608236
78.77602248181434,75.8245031056674
90.8490180846259,90.14572759912156
87.58722076697508,86.91211577152195
104.21705738124184,104.05652469539845
88.3076677895904,87.06679343365526
91.45676099130532,90.83852419509714
103.69142232925705,103.39095373969491
75.61616031971214,73.750238469366
93.29885714925265,93.05426866024663
89.73917177084964,89.0575235264397
108.57370706404953,108.29234836067296
94.14708880835248,94.00250170967558
91.79902934385623,90.51067188556777
92.08670144936067,91.91631362111612
127.48518683680258,125.74006809664503
104.42240939804664,104.10399272337457
85.92014337372835,84.64501650493463
92.74262379826487,92.55300309139778
86.20060845695446,84.84988440556683
107.69356135985736,107.5930263131219
83.03698354212571,81.68804663632343
96.34199210993361,96.09028615384831
92.16893630010838,91.99021014269795
92.03772689675841,91.56903227152533
79.29665724433754,77.10615337542163
117.12377901269342,116.28593954497626
91.67488560918606,90.4779993121375
92.10905137711829,91.90124990679297
104.43572494304023,103.80200553883095
101.48588803395978,100.08196296593206
91.6141674612458,91.14923394089189
105.15298669783468,104.50610116416404
84.91800681383657,83.87105487694878
97.19629221909871,96.15925924965151
93.64908994195204,93.52048477126809
103.52224469666591,103.19847619580548
100.32202462137703,100.11653480231742
107.68798093971964,105.70263258492994
101.30440141658637,100.62172002551353
110.1083337784325,109.90429182250408
108.08434074770507,107.47644245060569
91.73884264907826,91.34845374555049
102.40800585005303,101.45703798998088
113.6988479630631,113.07688830851774
73.66084987631984,72.61530426051846
117.1199127915696,116.23689547471456
75.52493885365193,73.25640253044621
91.86977860904682,91.7276501591492
104.83636453523918,104.63265868565395
93.00559438572816,91.77896922421904
92.36664060833053,91.90358145604661
98.26090809628539,97.64540239058668
97.0191639343974,95.80352418982477
94.60986612590561,94.16302416092311
99.65570583816674,99.36415364065373
118.44255346184502,117.99241984704267
81.17668657390286,79.81851617091297
89.32331435020305,88.06876375526649
93.37967227318279,92.10889772030215
92.22010080314321,91.54223589800618
83.96705111629375,83.1962117406099
88.29265257743715,87.83678436952044
84.409472195151,83.44762718759448
87.58810969392613,86.09891730407188
104.09154266250036,103.37045920395713
93.83475380301986,92.88701978273517
97.16401387355711,96.93733270505783
111.59253567789874,110.0348055911025
89.25221444532049,88.21447335792996
103.29067089619475,102.99388475865788
66.43171516088938,63.826726745969715
95.45043067158676,94.93845984082543
113.63817494092596,112.85180860219585
80.71304388507306,79.9511093167687
105.38226626363299,104.64397344582261
96.62299227473554,96.25140421025021
107.57549658689655,107.09827221082713
82.40792981174576,80.51520374205319
88.29074479050033,87.0096638226731
102.9491524332024,102.45419565343185
94.0996003827484,93.77730182481852
84.95793645218104,83.81381568160559
119.09407278522707,116.71768257778072
91.62009117437584,91.01155439724856
99.59192120057187,99.12281356185026
93.10823135750233,92.704951670048
101.16466413584529,100.98338901137186
118.88744730100176,117.89525027555273
117.57813455506772,116.81067850944028
91.40878752085897,91.22881204695027
92.7098335319704,91.74150968574709
100.1506439277306,99.995048390488
113.8415162922284,113.52591208757104
87.39636949224855,87.05284778880447
76.98113616290307,75.02255818405759
90.8302102148614,90.4434040266756
98.84016969186479,98.26682282293737
90.73286095385428,89.9020697818589
93.20482586083615,93.00058020819266
91.37749922418041,90.95205073444303
85.60194708773057,85.16807082855618
86.96226881758884,86.80606705096214
93.858780680879,93.67120870275443
98.3394795537452,97.76757359346071
119.79188278544936,119.34639962861313
84.8191448491091,84.23815111567225
93.86065893016524,93.75062191982803
110.36823592762792,109.8892637316384
97.07634495051227,96.16066080040349
105.86084684127749,104.67702919358206
88.04008430512799,87.68698223532976
86.41629621920042,85.76330559586745
99.74689021523066,99.5880250594342
117.45832683917692,116.37391755015663
80.7918942914451,79.90642236780454
105.18428891402516,104.98405795306677
89.02208667988062,88.66542032421553
88.16462128423062,87.54759850522012
113.13783576361055,112.0970042109407
92.84220615967115,92.62833452212124
98.88493043184913,98.4399150060183
101.9239597160435,101.4752335716701
90.2898017483646,89.51406765137868
97.89187412038909,97.82899459903513
84.93294562135958,83.5861202480346
112.13968751170373,111.4949174596796
110.24685170106348,109.59705828001738
85.50667372838274,85.00785634058711
95.07913053882696,94.33801944202612
90.7674401671279,90.17830353517037
114.63125309286208,113.83221898347874
85.39600740479753,84.49556083557745
105.55785468229944,105.18281002901544
104.45114135142468,104.18777408965752
79.26835773104881,76.26874591323671
85.22309538269468,84.73684876758485
103.99864396822055,103.72647612428162
97.11401819225055,96.52617776322418
110.12757122924117,109.95828445403545
89.15246344717342,88.71273576599357
110.63969905223493,110.14863152372072
76.46568769860447,75.82392273365177
100.4220325127435,100.31324683064803
97.15365327863903,96.10270690717142
109.61013443405437,109.35352690392524
97.37071634405889,97.16773658438227
86.8319442926621,86.21739632255296
90.81772715758201,89.93154367439392
109.43410759207072,108.7792449916849
95.54957412877594,94.39092548430108
81.04993129549365,80.21907499944746
87.6775018031064,86.89895139209025
118.09494003314569,117.67517252170323
92.1929854646874,91.33385818636413
91.71129544348625,90.89647033811461
91.9706738613512,91.47973682517448
94.8257098826652,94.36770023111842
97.45972900999526,97.33848606446807
99.75703753640268,99.55741852860795
90.77447161012897,90.13975218412232
87.66646940443582,85.91111480101998
107.87954094164343,107.48643486631242
92.29761337365011,91.96169426436612
124.887257484894,123.78544979957942
93.72185988062525,92.8495596741354
91.89788983782798,91.48491147910221
115.68514755453585,114.66386975205504
87.13157104215438,86.49941601986627
104.34403806435289,103.7576424953519
87.73889468661375,85.2188368974664
83.99581877567826,83.81245195464824
119.57327366215992,118.07764617144535
115.8414205222702,115.12099622451818
99.02168903728298,98.82788817231884
84.17891708615612,82.82096250698754
95.40649441739968,95.11841697000037
82.16991141937874,80.12265449702068
73.43995994267537,71.30204656130785
79.84877841392664,79.34701731268319
89.97934299844493,88.78273634332191
115.05910460974519,114.16970769801526
99.24748215700582,98.63171880780637
78.64650787012637,77.78504531573546
99.77742739486743,98.51440549768934
86.43171118774066,86.03725341759177
107.07462456269138,106.88243948925994
108.64043099561532,108.32486384189727
102.1251614255188,102.05306332944905
97.36393863757208,97.076078231289
107.32378501281528,106.89332752281058
94.18631967035911,94.00738237386132
86.80394854548057,86.08584072095128
90.86926110493705,90.51716803607322
102.74866914085852,102.356141578548
98.47938807697419,98.30564453366541
92.01813020058464,91.55633916142969
94.82048615863269,94.57686805801077
100.02393096051883,99.8127916538983
94.89196535575007,94.65981210779542
106.42072014202171,105.9727263836088
85.33928675165376,84.33880826952198
88.56742559268918,87.24146947970111
96.80503356283113,95.55206226576952
77.12480112391718,74.65437708594867
85.9460046620142,85.0690260809921
82.60614374322971,82.29547083477459
119.4185308540512,118.14787594757809
92.76788619205992,92.3103214462356
105.74968903857024,104.86765808299825
78.4362752214582,77.1582095051768
104.44142237405524,103.9391177147529
79.62472610667253,77.09849652199948
97.5011104862254,96.43260223880397
89.49252505278895,88.9915841649536
85.916964207086,85.57895773690944
131.32056795326378,129.61536858352807
92.16834221183686,91.19934614674662
120.0271707588431,119.36634012333016
85.37786206494717,84.53913945331206
94.90023365290465,94.7098780074897
102.82159623522259,102.67328531686088
83.12343250214185,82.06181770584122
97.537850571561,96.61031443781893
102.82829201759388,102.60377259527515
113.62367330656936,113.00214017587003
87.22901705760167,86.66632040237745
104.63148521728637,103.88649047862057
98.21521721505742,97.37725831123966
84.99459198807804,84.38336220741493
108.98886923013146,108.70654925401541
121.30075528986733,120.87523189519736
98.26650207541053,97.95212954961701
87.15207896696795,86.26313295819283
92.44419649916964,91.64111922322314
104.82535402905447,104.3115356865926
87.3604172830728,87.10427815755648
72.91934755421421,70.88963636981715
88.72323664490784,87.06021784220233
102.0144056010811,101.5494936723167
95.09254552284105,94.48198869046794
86.48008605624291,85.63075563708556
88.95121383285662,88.42437167384894
103.31335560730965,102.19590316687051
124.45722445002521,123.72743875674365
90.83445657828888,90.60407195203834
96.62300804116387,96.32392092118305
79.90035498467932,78.92134706169958
125.40033708955343,124.33348186883616
88.85220026745095,87.88288618677697
90.04634770705128,89.51709590664437
86.54625846767338,85.6896290989497
84.70377132806368,84.2079994512145
121.63479990632784,120.92784322848716
105.54165075743457,105.11956045938915
89.00581010311542,87.71226608694937
88.09665173078304,87.07142908305494
99.95120874851065,99.73077403400572
97.70321734620956,97.21757312733293
80.71745730890166,80.17046038648752
97.88495054584675,97.50529948435637
90.79906489909952,90.28171560648536
90.19093343036066,89.52731754507938
93.81361496725229,93.46194421981036
88.06813484160324,87.73131903041565
81.61853991571428,79.89148004780995
96.28837321672367,95.66871505710904
90.1013708609076,89.92144519537142
101.06678757768935,100.64092532903629
103.91845535110828,103.60921273893192
93.20979536908362,92.96242595986332
102.30692176186461,101.93341967657808
124.05620158984148,122.15549113722976
101.47977962242884,101.31361154278542
90.30966297309695,89.74071792827883
88.06940734986955,86.87459844275745
86.53419529919017,86.22470018866805
116.68532189525095,115.56120684269742
74.08652545517866,72.98172757724726
100.7073929066073,100.48763797868818
85.07252842937329,83.610432761764
117.84695059359883,117.14462136554242
93.00642351909872,92.77321999414212
95.40228847446947,95.01872456174199
90.11124133003041,89.72037623070793
93.01976519675641,92.31299160838768
103.74814449754585,103.39070927722983
97.82905589209604,97.38977548053886
111.11163253177223,110.01384732124478
107.91758390501919,107.57470008264863
97.14676268918703,96.89795217268147
93.79212643624902,93.58251218668052
80.45663646540693,77.91020128904441
107.20489259501905,106.46054362316703
89.11709001275386,88.00806317439225
89.7641857057693,88.15136675316641
74.4289035438818,73.78492447621456
103.06597938972514,101.09795466867864
86.95169560622088,84.73931781496435
100.40559293860447,100.11204207652014
91.66769559117137,90.9016591830031
109.28705168631728,109.04206939096585
113.09005943970574,112.14950012905601
94.46400843664705,93.71541371112106
84.58213934872104,83.95398575142423
81.69796868083382,80.90240296586343
100.5935717655427,99.35994247105776
92.85533570167101,92.54493341994512
85.8257750588536,85.3438942161535
94.0744187250422,91.15246169061741
88.51577233631973,87.14067543375806
82.64398599254609,81.11017100008276
91.37152919679446,88.61678667188909
96.21320208915968,95.92885230185874
92.46643766026274,92.32304241027677
107.49025727381732,107.10180817142249
103.09533159277767,102.77863714810263
97.41110748427558,97.17894133211044
97.69103328119978,96.89690175852382
107.3706617806767,107.1914641496533
94.39284818097138,94.24712500092522
116.61632373371607,114.17659896036172
86.79627163798683,86.47873931915534
102.03067922513392,101.42739167432664
93.93815298972368,93.32821431019836
90.42510417224749,89.9685989330841
94.45041727410293,93.95384895245219
80.91257622505078,79.79280613951117
91.57825915219948,90.88822591754679
103.5357082856311,103.28761732907368
83.46638416156411,82.21129615882799
132.54077518996294,130.7576814426153
83.80105297063481,83.22608267001873
102.5819833749734,102.01553193701221
91.31090441145776,90.7889536354031
98.07754290181192,97.19442092075857
80.00914925300876,77.98231536595375
102.29853127106362,102.06697130853256
104.56367741258653,104.25505832431352
105.68152726450242,105.20569559379484
81.89077400217604,81.31917698084935
92.52045235325907,91.51753843982164
121.18687363366814,120.33088466842075
91.19822549044424,90.0836448878558
94.71929121750841,94.5373135013395
86.38630769097057,84.89517183248198
87.84187770223798,87.03835689385886
89.33240794057546,89.02224573774089
97.06336000396153,96.34530262479173
88.29538185059428,87.85577698773595
91.33281812327533,90.83237222617234
98.43990182391883,98.33791283047304
111.00050119807086,110.56413919147433
90.11247239334988,88.39671193514769
105.97455913824543,105.80909129863873
91.53589147299952,91.25361949541748
90.3364907705777,89.82483001026986
102.57804839068257,101.83375013829036
105.74894759845,104.64268612365616
113.12135620376895,112.08698416367506
73.96723861575018,72.25214423483196
92.92861178330404,92.52913032702969
97.3332588722,96.96601432835806
99.56254988924539,99.00521705270512
98.30506490541124,98.1779919246956
113.66782642083872,113.34132691711703
81.2900837929334,79.54142284244584
107.65821205769434,106.73771551464861
89.22810197935468,88.22403348961086
97.42740587368536,97.22447511584522
93.78139378897765,93.07845592777859
101.12142966301916,100.91520680934462
108.75086736300199,108.15184901358498
109.8777439820536,109.23738569744643
85.28045463487315,84.62985092292038
116.64408187392915,115.99017722455262
101.75859284276763,101.3288955639249
105.02265703111267,104.84852325393466
112.20688709716752,111.99449938561703
81.58123298135035,80.86355091100354
102.10532869760716,101.4683824407083
71.75967573788235,70.43089823943903
108.82943036871576,108.23125682440902
87.31673905776734,86.8319289909393
92.70184046076392,91.81390049302628
94.29065937590173,93.9888565948747
93.71068319666904,91.29206002226667
97.94566904601548,97.38482493137792
89.0855222614788,88.7485826880396
100.33601657157102,99.76078554929431
79.74153468791498,79.13842519001582
101.64988131730115,101.22279712412481
83.99725167418586,82.89466235390334
91.53262638790785,90.2443402248339
90.12343704080388,88.66689381121078
85.25780538209035,84.86296687572812
83.91440066023836,83.18714879886133
83.37584039351412,82.87697329254465
101.18815573200581,100.96099139898385
78.34506662363232,76.54500678080004
91.57244165497853,91.03120126555224
112.15461190650056,111.67772633719835
84.11095573152389,83.56330249134739
106.19690880297762,105.75757265271248
77.83623551188029,76.09828537285618
86.01655565578126,85.12337753842269
92.89124803936043,92.51285134106259
92.0895381340475,91.09475085671899
92.62577462194324,92.05146390623507
96.74670540230032,95.8419902630114
123.31316341023867,122.47103096800053
99.84662994242903,99.37771670255678
106.16701422262857,104.79272503585857
75.70067143317043,74.24311233872425
101.59268631633051,101.151160627627
103.58413548505989,102.98393606744624
126.12882340082668,123.34775170390785
126.35463522686513,125.16071037636027
83.59676149013575,82.68915178550937
91.0970067579418,90.04069548222759
112.84675813268782,112.32254243928807
82.20135384129493,81.14202350155547
104.84949528286803,104.39838813261493
92.87606650491445,91.48213682574885
92.28006364458948,91.97253881162807
86.31844456745213,85.71562858864843
87.80196439668227,87.05778416988379
104.39746584770404,104.00644899788766
80.37305467761794,78.58411825541755
86.39411267644708,86.08860524947309
95.83561978062346,95.44604009128487
92.26034147545961,91.84390845318656
129.9483043553334,128.703789972701
94.4529422575525,93.53936069418492
106.78171095569107,105.41288182624974
86.3006624469948,84.79566568139303
117.26866335014944,116.31122308596713
91.62935444398533,90.56275867291902
79.39063167382801,76.19778972054571
98.10629208999553,97.93665001164223
106.80552956543364,105.87900984449018
116.04030114673267,115.61683387407072
95.37162911717942,93.09542513774201
91.95899604314634,91.32804427197063
82.72073281722892,81.37721474446322
110.54502377234199,110.07088825885617
90.6212886818207,89.52328293909721
94.04382956988027,92.18354502208439
96.60292817752453,95.4529819403692
106.38551964979574,105.80045392958573
75.26661417770632,73.45152515226579
93.9801650284223,93.70565321872016
103.47990662025487,103.22230254237047
104.7565015635517,104.34053821008338
88.51506702485928,86.73188840108212
77.2072708065994,76.51349494746609
109.8625899420201,109.45375565590358
82.14019628651822,80.70797108227342
81.24397356231206,80.89075725932487
82.07008093828641,81.6631025174743
87.47028995800905,86.64899020356714
79.49252878880847,77.73751946877735
76.55864334364647,74.45634615527409
82.19780978444261,81.02365443688598
90.08431568187031,89.42477601242395
71.5453339962705,70.0212510605066
112.27879355696514,111.144289740034
107.48779652756821,107.02559682489971
81.76934771931764,80.41570685918494
95.06902539643005,94.52556975442718
118.30863629840586,117.15161235657345
87.04989389424318,86.76006559415714
96.12208415628962,95.66219770545321
95.55610410460002,95.1897016842548
96.61762722091845,96.28578896900126
71.92669676913222,70.5681166321013
91.45818475130145,90.5270451092574
94.17440070657175,93.62589651952875
96.3107214412149,95.52922423853526
100.37979801417943,99.59005359865766
89.72492059855743,89.39406646227405
116.34770081496154,114.49981931102032
100.7782975871524,100.46575019634052
89.60690045321574,89.34978592097526
96.30326520026306,96.01445680752681
83.60738990777905,82.72494551531081
105.66709081877163,104.59637651282256
92.95073083734334,92.34455866496495
88.58723011396366,87.49676459766425
106.92981550683946,105.8999362806328
106.10038157908986,105.91816797060541
105.50190294767047,105.00817272146277
94.44120222314669,94.16454180159366
90.03672500374813,89.86440155373003
94.49018223209879,93.2480743291428
88.23072724911371,87.80242649061196
94.93354945575294,94.84682476934563
78.15538175287354,76.61058918489805
107.80110144055612,105.8291562610904
109.06714684006205,107.3125316443184
95.45365682562463,94.79376572283746
88.32918508375475,87.98624714462352
116.31103206267458,114.58083017997596
93.3265388583471,91.40139310251428
92.28036390375429,91.83748216802955
94.56662068065009,93.8850682402028
92.60977422780051,92.06809148135031
110.99276612960712,110.49634776706104
94.91821334816981,92.00340651835842
93.06074458659725,92.8350147358383
84.01238010096282,82.2943978745291
93.20296784596479,92.84907540929785
73.4339352466959,71.35414719499724
107.86590241723023,106.98401054826728
94.80072810271692,94.63130426919987
82.71022940723833,81.97230721261347
96.24068144454523,96.04890407718118
118.70832588559387,116.41621269992997
94.71244782236143,93.361981224795
82.22850763295907,81.25728349589885
109.86438177187136,109.58523258212972
88.66419658361846,88.25061973251576
109.76622645174628,109.45421898106089
92.3008346711591,92.12325034372786
97.72886003026126,97.09371569183274
99.67885545741132,99.28622582395775
114.20488973691998,113.62371264320821
101.93310729300936,101.77958844648839
102.85930350793691,102.50829461964511
104.73017423285157,104.35162657148756
105.6198372993071,105.2061318631941
91.13329851297314,90.86134348486651
120.34218366054463,119.6377881500617
100.88109737057319,100.55959424425956
95.12660905940876,94.02716208894687
84.03397163344212,83.40645046988713
104.71426636347556,103.85727157340133
100.24454984509293,99.99333875442005
111.59652168636917,111.17704732351076
67.57412165047381,64.48204999419559
90.38602268628676,89.77537317643039
85.82941739346688,85.10827904114166
93.7387096277063,93.46511003615538
88.65743313180852,88.25421117806661
97.53905921854403,96.73799986760851
85.58569827070825,83.56299669201222
90.7275413657047,90.28388223113853
107.1678863804444,106.71499732631547
99.40234316270329,98.78406202087848
90.42887517442634,89.80613856444265
91.39087329769562,90.97371700260453
85.61208711539861,84.90355033638858
91.80893322310129,91.42287181107943
89.49481160495843,89.11690950422471
88.790748878454,88.63736475331226
87.69776571676871,86.71370202889686
112.67895995829211,111.79900051499249
85.51156900006654,84.16566670066517
84.98529394067992,83.06795917467936
91.92231032008462,90.64019775693505
100.31680602988759,99.90241858097953
85.07356454466287,84.56522332030868
112.05320898280394,111.55919696441107
80.3798337420278,79.68930710943121
97.37057954599088,97.2663405433263
116.19788371218047,115.56467949374178
88.41392510600276,86.83001199715453
95.24380023984143,94.7941313571141
77.01150146167481,75.62576214641338
70.59336343930447,69.1584351343689
91.70470736826097,90.9469751773714
74.89404565672874,73.63049639864357
102.30433016764815,101.5744381920347
98.49766376783634,98.15311173547282
110.90698878226169,110.33382176610625
93.19462151128786,93.09475520204163
108.44746200703936,107.95346977909793
89.98341593294253,89.47186745695399
82.04878516716724,80.56537415657085
100.57451715268269,100.40909477132737
70.46653255588559,68.75128287637465
102.9582673115474,102.68536577632187
84.26114165258261,83.41326790746129
75.49426063966386,73.84224004535247
113.74924370999373,113.06552154180211
108.48342248762538,108.27397541118532
137.21944649013008,135.29450256286353
120.80901676283898,119.79387815547388
85.84682958722514,85.6723390480031
110.37422865225764,109.66640365769527
87.99540791221139,87.15588000882258
74.82974919556014,73.3254770676512
97.70707668118959,97.45016794855759
88.67652935764124,86.51191497562893
93.80041546490182,93.17163014027554
95.11222864564304,94.82910640354064
96.79010603252009,96.17706627989568
100.977495275558,100.58623130381488
91.32495781081822,90.55915041626722
104.06068698060648,103.91809453413177
77.57982702642875,76.48953306081124
92.95787393793397,92.24431626337957
81.54247309573745,80.65120126406794
85.31456013168437,84.65283152999483
91.2935235027861,90.40450301935229
87.94519036094536,87.48191911290668
95.22018905812448,94.19169091953873
106.65796133549094,106.51411085746231
85.92484598357021,84.49201729893647
112.49312978957637,111.72868386389996
86.37230019512914,85.23113452282824
105.40511782917721,104.83143133889209
106.48391818519461,105.56720293998372
116.5500551962539,115.08694031431807
92.48855912858258,92.10104055306076
91.0776471570208,90.7945001500848
97.56032305488756,97.14855017789684
108.26811375354322,106.84079310818427
95.16141483100847,94.58798163127125
69.1673870857354,66.76176721851914
125.14646015018674,123.24110519115887
81.58887243790703,80.00988559203117
85.54550738270453,83.83961873315494
87.08510746376103,86.49623583812324
83.4204642099177,82.21237992151336
99.6079279297601,99.47461067237225
105.71178570920095,105.5955060953725
104.43840830397116,104.07459109236534
110.23658303410106,109.36975654810443
78.83075922363564,77.62190861859197
82.83234656766996,81.67113998426142
83.48933514165277,82.92198627368359
81.20830563292519,78.30005515682078
71.36510334583448,70.14139925945284
99.7754929990281,98.3680929185031
114.41034506038223,114.1106337559769
99.55237383862728,98.96003341103996
82.66903849870278,81.18327030598199
88.30557034867653,87.849577215246
96.35620597794811,96.12254883796896
100.47549334301658,99.52676021739042
76.32424655103128,73.37711296286069
119.71658526409857,117.71649448424108
107.04226374923641,106.21728662135928
111.11393711560575,110.41719385409316
102.94903822066506,102.71461212922316
98.42260446003169,98.2718162492208
82.24105554820727,81.24746315300699
87.03359476082939,86.8475053144348
86.69981022475851,86.48702302316468
100.72568969659062,100.05771162717863
104.09759093109562,103.26072375683151
94.47102211713165,94.15272075007069
99.24731392761129,99.02401990539657
96.93960871725577,96.2008975195074
83.94134798725989,82.59448991970986
80.20559643049643,79.60598492778068
87.81488715892509,87.16213523290713
92.56973808830872,92.16687618785365
96.08377772121543,95.82880696649009
98.28830753923278,98.16380605443315
94.50969325213725,93.6302307999108
83.27711606968937,82.5646414754241
101.28648405335298,100.92571182258845
100.15840475186673,99.76462426112104
96.50288360329301,93.50630117433742
85.16416420371361,84.62290612090038
90.47463501359087,89.65153329292889
94.4164994411875,92.96279610057272
93.95967437330161,93.54839740807502
92.75621015748764,92.2871647666984
86.47072952558639,85.58769106595378
92.69521333987417,91.65323524970582
105.95977949172462,105.0302152584847
103.8275591524226,103.43923019014024
112.21945660949171,111.14042358900905
118.51244749763016,117.25903263055153
106.50107016254432,106.09509490843303
94.45646638381321,93.47156399887534
88.56363703146515,87.84067708503598
94.34459595357677,93.98576680674132
89.92372788850075,89.02173595094422
94.71162434010363,94.26912884086173
91.9852865348528,91.7712767933362
92.43260415028081,91.8333377190329
88.18327720363182,87.10937134647588
76.0927196369777,74.54729894131832
79.87184066736111,78.07151705229076
101.41519866068455,100.72784212404187
95.86874271337896,93.97103525395946
111.67146930859286,111.1332193592492
83.55318212796456,82.46888723585761
111.93654426692092,111.13846745928272
99.99763897373784,99.5824008395337
82.46273930837498,81.32646175338428
78.31968983158136,76.74933896464655
87.96999371255923,87.43110415733226
97.19462012014084,96.93430886016492
83.74528253769878,82.74729178371517
89.50488007184305,88.7586809728772
102.47902734426582,102.00362744264326
102.34551729015774,101.34881942790076
90.42111197164657,90.24202818005763
101.3895923605081,101.0474502098956
86.13848591795089,85.74860596132902
97.42665032307684,96.80628110160369
80.88225975375923,79.052380647752
98.57609155968042,98.34633286209011
101.12028828574773,100.21929119104105
86.34072865922188,85.35514175536888
90.55773838791575,90.2056437477421
111.10125237452465,110.56135116267663
92.82831379563248,92.35689727753659
79.188443625134,77.4630625159174
78.95033396841298,78.1606396774391
96.11619354896273,95.90134026581171
91.51940994551762,90.99498416120304
97.09117068962932,96.65816249201713
92.56634362659976,91.7362394109844
79.45462139163419,78.67543692523354
85.52981648399992,85.35466280300572
106.5626705444622,106.3067288438221
98.95366989078997,98.7338215020424
127.09163755119818,126.1284348749073
78.93657828867066,77.98431173836182
90.12827891027192,89.66694038588345
78.6578155736569,77.5715248748034
103.57132761855075,103.38746889229316
85.31737017100373,85.00072135209913
130.14043163190152,128.96479714898558
81.8182623718163,80.51331026996682
104.54125499606427,104.19685420031249
92.53300335514741,91.31637892604373
79.4555911972818,78.83927697534071
85.81154029262245,85.0453838968718
82.22131273078703,81.51243188972849
103.65210582031499,103.21257102000158
83.46361036971093,82.01698776290701
78.7737212564542,77.17739180734536
85.63066843238123,82.32971165231893
112.92686968116341,112.15982398810172
94.16294219256092,93.80382953315703
107.33251786677401,107.14887217407949
83.81467484092894,83.45496882407015
82.76701566091329,82.08601636381702
99.6350598003923,99.35667911845202
113.82666164901043,113.13370893464723
92.96338802634968,92.72813479351115
89.9563162312577,89.74042370794065
99.9612894388643,99.28732876095927
109.56169235347295,108.90480509511605
108.30636000933625,107.84495689109968
93.9152480670137,93.25909883075403
99.72846192133882,99.39420038109195
94.4892661076438,93.78184027537027
108.77261125064632,107.57575826170044
110.94784559201617,110.73976848352633
102.93413133325876,102.72986581435588
85.78258357275742,85.49880532270545
98.60269307526087,98.29990215613141
92.76612606327966,91.90242961084488
108.81862471136583,108.4443177031501
79.94986338557977,79.32843256813148
110.55269246276619,109.00276847290132
97.45146343911263,97.20483591093767
116.70668333674492,116.21616974638088
86.88121363499646,86.51883989868124
83.83443417789633,82.59321784511775
102.02323811374472,101.71833970566227
116.85544408062555,115.82466216523815
103.89573988208431,103.612612924458
83.73298213041194,83.1042427704929
97.52544086215752,95.99698131040039
91.37485766849542,91.14488499524775
113.8660537218762,113.13903765444816
100.85635056730558,100.43678457361969
89.00640357032438,88.5228647753396
103.38145910868407,102.72401088423146
73.20881275337548,71.74516908892261
91.56829057560604,90.78868390167995
126.18160142508745,123.99341087488249
90.72865931140302,90.61841566711128
88.59383567759276,87.95733828999941
99.26759760350596,98.82168085565114
85.05374341515898,84.03246529426555
105.92866616348863,105.13063052993049
84.84420585995271,83.93256963364014
94.82154978961377,94.64085634687557
79.79190384274243,78.82849830393471
93.11392497836124,92.02957256230731
84.08694891412433,83.55139552124352
107.1358584117223,106.39896339515441
111.90720615183807,111.00684748901419
82.99295382764653,81.79037003652158
93.98690892519211,93.42835486879751
88.0593816436879,87.21197388109623
93.25846565681493,92.6419876418013
89.36490917759252,89.1434038840376
84.72417728260052,80.48441722083317
78.7932506806277,77.71421398504172
89.5610376079888,88.77598321032598
111.07021407960343,110.75665764521727
102.0917172300129,101.87168859016566
99.11241934881038,98.94026590224745
93.44110825371176,92.77372838845692
108.58286119102792,107.97914300321011
87.34672272678107,86.6971601100675
86.17830397909088,85.78012916958727
82.40897587600377,81.76954141634334
73.79021851650076,72.25388364286103
110.06007898511356,109.72073385560819
126.17214721378734,123.63558792598664
125.16305474204961,124.02871911957588
124.85739830166656,122.91680299334797
79.1431878989313,77.896512792606
91.69831209600918,90.93753529261134
111.66881708036834,111.11722363483618
101.74736285960338,101.42446837718575
90.84297809830124,90.0983725093703
96.1892426738635,94.97512623672432
86.72983208341637,85.83646790457865
72.48335502301693,71.16527163402425
97.77555062691532,96.7543120891101
85.95470514022476,85.1336409159058
111.32025642322058,109.93521953038088
103.68851024575814,102.61981794662675
106.86113871254216,106.56540875741611
116.46459079060538,116.00757461007096
85.51228097233157,85.14254104682864
99.03913911636224,98.53812662640337
108.20869656678451,107.70351652233984
79.66285825790332,79.01193102876655
114.61501957262058,113.5434785664476
75.80161092270974,74.69470109076317
102.00997031937955,101.82211450826225
111.0362659827067,110.64086915436968
111.1691913457993,110.46219802723134
70.55163162102264,66.98640169123436
79.55268142206243,77.74787741537176
101.88832336285185,101.3126493066632
90.25227912015762,89.41988354269175
97.55781177544637,96.80551226184625
85.41895206350158,84.67268365450056
106.78147280377199,106.42297508018316
97.3068461194574,96.28998868110534
84.82733308884951,84.31856623476939
99.93954427326732,99.60650821316656
86.52084199732963,85.75327919510389
104.45953383736152,104.28085170553884
112.99203581418566,112.4026736260166
90.43864960096356,88.09276397786861
130.28334972867,127.68621288963293
104.10774574277022,103.9927809395022
103.94309954969236,103.5212241963525
99.5767178939403,99.1880157953365
104.26649042393859,104.11610972613103
84.7003087279794,82.99030159773476
92.92867629845438,92.43121480824676
112.36428853020327,111.9764123077612
88.29388537909675,86.77847186970666
97.5535632125263,97.31079800775161
86.90131165659982,86.41002463896348
101.94300233645139,101.3281011169398
100.4898814171008,100.12046113442435
97.94835181091216,97.10303293309332
86.04872367500158,85.45181705606039
112.37357364240614,111.58947333174046
87.17920809563162,86.60615027262311
87.7862073623802,87.31457256686983
97.88217171129085,96.13702450182397
94.61551323211297,93.99391399681672
77.47148851613264,76.36484715885607
89.67761917044778,89.17764362950263
99.8956482807637,99.41487363303327
90.42246682391395,90.04259858357025
93.65656199998213,92.01978159100818
84.97098082506322,84.10427876418179
81.86814453723298,80.1560922337959
90.24253755516207,89.29670599992252
82.69113337989911,80.70727762498447
97.80691851834614,97.5622355440484
89.14811089406638,88.63556040177242
100.18886428792236,100.02247274372479
92.8368518103413,92.34296232677512
96.44511514404769,96.19924210510332
92.30373878751985,91.51446288742567
130.26424102587103,128.70139221849942
95.8182666524667,95.67375086687838
114.482012092359,113.56279115963257
130.58901162352421,124.43707002168381
105.53941520230282,105.32045428127213
101.49468089353307,101.04862503439743
87.58568597936055,85.3275979439327
88.11562128144135,85.84319727927345
86.80497616631042,85.7758491240082
113.79212154872204,113.18914892747412
98.03698981873427,97.65367431137338
88.17861701147966,87.65103225619401
94.50007735451324,94.3583379107966
80.9555022656342,80.05229938451085
75.25434728472467,71.81800378547486
116.88550120247672,116.29754436880802
84.00438051228184,83.36162621601899
102.5045161621838,102.04735845046007
80.69806460539964,79.55766615802749
91.47877802420545,91.21680892250484
107.00611314617609,106.25565660539452
105.58246077476056,105.11580041623148
80.46190650896939,78.0611143541112
