P_twap,P_usd
93.63137429349536,92.94854142204788
81.76451664740296,80.7447243015334
93.36915331307526,92.60299648817598
97.62216668445366,97.49034356325548
119.91347524601031,118.91251366119073
88.40523688510655,88.05198258408412
84.70467052704085,83.64069097037009
92.63442436769037,92.4848995262869
92.25502960692316,91.99436627010688
77.79184076286185,76.21154446321798
100.04043517616167,99.8400048537106
98.17148456683591,98.02830289764364
103.02737409623006,102.72111509347019
93.5020053005738,91.22378559593572
102.95803496090406,102.23419357814184
92.30150132379326,92.09288758983811
94.91249761059669,94.57606320043688
102.44394143472626,101.86700814713316
89.28321494788322,89.08022670020952
91.55782247829434,91.23682062129711
96.72486933103566,96.55739438481196
109.17147870810972,108.56046134535542
106.30845708630541,104.85790830857992
70.04832915861004,67.96145976292736
103.3241584037253,102.84589793400696
97.29164904621665,96.87506725937126
86.72487209037483,86.44454458421909
81.24236011378913,80.50065711368858
90.98987901419572,90.37951497205869
93.98340247362094,93.75739717973069
89.21686575912767,88.87473668121855
118.07194893739793,116.69813180119425
101.98049320007108,101.73945116928408
89.05160185788823,88.68360245401509
108.55937924545228,105.99751908010138
80.97333734188123,80.07532655189453
93.06263013803287,92.68168563871562
101.37559103866312,101.1473826965742
109.6253296771975,109.44890558961602
92.14930461844037,91.96393931681786
92.758757081696,92.6156292842923
95.65272828216295,95.34214422866506
93.50057859575053,93.2443513874978
109.19029031599919,108.8057087231495
99.7597468501859,99.64200739224752
95.65588881052452,95.42673530544235
79.48019348879087,77.770133542007
112.74583977275118,112.41459631942314
125.21906712914033,124.09976361939337
101.28971503503644,100.780266763647
106.92818511171824,106.66211501977455
86.34455795372685,85.91041490210482
79.15225866245125,77.50358687348799
94.24653195443703,94.13434479921938
86.63269576244298,86.12117553151843
76.15061528094893,75.15469967847979
110.51215636309713,109.90873385795473
94.43836640135326,94.16813188257831
100.77345087845734,100.6312446032589
107.82513724707492,107.56042688583521
103.19734814672628,103.0254952115854
82.93026382007392,82.57604194468215
93.10806902013174,92.06129748643143
79.51487412822362,78.8146661678478
104.34553397035032,103.94600104572908
99.95935836818109,99.37030139809835
107.97802182767745,107.4799862101564
103.30841582480436,103.05680443886226
92.35866514205698,92.24728458359029
99.50132987281519,99.32451509575883
100.81483211373593,99.78097141676511
88.73449783640918,88.38798486028698
93.02150303674013,92.87090667564054
90.06153427488788,89.682344029305
113.12000533056737,112.54675445304109
95.63974667153335,95.47373348725277
115.80147507941679,114.87317688486593
110.34228617746585,108.8055113930469
88.19605229623241,87.92948679262003
102.05547112383485,101.66217093292457
100.61314795653315,100.29072865552202
113.45178222109531,113.08939013531123
87.02260051844958,84.62270063050615
93.42610753094736,93.07509675707051
114.95890043961631,114.4564512854125
82.91643536445775,82.01356802396222
94.30890094847297,93.82064308757415
89.06746587305582,88.66277921103821
93.08462888536917,92.52178114268568
88.28349823134964,87.41948602325786
99.74236870182396,99.30597951770216
112.062649876959,111.67545815644375
80.87097315683737,79.88441742354021
73.14990427409582,72.30745804985727
96.58347113987071,96.10156071686295
86.96940686841494,83.76508740604426
85.22205366431238,84.85074610403402
94.96568747091064,92.9998004267504
100.50070650704045,100.04887529182278
108.59497365752571,108.25865179392295
91.03984423200572,90.52955936637116
75.05294048446062,73.89737785121352
75.25830729313438,73.3788227322586
83.5607903376816,82.72730433788483
107.11655344380078,106.61339302879782
106.94658907806746,106.64920164369775
83.8210239793747,82.90846993766351
79.88234150907073,78.91319660696601
92.92042668482243,92.41633519693717
111.85751050989957,111.65625401827631
104.68567376039397,102.3445458447644
113.59404754973201,112.6860989699918
102.59483481138301,102.40422113692912
98.15059181704541,97.74973505641876
82.73102628075127,81.84519740280557
101.13525076892165,101.0216701960122
90.54241556473146,90.15088260560026
90.57296673339216,90.04349847370159
80.79292916877111,78.71246746757132
91.14712232743956,90.86515646641325
104.5385479414711,104.3401553911635
89.33808510647599,87.38517951261444
98.87190973203847,98.04090715819423
117.05352243958154,115.94804563906042
89.1623999452902,88.00565066098964
105.37220482731769,104.71231576896645
98.96080725943821,98.78906440039479
96.25492970672984,96.15362653191012
102.41766216911734,102.26098185404963
86.82965636814657,85.88762563605533
90.17344261291832,89.91521337095689
86.843269524764,86.18320084679735
94.01886009039495,93.28082454915157
82.1197668672541,80.63564937266804
93.35378567230526,93.10897343967514
115.94721609790422,115.4583922133394
89.27453457101538,88.72605821535777
111.9714986733046,111.6597520152858
79.63013067580503,78.47550397182451
79.07717930913552,78.25351347347669
112.58792768355906,110.56786446240336
102.8412785652845,102.3208288853414
91.25423200974753,90.81945566507997
101.98895006548837,101.38004918641853
86.1624968561846,84.3003447018304
93.19305568780379,93.01711655218195
85.87375468990162,85.55556497702139
87.61006930532156,87.40810822382004
97.47458226711147,97.2282632148659
111.09321604984619,110.49475949530373
106.90994614143605,106.58841695159526
107.08304852396874,106.22612958701224
96.12919241625103,95.80131391539976
110.70996159017776,110.41637542607566
107.43144016571132,106.7756319105432
98.7438740469446,98.42163174159197
77.29028326418259,76.22355022566981
89.72643114290696,89.44375082514273
92.09208839470821,90.9281329061817
91.12253506003863,90.70763421945192
95.53819203472025,95.19646361601863
101.16337107429086,99.94151393116472
109.84741265945132,109.56837102492022
89.11849234446964,88.7693920768708
98.41463065093713,97.79698031917832
87.78050251592805,86.70187238021362
84.34454967771968,83.92465416084362
101.61183791028675,101.10202684489539
95.49520694013636,95.36986594303524
89.22520129177934,88.73447892247526
91.72255663810763,91.40674281979703
114.27238492044705,113.25846832876452
102.83840329811474,102.39090437464301
92.08163005944343,91.6881495534322
93.6870759973131,93.45500480422007
84.99268536658734,84.74820963947008
87.33500016842618,86.55872846609665
90.60009237338781,90.32350486144477
111.17511742919004,110.9883972761379
102.53413319874116,102.11537958186594
95.58049594896552,95.40165946082061
88.39044654814856,87.44097455000295
103.41532153904416,102.57746994990859
100.57120881965874,100.3549946273348
91.1076003774147,90.79286044698084
91.54488511737853,91.41460229616865
95.2532158833204,95.05424074751842
121.90669656990305,120.22315007335607
89.0784729765791,88.37029499618058
100.1327199200727,99.743227279206
87.78196618108305,87.09190254476653
93.33581598325827,93.1020749077338
116.00357238071338,115.22966628996416
98.3533294817393,98.15599551353385
104.71369138745436,104.54937877024796
79.14964229833544,78.48954471525008
158.79489117674157,152.5592552583432
81.70587070425304,80.72816730751597
100.91057879956387,100.36451801052185
78.14569339216358,75.86581864009825
85.36892603766756,84.77629894607561
108.62576399956241,108.31644492721819
87.49382052813267,86.00997323834937
105.14773194165194,104.93534898045185
113.49294339328196,112.1348592710236
97.49459149465261,97.26679074737288
89.7935403374393,88.75533808004755
89.4842104635056,89.22102902911078
106.15082298310844,105.94764837075239
84.3743629957643,82.02260538695256
99.15228211372585,98.81125653104883
98.03096824187078,97.80649228438132
94.25672886953986,93.9432434505152
82.16680920397505,81.60138573269612
90.63535006436719,90.22513945221957
101.27640163683778,100.9755477902922
110.8627225412847,110.24195527890173
90.61920382769733,89.69107704943083
97.88357666206299,97.71481675784736
101.99252682374943,101.61948193734997
103.15635353364442,102.78571183394597
100.64923294777917,100.37746732366409
82.86482606677951,82.36313429405534
110.34436449318584,109.58010209440663
97.41803867059178,97.1615784868811
89.3245857094009,88.91223305941821
89.75607495650975,89.17601612901467
80.9809042348981,80.47243162678181
94.11469779887217,93.90029176698685
119.07158515481935,118.11670112760436
78.96050091915778,76.64829104494207
97.82225756430822,96.69326207416641
106.15436731466947,105.97684854809579
99.53034195123861,98.85847078872959
78.9446180823966,77.57875493764716
89.08120657514655,88.12815255448182
91.34616964190201,91.05325705582734
84.23196971757098,83.71797041424965
86.19390396313473,84.6181237510667
116.18089878032092,115.71805583759686
88.07908347907204,87.21652575248028
100.98693848698926,100.69354396490567
112.07253606934624,111.4740101039351
110.13007731441257,109.58012562588173
105.76662382392831,105.35153494505252
112.94371629158037,111.14012363733119
112.20873857731468,111.39882730916341
114.72453775894505,113.07662690060076
82.0074658905433,81.40252517876387
131.67292821914873,129.36175808360932
92.26565537086775,91.74995936003009
101.48078677281,98.76860894732354
92.28298483925273,92.04967664679663
95.98234769560167,95.0642462162058
90.02263937370142,89.55592877422589
91.15796563602673,90.95115813892731
76.4370285647673,75.63669567883224
121.57487171058487,120.89458336842462
94.12737654128463,93.89177054753615
99.2451012076477,98.98319690792624
92.24292019787788,91.404807669761
110.72630201004571,110.17829561894473
114.16615658114898,113.45020130482153
101.19767399655476,100.80782628829643
88.33064331627772,87.83613131811394
89.28235851070153,89.06849046851212
102.91747683083169,102.72000715746259
103.43028608151624,103.17622418978645
88.70275959912946,88.35790805391808
97.26662060538729,96.96924720270917
95.82375532473965,95.36735054271664
99.8334689427744,99.59443344490084
82.3637623163918,81.7434244110311
99.23114848181336,99.04657794826927
112.07165502712033,111.77497034829072
103.71964619580989,103.55596968674128
86.88303074628007,86.63544064722296
98.14294096393041,97.65131587049288
122.15860173143342,120.38029579668515
96.18558461506882,95.91737181707978
95.25173326992171,94.5596993596688
114.53473857934391,110.87592022942157
92.21522257954265,91.9838930607215
84.05662513082225,83.84559061376213
103.5284427322113,102.24522025877373
81.38284243222192,80.55120625828613
86.86596020893387,83.21386063479167
101.24363755426047,100.87817982380591
118.00612663053931,117.02931388353313
104.69111330220284,104.31123698138872
89.13864507091023,88.73358144379851
101.7494098929609,101.38909981679485
91.75955014782303,91.52858718436374
103.95008127812098,103.51285037768768
123.82598962366906,123.33542486975335
92.64889864697528,90.84857818081484
103.94639526193468,103.04067966528132
104.52289597646339,103.63088613885978
90.1951512243239,85.871396328002
99.5280157493145,99.2307618505425
89.11415864404906,88.71957628790763
96.61771322705404,95.69408938592976
100.56180337414088,100.21813650640657
94.51519150488859,94.185837929357
109.02150529812316,108.72919957323683
80.87583293252345,80.52075095697825
83.42753775545874,82.77234682899316
100.48958071397684,100.2725089536977
104.75967945847935,104.19868956613769
99.07578976375429,98.73382272090694
104.15278581463808,103.99652104473091
90.92875481006018,89.94543427692822
102.4930417054871,102.10330902337958
99.43343633567184,99.06914172722499
102.09361935957806,101.70502856889132
105.31300730818606,104.45251270083138
102.80315517573189,102.34853623041211
83.01540990370796,82.60057968778604
115.61182890721156,115.1562463993698
103.42480798608975,103.06555110772014
98.53105660089668,98.36316580911148
89.00368617743176,88.53749223326327
101.18583222456058,100.9391348796757
95.99987271800555,95.93706005580857
84.54552853630453,83.8135183992615
76.8930970601384,75.87354977305284
107.67086287596834,106.5132303670075
106.40763574537046,105.89634853341467
123.16018292023409,121.20978669608638
101.28374279683699,100.64991673827325
83.81378923876113,83.17542995432201
82.30865944393132,81.37945455991499
94.54588277380681,94.25923040917374
111.33619342239899,110.25360036214363
97.51906289403023,97.34425718806604
117.00204704682615,116.5911838741967
89.34380063486519,89.1520096997343
110.81761135595323,110.328690788143
97.1164079321652,96.9062012225608
94.6586451828859,94.37523086968449
84.49751122062452,83.11247649515633
89.17109050956657,88.7014011176835
85.77987180638306,84.8435095562653
100.82439671064941,100.67485152942064
102.11443700928767,101.3589782589
88.45785769201159,87.34139097489034
95.31046842595093,94.89218640273693
102.56142984159433,101.89304957147691
82.832122809917,80.50462600265021
78.81884779131843,77.24252515201931
102.86394631242892,102.76166249967973
87.93618714055384,87.4457217917669
126.22417105326207,125.4045657633577
104.72482908699996,104.3813212246623
98.8968791692641,98.4986558737088
97.92711567257153,97.78835501125366
65.27407126958363,61.36912414848159
89.72098981910126,89.21605412176254
102.45321063040232,101.86994962172434
118.87885791239952,117.53031571870717
81.33084893386813,80.29854226811308
108.05692209442974,107.59753373320035
88.10928566996563,86.25499493465028
96.03298898608702,95.78396723635446
102.90010752937437,102.54236501265923
106.74440155300013,106.26832765386423
99.79527584123124,99.27718069620663
90.6554725541748,90.25932208531306
94.00443941964438,93.62161242827067
104.58375528267847,104.44697155814488
86.51547430002263,86.03630478896831
105.24411631022367,105.02222481347695
92.26279587951387,91.15704549218886
98.98994056910193,98.895944822049
111.58885307552217,109.42545764922059
94.87458636355026,94.07846878572175
98.87902754073086,97.86509442260558
116.95017632518478,113.61617948572065
90.75254976895604,90.44868166238712
92.94174641420125,91.6814697669085
103.23066542194054,102.74600040122432
120.45460904800284,118.79400432896409
106.140700438525,105.32842302398913
75.06140691050277,73.07576964455318
118.30228027297743,117.00077147096296
92.20800617233166,91.75381074419496
90.0254554154853,88.8028886361371
91.40194714468512,91.22597977538793
83.75799098381073,82.86829518212231
67.26387409399587,66.0246113277181
97.93931372315014,97.55240007346052
101.78320494456361,101.44721490671661
109.40858517069734,108.85620840696525
102.18074174026289,101.98783308069567
97.66276813483411,97.34563221532075
94.78216075028735,94.55596468752503
80.13041257442487,78.16300273226845
112.84990697648176,111.62151416772828
78.1487275926569,76.03475102340103
101.00483708916255,100.89717998271772
119.88319590769345,116.55874733811628
111.2289939691338,110.44671817371503
88.33662616077505,88.10076369678384
120.63573526246208,118.72527413479457
80.63973633803917,79.28133746916727
90.11587325952411,89.62901828176444
77.72792998731447,76.31913822031083
117.88960032975596,117.41834458927953
117.14108055792639,116.47612715017112
115.16165237110266,114.60829683014167
85.13630765607355,84.55325370762053
93.43730393583836,92.51837451178662
108.94130139230363,108.56216207550854
114.52684569359013,114.09215834702437
97.55603930753328,96.76634910841692
94.2611155923221,94.04548290421215
101.88820607468266,101.78923781875847
102.3751274732795,102.14857911522044
86.52682971490482,86.02750612906563
92.23762177296338,91.87626107022734
89.16104600685956,88.27477959966043
99.09967555127137,98.9362604872639
110.33233186818563,109.77497444438664
100.54174075404937,100.13079214521153
115.22366039765888,113.18197612214689
89.21326646646143,88.47698512115025
100.91873751825189,100.23700300267224
86.85144965795214,86.51991153407295
101.016973544297,100.44767793938718
84.02669867553257,82.641517668418
90.09160528938192,89.64964396831091
95.67749195705933,95.53047258475344
109.72043793328766,109.35512015303368
110.6214311238755,109.08466386777307
90.64542826020323,90.24129708375214
81.43780016294737,79.84255492392205
112.7879524245185,112.47100720077258
90.96640484389107,90.70741742436363
86.08429131926557,85.46792436508012
98.3749529435162,98.16493553840628
116.8877554078102,116.27970351934894
99.83594576990055,99.38777243922162
76.83666125576492,75.23514154148285
98.20823538702987,97.92557973150282
102.45503486232512,102.09965268598081
106.45142868894683,106.0025247997744
78.39594140269855,77.6805473481347
103.57130088396826,103.079871766267
92.54061244557194,91.37027628993114
106.45488407006157,105.98666964131905
86.94908342661232,86.6794437266682
99.49675219515082,98.54840951992261
95.74246067346427,94.92599221234514
101.17981271483069,101.01530578041711
120.35627186492519,119.1853169077517
77.41487707292336,76.74786071788762
84.74015538107358,83.68538048931735
115.48755169577305,114.57497631016696
91.0544057855655,90.76875105463543
88.58030593810578,88.19708023435082
89.90396014903502,89.19773082773067
95.82228687228113,95.19880973102522
84.13640215406795,83.52403081587495
103.43425726633569,103.03530746418758
96.47480449635319,96.26696404010981
113.397906855354,112.91801847313143
82.5184755124729,81.4142539353924
104.07383527102327,103.93761600277857
80.73138360731669,79.84693896494174
107.12220527368581,106.82042692638515
94.58140371128066,94.16414013338452
103.48829213300374,102.95059944542699
102.08627947871786,101.78962892300947
108.77759110203449,108.12108657785726
95.60906991206346,95.06649879935665
84.88275858170127,84.17985821655404
120.76770199778677,120.2154420349029
113.49384651213354,110.59120736727752
79.54937087634222,78.86469383541753
94.82380575851376,94.49116597835814
93.4936725670656,93.27878296795981
91.16479698447054,90.75484236872974
95.21321314360299,94.48536182991619
100.23529922702087,99.65843996635788
94.02750423312251,93.64145175268128
101.85881002952907,101.59023973361116
84.83734344351927,83.11132488973563
99.67547810622214,99.53351759576567
108.77937349920172,108.2472683523325
95.16619998572139,94.53788597138568
107.40816100149789,107.15438722656943
104.6936011147598,103.09990380726597
87.49511598472839,86.8359192467909
80.50644230740424,79.42483676527466
106.83099366591418,106.67444792637906
86.87105771479582,86.23662743964677
89.29693758969643,88.81772706124718
96.14752991120889,95.64182591607351
95.83898334662544,95.3366947481383
103.97149055466552,103.42602110521268
91.44945379949864,90.42570332967766
99.22607388296436,98.79230721864732
92.21415814566299,92.07199342416135
86.98440642217726,86.36704029520193
123.4376922846834,122.15924219804617
97.61618249729152,97.38135851007125
90.9101740982658,90.63603281748615
81.61797725748754,80.82585741914728
84.83935529715737,84.48382704153065
100.69399924512233,100.37115583699224
93.57192943745302,93.07488431861401
89.28790861987335,88.79640885160389
106.63545265954653,106.5070945086639
91.0090058488217,90.24075838457969
104.91073467039332,103.44351376627053
88.77823621492358,88.42350695976798
83.19818740097922,82.57398068057762
97.55225907774633,97.38797276396222
91.57338673164676,91.46361333836313
90.08785362635494,89.80627463747207
84.87418185570513,83.9429231434846
109.71654028099732,109.05721220887409
90.5321073757556,90.18077686671964
91.54831598896206,90.46909704326949
83.38288264005647,82.83737343359405
104.30437476860803,104.16188090814728
87.68308037009643,87.04357775191406
99.83594596658135,99.7130599573498
94.55890496362893,93.78800618445904
93.00249988077726,92.8733552085753
82.81882772580822,82.23674600752133
103.10263335368649,102.83548773636143
99.18053634733249,98.98634543548593
88.6449584800302,87.87167413405227
97.0081315409829,95.6327561177287
102.2950110310553,102.0096236913699
93.04792663416418,92.85800076337671
111.20656685051718,110.91022673902388
86.78012572052161,86.49938009008159
115.90618472273417,115.3533191515649
119.29282422350326,118.65907928263378
86.7931914711503,86.16596901925742
116.12985776592924,114.25722736680264
77.01364049527763,75.98168704659611
97.01643558557282,96.730593672577
116.51848093095226,115.68204505757939
86.2283964757045,85.89371831816004
78.0173384032746,76.51532287045289
98.83527340308513,98.68007620131098
90.23536641428785,89.87170109035505
109.3294614856921,108.55290463530675
95.15277986060693,92.96884741994754
114.26760232574175,113.75089380554446
90.03527638198682,89.73895277593599
101.04315641318404,100.70898371971536
99.18911875699045,98.91766245095263
95.48548737929785,95.27193126285209
96.01145710355969,95.59962628207477
100.65369407327134,100.27015351119802
92.95750920529449,92.70527898972915
102.76473395440009,102.38276738222616
91.61057646013482,91.32930498914091
88.79916862007796,88.15269297073216
96.23201332239906,95.83107973712528
104.97598292742306,103.40283096801866
90.32849744528181,89.92221391748924
114.81688025975026,114.29298337289167
86.1222202872558,84.96492266155714
85.80560272463408,85.04422240706494
77.34237377291981,76.25239972772637
77.7861121895645,76.31355768230634
102.15427836422325,100.84909794096022
100.33894041946725,100.03864814718752
104.2555981576528,103.73976864791882
120.44088970311296,119.72786507873833
85.69996529089121,85.53881928441668
103.60097765288624,103.19012121719376
99.85134503472693,99.58187887167098
99.73066427978652,98.91354966899993
98.32387672231783,97.86807443848726
87.61811708203457,87.01141091222787
90.34998661525549,89.47683171537471
70.77064998987886,68.95513187741649
113.74825053336916,112.34278418371511
103.07695423262092,102.9374373365822
96.78225408257815,96.64082982977726
90.42556718262819,89.26310185062813
123.21633722892669,122.10367037854758
97.80559043905134,97.49952801608183
90.24497437743702,89.80915377338766
90.87620285792171,89.5341908897453
100.60869493282638,99.70477289757375
100.82018504884594,100.62337205450793
95.37400566381301,94.97904204463347
83.4230072337728,82.0620505107036
79.38559372938782,78.47422202743125
96.85620486045512,96.38471057014756
97.43344663634578,97.21646625928233
98.32798722382013,98.20820622804335
90.32252142825108,89.90024348018582
92.49859755008055,92.09733897815045
84.13518532448796,82.62784645411361
99.37594615341517,99.24251327699633
101.50162605743526,100.76890169570554
104.67608082222375,104.41925795527838
107.81619221723095,107.63075624661987
109.28734632018731,109.16037557092683
88.3961374075359,87.35163256097451
73.93703953949195,69.76518975866826
96.779061229711,96.33178946911366
85.34057653803751,84.5963139221161
95.87355734506667,95.58177130634685
89.97018698628266,89.71727018109817
72.36998135864665,71.3693262294335
84.41848356400222,83.95797211423961
103.82791956051663,103.52322713359186
100.95310219569674,100.47176055285505
101.01606385969079,100.45334399492539
88.6021179245663,87.84977863656376
102.287008305586,102.05949380370612
85.29109706859617,85.11215645633793
115.42294718692287,114.11898516412717
93.24772582289617,93.07923385506916
93.30769317668567,92.55430493482905
89.34668533201598,88.70994769441143
76.67002682533247,74.12533597599379
86.59405533894524,86.3870323255685
100.9545229863124,98.99278105636958
87.51131593301244,86.91576183576448
102.81224983521535,102.52489928398677
94.75701557362105,94.510370206309
106.81267265228993,106.27925871341913
107.92504786764266,107.67332895211216
105.15436099342146,105.02944021720366
85.21766132412708,84.43990721338713
92.38650067900362,92.01056843507133
107.95743542547336,107.71522535428332
91.06024894889404,90.63814844297664
88.99408681513503,88.14246157657169
124.47066403165113,123.07566981432167
110.70427155045924,110.05043541012884
103.9983172593239,102.55701065973791
94.87273973997353,94.3691461305304
89.08424957252102,87.95484824827156
108.65922499322933,108.46359743645587
114.49179542525027,114.12025440096988
117.45527526137937,117.03432264091698
88.36945542314963,87.44095015074892
82.97367677038899,82.062728034752
98.98893083884475,98.9149003352323
88.02807011691661,87.28550302617387
100.4535942046806,100.34987858074842
92.60123174289173,92.13473546481353
111.5449493640004,110.79280327074805
97.52091340266561,97.28424971517649
108.16259465795508,107.95110092483571
80.32364664509424,77.26363402824659
87.34505058945102,86.57805532157363
84.58622992344829,82.6195238021456
96.27220126376403,95.55574239913305
78.39071208310041,75.9775305005443
104.8199050623646,103.64490854548772
93.30029197752616,93.11833056174994
92.73837851831992,92.23170003891964
100.3131485665389,100.06030611188051
102.07405903917353,101.24975002824513
104.4608029220119,104.15034142926508
119.76079320915989,118.12837054654204
93.33257931851747,93.15500714036068
86.65104300897937,86.23031926083979
88.72945444848358,87.95528396980565
101.26134373134555,100.60505283976698
94.25301513316799,94.07697570822874
94.81464014926115,94.59024474147228
86.99980054527326,86.38544046236115
134.1100990324082,131.43825852825142
97.06424149480296,96.68128095190771
86.52789598690747,85.36215126343224
101.19001172044807,100.69642640622604
87.40850506518439,87.14574075208805
82.11025743001892,81.59961617389715
86.27350564068318,85.39911973601666
108.95736197220177,108.56616394468801
107.32756707279648,107.15838405045845
76.19645539608497,75.29924084950216
102.1936276033808,101.01554842282336
106.1068535491827,105.557784061946
109.14235971697595,108.88362298479923
131.38061344181853,128.0977918716989
109.7331387810292,109.40119764994158
113.16012114312603,112.77604158207353
96.53222936715014,95.1031564104621
98.83681215718849,98.68362846928427
128.8330625613458,127.20351251591225
103.49094273715002,103.00960001806091
106.4740166071738,106.3668323382989
88.78865611817295,88.4859741260048
104.51991261375287,104.04154987692007
97.58380896564715,97.21751235328254
117.55819456297077,116.28480223455017
104.1502751796572,103.72977593344655
92.68053243765007,92.34500616493509
99.77467845159407,99.59882124157816
87.13385957704232,86.50420804594222
102.83643822341617,102.47540601449565
107.80188894591679,107.35990398597
98.0069724720104,96.86706561408097
71.27620122763533,68.65004802781961
105.43975849911574,105.0661468432552
80.00007552107527,77.91608631314445
102.61113826736812,102.34835933874844
94.9975923645448,94.43905578742392
107.48671633009135,107.11257730238471
97.86350248986632,97.524872887126
92.1789200765475,91.9603978301332
98.58975746660592,98.3820284399037
94.57170417990739,94.43009464114259
84.5230938488115,83.6741093145343
86.9532105323836,85.8580185141328
75.88663075972505,74.27734224432467
116.8280323695428,115.94282385256038
92.44367739417854,91.8052509404884
80.7686315132222,79.99585819454462
89.29659611575595,88.7164229893534
85.31297420202128,84.15499856025164
83.0051365087127,82.42025024304908
97.82890606924234,97.00022909581944
101.38221373383026,101.10166559325243
81.84176010238909,80.64945502346494
108.98408993878053,108.04245590371764
98.9657798435795,98.5259775277706
88.13750013918013,87.62617645640921
87.5569509811135,86.17332480903097
98.12355907251691,96.7425158676983
87.97321874274928,86.54518052382518
93.49348689298152,93.24138882762585
90.96931615714679,90.5640002558829
85.63459452831701,85.28154919716302
89.28919370708469,89.01703388178463
95.76768640273245,95.36364836289611
88.09159513459052,87.84108153994111
91.95793151716175,91.55851841701727
84.56760868374505,83.93514111177677
99.76075161835068,99.61929137041348
92.00043557555722,91.68444096306777
93.46670407751417,92.78323588055258
103.32905727218446,103.04608829926333
101.34305994750471,101.04327132169516
105.37085860943425,104.84197074964008
93.7131177893514,91.89850568725662
102.72509041648958,101.69761512979522
77.73782261566302,77.25231884398407
124.5543924022714,123.06907976500236
90.39540485716913,89.83997740037941
102.90007417501465,102.69022462947568
87.63705172177153,87.13777743950965
108.85335976067994,107.71772530643138
81.65862082698897,80.89909859763227
89.054838494556,88.57117153640054
97.67317031125043,97.46398980118065
76.89142321430923,76.18416159738486
98.80619478921417,98.35072190825686
94.09363288879551,93.97127466423574
117.87620593190985,116.42021445178459
89.20681408084678,88.84683904539938
96.6239930725476,96.44917460118579
88.96874751789305,88.60333827485617
83.07581818671538,82.80493617463932
95.19481688458721,95.05055739220602
103.07851874233349,101.97055195617784
93.17976467481996,93.00460762945772
88.6421552825247,87.92257112158961
90.33726712647125,89.7468001274047
109.69357358872304,109.33442947576643
71.24086082947015,68.88979844963706
97.54657621723044,97.32196080126772
104.3819410857955,104.2407443201742
89.33279864056163,87.2719183057703
104.17359614477611,103.87884945018125
98.00604864562429,97.86884093112022
93.35370604093175,92.95759789795767
100.70829724221083,100.12843698292956
95.09289505695779,94.75266154918246
97.65871318736018,97.15695955584837
91.27040515454684,90.91719745662026
104.41502561481244,102.25761951390433
105.78200925761297,105.5641399269816
96.13439547771979,95.96693933490798
101.00195661247803,100.71915105116081
84.10992946868815,83.37875593094
112.07025710343875,111.29505877802858
83.50613330016499,83.02477954314648
95.89199328229746,95.58260879550716
97.72230733492934,97.46136827391675
135.91181386536977,133.97137941182072
119.5827185140991,118.88887082283581
86.57568980648291,86.34833788724461
94.89727769293512,94.65777861511567
87.03842430221879,85.55680034639903
94.607913298206,93.63676273373957
92.93808893506849,92.52565546093717
105.76908828419471,105.23891663313773
115.27617557759763,114.12775122698767
95.0798902832089,94.48884384463899
116.35643937012902,114.91707461640947
98.1123003358419,98.01005245649246
79.48182615266116,78.08737003588918
101.83474659338944,101.61359211789322
75.88597207107392,75.27260828411977
95.95186614780873,95.64682292381973
100.87566979802561,100.1817275660912
93.79057216858675,93.29502656041312
94.69073509182846,94.31161154230908
91.8594652344672,91.55981532982328
115.10784525711674,113.40890646152293
106.34133012614342,105.47251339358303
88.17663311943046,86.64217675190774
119.22088925933305,117.74064800498219
96.83637701444658,96.61756277440932
97.50970660660815,97.0276759145245
87.30501892760132,85.83680767696924
91.34441385738566,90.13819028314516
73.19793754899374,71.6269197793531
80.12190047702227,78.62961585752136
91.44957445634957,90.951698654884
104.60549625905917,103.68438106151045
97.40810560808967,97.1168739951798
110.19446520529851,109.85315484047707
104.30387907528275,104.15360314387439
78.15843785954323,77.79419587057367
104.28829509338344,104.08846434543537
101.95812474500445,101.75864214901407
78.4358359980886,76.17630621767505
92.46782435282459,90.93576165982458
93.11165582079082,92.70422666284459
109.34502335758025,108.54936122938926
91.7384079534844,91.19298755946701
86.36754489546774,85.74786396081826
110.73317771417267,109.8485444727036
116.64675429301468,113.45413554715677
107.6366239102657,107.3151849789708
93.0335937864407,92.75668411057421
110.78643379666974,109.7869027837735
89.08937511389794,88.6981172120938
119.15728858790737,118.28159331638801
93.66068077143227,93.33296674798243
106.67437413453145,105.31551713194827
96.04511503282734,95.75688028713184
80.93909459245302,79.0934119378957
87.78807516251379,87.22373261495724
93.10611943601432,92.72591586859475
71.71004551006004,69.89275517020192
88.14416296756794,85.62412121227072
133.06209797679486,131.98024964325785
87.5331549059335,86.76410605056776
100.31054663090944,100.04773586661386
90.3795731074934,89.58656240394754
103.89858340813291,103.5418465729354
69.7571407828976,67.72872687008719
95.70901950848128,94.03826559670169
83.78602624192519,83.38036561002578
95.26906834708879,94.78385037220521
85.09564683553431,84.4951556304613
88.43619728259054,87.67241026535717
103.63190695726183,103.36114353545493
101.63947664851145,101.10299725369194
100.74653124037785,100.40627201617501
82.29115485271424,81.73947315902575
98.7165104387822,98.14396441862635
101.20706814353802,100.50817915784698
94.50195984208678,94.19374253547728
97.3176807974001,97.12577649242778
98.10237067557215,97.31179667619546
96.20158379151742,94.93466493878947
109.64032234740993,108.98261695574755
93.15099545595086,92.04697679533584
115.67215010740426,115.16626860318875
120.88989791553558,120.08854126119104
99.56406706843948,99.37245312814572
96.92081222711644,96.38253831897772
99.1286547921859,98.87543511783639
91.77642081133554,91.55091227548094
97.24756369372712,97.09962339181554
88.65850075841108,87.67343742284774
93.62088722197024,92.32524256505341
97.14940673419409,96.75526310065823
110.26326315337457,109.24909647428143
95.2718151609132,94.36194898354765
109.2157292341556,108.95873719690148
88.32178422638398,88.01291080733401
79.14408481547969,77.38073752360204
96.31947968958457,95.99024378432712
91.92209373319194,91.73239948127546
100.16992801325613,99.72528180918971
105.42776264107312,105.25285918142188
94.86820304822976,94.17546790438594
84.79829968434791,84.28859869165221
108.39680313339458,108.09216915641072
84.04862405726065,82.8765207742267
92.30496715703592,92.07069009916185
109.68887077617752,109.13509373466952
92.78735765505698,92.54987131448497
96.68086212433731,96.254018475622
86.77068306750355,86.06065391681605
86.42705589792519,85.23688812952572
99.9041972436108,99.72818611010551
87.8624376346605,87.42786417087316
100.07521231148729,99.03556776649819
90.96380950997211,90.7106400806057
86.55514448945401,86.11018548918184
75.52845319343726,74.22960992866481
97.14842298181486,96.84101268463134
100.73154485151055,100.37081996534955
90.05070762926738,89.75253726189332
128.86454025729648,126.4460262968218
106.04880592723742,104.85977277558293
89.32032732472479,87.9870979264095
95.22847603443046,94.89004805815446
74.66006756825617,73.17059125306659
103.07216613832601,102.665203360478
93.44769199940505,92.41375851041144
98.52247262880448,98.30800909435955
99.32251995152113,99.00868583514293
93.57911940253814,92.8412164119751
101.99528669060193,101.4646988572569
89.78976098097844,89.52332770681244
82.34158571519168,81.69962838004511
116.36399494215839,115.83810960360925
108.00542771123668,107.48551312591172
109.51425878020204,108.33909885473331
95.17799025116896,94.92478237124988
82.51600707876854,80.8217537471934
114.61746899116861,113.96700969022174
96.08145353279996,95.79909975221932
118.39250176394023,117.4538679629844
88.74301381893942,88.39674343552058
86.24192417952183,85.66710368690754
94.00751577739891,93.40258370177634
77.89502786709744,76.77215995250731
102.29451497811746,101.487033199425
97.42442355760807,96.68989993721888
100.8036467220803,100.08600687807157
98.42649198656325,98.17838945114414
69.37540483029207,68.04042913273744
87.20985893611405,86.32618073119772
99.32875714431553,98.99172476813295
90.80213425818302,88.63070843821252
116.1761526772863,114.60143116921944
94.62830813401695,93.96361561046503
93.1169322164162,92.80424855517467
91.14999907202412,90.2374883759416
99.14791790084858,98.64407577976773
88.71363992997185,86.39629698603515
101.21100905796382,101.05103774879605
91.00661768877569,90.58153491958291
118.31742633801552,117.99720143004009
94.19856605591626,93.71552252031644
96.37527910983657,95.8513266858819
103.90902963120782,103.8202605503512
121.55870736932289,119.84833029395719
105.84369446087477,105.13549056506929
99.20339644413025,99.09162959232782
93.97743890781001,93.26409829725674
101.97285654428897,101.83916651631776
80.87193051160881,78.60055689369823
95.05176859428035,94.68421409878776
107.8546154389409,107.47313833794165
95.84189151643506,95.62216519483604
95.82846666615113,95.05536135328896
86.60904966541642,86.3314512609988
96.69858650724265,96.0203773097325
92.51409183665736,92.14172572988782
111.11686799729574,110.0818554638036
82.45622639474652,80.53053319692884
107.06047948514721,105.9198116522726
94.20101015280308,93.47282781104556
101.93307819880084,101.73569621434505
107.82449635013161,107.53274477432201
110.51455956960677,109.90737135331784
118.70364089474904,117.56655221371821
103.62292545886905,103.10603337350265
97.06594724583383,96.57554141249862
88.3827593961284,88.23159082455416
104.07826891298491,103.84967084947276
113.0388330082289,110.6438785818134
94.14933052804481,93.3233314123588
93.35330585988491,92.04217760011211
94.33550109647506,94.02580865638082
118.53964079684057,117.04198959896203
97.38913369905859,97.08316428155618
101.7810349654964,101.44204751863498
109.14661012455088,108.46572316329781
81.57377111544862,78.86047523081828
108.16741438781608,107.35053361423358
104.72368980309635,104.11127484043399
116.47920212432523,116.00156124091988
124.84752019726675,121.72359576220344
118.36207179708943,117.38287655803177
109.01435079739964,108.71605171039812
112.09176689142161,111.05205960297607
112.08852902326026,111.21498305204081
83.77645588633594,83.15146009120647
72.79287247460296,70.32654254367652
98.42822512050213,98.25149970691318
71.99982271483702,70.39483304892633
115.45488470107419,112.75948340808185
107.95720230270304,107.54497284929556
101.53544177144433,101.00096938752326
97.77061150030235,97.63518008258895
132.83720820925973,131.7347352054802
85.66172391206709,85.2880757628784
97.34443417650773,97.05107177682716
114.89598719074846,114.31338497862845
102.25667764420001,101.51399925268078
83.90206890477528,83.29641969621838
96.15734650951299,95.81529042023338
109.50483301610473,108.84913880564689
96.90134758847385,96.52163432620031
122.06143874000608,120.4953661974817
83.45623918496163,82.49834679860065
90.36504602403453,90.0949934847098
82.22451485305122,81.60601565840565
84.67447068434777,83.62323024609594
101.67942613548402,101.2115757331043
97.41502645708242,97.09194854946041
95.46148469781839,94.94627503369014
84.95854021984158,83.82298039381756
109.84095063778952,109.46386352016818
97.50504341533079,96.6611065303991
81.94963121371089,80.1747659152745
104.86781208244294,104.47243125931787
88.32578319203385,88.02926149805145
96.75311374766734,96.63082020651396
94.19791563026575,93.92886205657814
86.0907483631897,85.70929746294581
98.95652847730408,98.29683823267683
99.0868662618064,98.51691291965831
92.19634752292978,91.51763945404277
89.54284861576583,88.55016695733151
105.94009590218482,105.53637158785828
79.60487291496524,77.73467876143657
96.66108619723224,96.01811776231547
80.86314997623614,80.47485834952997
114.20722700106745,113.70460075051035
87.47178195139176,87.3101216715073
93.83626232363115,93.20920987037071
102.75717585902429,101.54974183315204
75.69241994892828,74.87437253170232
80.36317994682143,78.50496785156267
99.34564372628184,98.8380727430759
101.53462225877837,101.12359336237778
77.78316917659575,77.08394953590506
81.92605369007124,81.47308017951568
87.29144941219084,86.4439813576423
108.55207742468383,107.32556513048102
98.26410075779046,98.13766294645403
134.49558448964055,130.48552408893337
92.11471329142512,91.14095227165426
107.70009843407617,107.26235046078529
91.40563431904114,91.1319493856678
87.59127781642015,87.00276458762606
84.12799360044117,83.23162073619625
92.40653810274223,92.27433291074111
93.16405052689561,92.77287988709622
101.98280603849273,101.55359310981659
74.54877040463299,69.892872475415
97.42666324452301,97.18594039149431
95.87512069436305,95.68322730786383
95.59589403527013,95.36213054520007
94.60802697086373,94.40529628818916
99.76889646990075,99.20177450541594
87.59770079791295,87.3909398409661
85.95877279809483,85.08894160710025
110.75414040463974,110.48717396678963
89.02464473825289,88.4926014556903
101.18343397811192,100.23849703401415
90.02716242949118,88.30999087784346
81.64319593911499,79.81793957996054
71.46803208771708,70.4642320674372
94.96840701469158,94.84833790028881
89.07660634667991,88.9197186739478
97.5141637590496,97.32048698119708
92.94683082708134,92.66485189883439
81.38794790570837,80.52403682666804
89.88038748295261,87.87851402546879
92.12572213574654,91.88472692289672
101.72035194588234,101.36865957003792
78.725260507726,76.03756843407628
96.49956503657528,96.15277995278473
89.89328417350143,88.68136960727854
88.57923140466984,88.1861063665208
94.99695197603639,94.58602649213516
95.25427469826661,94.32888124319088
81.6972034756324,80.80008847674836
104.64478383153308,104.47709874776987
84.9442147438558,84.58921956886917
88.22157341168017,87.6124938194585
89.8922031884187,89.64459696284166
97.25746473500199,97.11235483856373
114.56236687401815,111.54756991486995
96.58450322525441,96.47661039603625
85.84776288055751,85.15250549870655
87.37982389445793,86.17245561543108
113.56923396654858,113.08314843602089
94.40558113182946,93.96118566566408
82.87615199291615,81.76621824541323
104.59041249805269,104.13254458212815
103.42341149289153,103.03863953520509
102.90309144273897,102.58756654086417
97.87069377811353,97.62780313367819
100.58058295184419,100.04302784936044
97.30885461882474,96.7740178043242
93.54608332816508,93.07472754156929
104.88061159819071,104.22448928321195
117.40961425097086,116.57584859091124
95.49893895429544,95.32648379546332
107.71648471576897,107.2711183570926
110.06273437532055,109.3983407351367
91.61088190901286,91.43160290573907
90.16058048502451,89.78638683783994
147.78264025586205,145.3801631099606
103.45409128348733,103.26572588500662
100.703058152117,100.31644515326126
110.59121429545759,109.98837752800915
113.98793444007379,112.8296950006675
97.5836866867474,97.09410328245686
111.07858644956892,110.1743959665135
92.02439664967231,91.4863244747922
87.85371901650693,87.62154070285968
80.64975254831661,80.18041307751658
107.93596325688303,107.59979073177198
99.31760419433535,99.0051039500656
99.20645442759478,99.01601202169807
96.44276510765775,96.28610580919751
122.74722897483552,122.01286742605176
109.77088001803617,109.51368647860005
107.46249196289318,106.55879707126205
87.96674404462249,87.60907553312248
108.60395988000192,108.46922720734277
101.2561861007086,100.85173154890073
104.49425995604268,104.03401719269158
96.64817585778265,95.68090229838585
89.59574155467214,89.27621918582558
102.99658817623207,102.6970746203086
96.88006998934931,96.56682349538504
102.95778651081363,101.7739563446194
109.38330891572221,107.82325290851949
78.39785960876303,76.92430372770586
88.1505643674789,87.22173045235235
87.77579317997429,86.99301429966224
105.10155197577588,104.385066601778
106.45760951044785,105.66911435368583
95.68951978749577,95.18425530567292
90.48356262773653,89.95874664071307
95.27292599186235,94.6337176274463
88.89559241184217,88.5208204365234
91.56845192618012,91.05889530334689
86.67195407680211,85.22512694184425
86.91784700061069,86.3018472073842
88.50751485511636,88.03786911978766
108.92006208782821,107.91583846685471
106.1308218452761,105.57963192440971
110.29845333212994,110.0532448598866
78.55172536265877,75.45684124527561
112.0416581110988,111.86564848613385
83.19434909386999,82.52624841590251
94.74001089916315,94.31358315703069
87.1016879751301,85.65470735574495
132.2492474169472,130.240832941046
114.19997871539604,113.7461645736431
97.93665847759654,97.69574587958093
92.84722455445745,91.21348921447434
97.78733257253367,94.41872057186926
109.98620949005114,109.76927881277939
93.72838074888413,92.02117796033205
97.11000500729655,96.65570503338748
118.50443036588054,118.03853570740972
88.66029755143778,85.51613283361613
109.26441031265438,108.85776436390047
93.62836299027538,93.30694436259492
118.40559526002897,117.59428156445281
95.22098558836564,94.64055756495596
101.23254420342352,100.88983953405757
94.28327962580754,93.84257507273902
82.56730888536184,80.84627047414854
81.75816200733836,81.23256040510671
81.4900394975495,80.35857134532027
98.4984317958369,98.31641140858476
96.46490569424904,96.23710163704082
88.78662752384864,88.53629975144725
108.3817603352638,107.84918895163945
91.20434707680951,90.4421577760047
85.95492695125284,84.86609550748042
98.49054391574975,98.34316969274605
90.25440670553266,90.05913600207403
89.19780402820966,87.8943180762552
98.37314733542436,96.23754990296096
108.34172303457153,108.06223989483
101.50792961687614,101.35589489549854
73.38098794691061,71.81195036200212
74.43956132011412,72.74932094752958
117.10883503369776,115.93871962663229
88.94278039969268,87.92694710432723
100.14769668681458,99.7826479786145
108.29622558988623,107.93903727590799
88.68965054042434,88.32801007555948
76.32889504450485,75.71831629341663
75.33911446733053,73.98617892594912
88.84572019326004,88.40229121084673
101.9706583881586,101.39021534899611
109.43987860619043,108.98863593270836
89.55424135533434,89.31411961721363
84.48677049720713,84.05017410850908
88.10079312214215,87.67607239022824
101.01724428445415,100.74167208637348
86.31561562192812,85.25055734372162
93.43950055611698,93.00423073971314
103.25907493073217,102.48141353642872
75.54225845860347,74.80755758744036
86.31527271577171,85.2913481933856
105.30584994422081,105.10669512446862
91.47471259510758,91.138793422096
89.42897036382517,89.20170909346325
82.807274184254,82.41009145660584
107.05327704679365,106.78231888835056
113.28890630583469,112.57354448696891
97.37230612738051,97.12741328087829
88.1480709454779,87.78191121264592
120.19290563579042,119.26831026850485
98.57352881217497,98.24493769544098
105.33245571908397,104.39005058309571
104.93543038852464,104.50582048404924
105.82189582408232,105.61197827114849
102.16435200235583,101.8054865009294
92.7081673380755,91.09902075066468
84.3639398832832,83.28668715053942
101.79366429960602,101.35597517543336
82.19950226321457,81.37154305289882
130.49743348632876,128.70058950752622
110.50620033452255,110.02812397522743
100.89670369887175,100.5117056029194
79.77130714541526,78.86402333694157
109.87681755394786,109.69555120590708
106.2615646877017,105.65479263272569
105.09269409227495,104.32416370753917
82.30846555027823,81.03707525624095
92.87666574826132,92.71613044640911
98.48779504943633,97.5891990238579
85.71724871162358,85.03223693087841
94.38248391101152,94.11897268554715
104.59346807594892,104.34927611850603
101.04259691729649,100.73204967921427
97.06352049926959,96.86279680311455
101.32164633049888,100.1423202189765
103.14016956089843,102.40464721411652
98.08574906215786,97.23732393515242
86.36204516163362,85.7397772064178
85.6830859813611,85.26912149617904
97.26920391396418,96.96861998478477
108.22137270804288,108.05732062666776
109.64736820451613,109.09889773168405
90.71271563965254,90.33019762376829
98.36472068184437,97.81111757336741
93.911817126172,93.57899040887474
118.21843544133431,117.42195789517072
84.93150820828251,82.60154425788687
111.72603814822644,110.73545288295587
75.3584196106133,74.94129331812303
100.00180885757652,99.80321588035888
83.7166762704278,82.85396533444685
84.89687112789254,83.65161387511525
70.92897553355522,68.0999129911626
98.70088462488079,97.9494622334078
90.97016519196376,89.54302892486645
119.22291413526524,118.84704916893628
89.53292338081415,88.059648625205
94.05974987365384,93.73338263479984
84.20772646400857,82.08093245989821
97.73886573102227,97.02801222297913
93.88505609832211,93.01931986061824
91.94289592375137,91.72717199562652
104.40401135235426,103.8076541440218
95.6029047390829,93.7092331572351
83.83888584750217,82.12626998159935
87.01003102816881,86.85768943458638
103.67776481288197,103.36723637145248
98.52205358494452,98.31179720700221
96.92958739531834,96.34611112867202
109.75069119896789,108.91144411502589
103.17639757817638,102.84251618067867
113.77594373815319,113.25021694962503
85.36380309302032,84.83296494008269
95.7899250129521,94.8063272307071
96.4692472455003,96.28582825812316
97.48961744378285,97.21034116926944
112.03695571215543,111.36702618230235
116.69152812967086,115.44768943987022
86.1970602225308,85.83342757513324
91.00765860777659,90.57978616953626
90.84508158453914,90.6118389192435
86.06402246082078,85.41362074480062
123.53158739331423,122.84579037120466
88.23862767975874,87.6405015022344
92.01200343865986,91.68583041993935
118.32095180058876,117.48196412753225
83.77554610311778,80.93649306012973
114.18975604647527,113.58801988499725
98.56713788149631,98.2713607674804
89.61670757611702,89.24391331692038
95.42195740131429,94.97047391152854
120.93512844189019,120.20748669308651
105.63392488008076,105.26816025203115
79.610687629429,78.25010603576678
72.57030300930943,70.72219985382891
91.26699579540882,91.02376146506359
125.24286501074943,124.41624799502635
80.34259373390964,79.40181849736112
103.40230297936901,103.11322733284794
97.6964014019938,96.86088094240445
97.29739654592126,97.16747221414454
115.40439414279395,114.89658914695156
105.68646501630622,105.34404221165941
122.5799033553113,121.94364710461768
90.98743989579262,88.78819564969852
72.63356312283834,70.99009803774172
107.78159212720591,105.98388156754903
88.64264783984737,86.48788161490455
109.37552305831338,108.63388776516493
71.8375047191536,69.04990734175429
105.92475578043755,105.5372992884528
97.0069051212705,96.68751901501314
105.18418080858159,104.18610947597938
98.91084808303884,98.54688084386018
82.1173824559455,80.86173945292487
93.19295367390993,92.99260858013454
87.48651344438211,86.92322943605329
109.75815695538644,109.40784296361987
105.5708620806548,105.28245829819983
83.65694488187395,83.26275571177536
95.48143010922112,95.2204902832108
90.96784566936738,90.76977365074139
114.19267359169966,113.5829052572736
105.76097570966255,105.35317322053204
94.88922303881131,94.79356747763794
79.77728420308516,79.3171968385259
103.3784529687968,102.83815877570775
84.27610993673417,83.57449983604022
93.27275259152565,92.82372792401803
106.08723405932855,105.8476501890722
88.3106104475298,87.61677152967063
104.54561799765948,104.345524123084
89.70877653603682,89.09800526180854
96.93716049639484,96.2649225630281
98.82588429919595,98.64801431111141
95.5251994630295,94.3141461147617
81.60345579051814,80.16134429527364
142.13791806955695,136.44650430318904
114.1803683138924,113.11841780349175
93.4583098158767,92.9671411464313
95.93015367926239,94.35176990701409
99.6886503230186,99.37661736203756
107.05051658176286,106.85704119233964
94.2875401048322,93.77500395703355
115.24315572296267,114.50959884515021
107.07302216596796,105.81649152305667
75.0524925350923,73.6519383455581
100.10486069229313,99.74531192949003
120.71530725122633,119.66067360804277
106.32903514391779,106.07072603630793
98.72692027065534,98.45116167456108
86.94572031550048,85.2815418076172
86.47129294655564,86.03147393633658
91.28198998873921,90.7474971911867
91.4605772161356,90.31360689109688
85.40259204504429,82.49596692953611
94.91228067943713,94.57583335596165
93.0792055869243,92.6868893875558
114.08406193837392,113.4643707213875
118.23496483175019,117.82284376865606
84.02492817780599,82.44921237427873
89.41891662090569,88.99646898686261
90.66892900168936,89.8383544439422
85.99121584944733,85.01445126194422
102.54970987142478,101.89024079432164
86.15163691732374,85.68290485822908
94.58634592923907,94.45243365296437
77.76045806257225,76.55039328264589
112.74166003823379,112.17598381870677
100.54579810971218,100.32579361212989
103.65900436806268,103.48956957877652
83.0261016920332,82.56539124340256
97.92258694209303,97.8195871572022
120.67756701944633,118.396338853324
102.96113746546226,102.52829836944109
95.54854958569545,94.64751476149196
91.20858006599553,90.41764187016862
119.34955164875342,118.24847333422724
100.3374504765649,100.16575960150641
89.14154248149067,88.818996137221
82.03500621329249,81.37327008379312
82.909052586395,80.8596474553817
82.8161304923542,82.26945171135014
115.70821819604743,115.58054649582255
93.64567447842022,92.53083820641393
99.67628740557151,99.28229505478373
94.88898530959251,94.55736700913498
130.64660412556105,129.22848354757852
92.0736513067486,90.5410737269849
97.12970682479238,96.79191417574309
97.26435272460972,96.8977349243169
80.50960505895527,77.32985080380034
95.992026258274,95.21006957952862
122.19043185307244,121.25374656116031
94.77965112066913,94.18234459391162
82.29449380259615,81.85004531303127
105.97743290235444,105.72804302768638
81.76734283207473,80.64894763769237
102.8065662514894,101.45979311190078
99.45612321868494,98.96053538918187
100.59753080255523,100.13719290616405
93.67415145976746,93.1827981549111
95.54815872428338,95.04434783247464
105.04960376066862,104.90514893894596
116.28386429478654,115.83279243982221
89.56072696281835,89.29512353853724
90.96390456283402,89.99804640547762
108.1343968648085,107.60585227230014
92.05825044947082,91.8675346034555
80.2166328570996,79.22755570343051
86.46393839655838,85.77393612007286
94.35361631010419,93.69729279441249
87.18012632237642,85.71662457397557
106.01619248863688,105.25446787551279
111.59990331670171,110.94065722465866
94.6587958929787,94.20475411076744
96.97488783543851,96.17904459985351
90.07510580408209,89.9310185422481
104.49647496520063,104.11281558562038
84.96154921335648,84.18850776226252
90.36731865681168,89.34817690968647
93.39219670678357,93.01839105176177
93.06136393840642,92.59994842950118
111.75991304606511,111.1030181148338
102.84745019520271,102.57187091773756
80.78173467210749,78.81062849153032
104.86122403075088,104.2474474647024
88.52053250376372,88.06000874477705
108.39348402190352,108.18841063288627
94.08286222473822,93.37933408773601
107.80599632052689,107.19623049324531
81.32021417987052,79.90452467850817
81.99318796212724,80.37760342998634
76.73163875747866,75.13951173108427
118.46254038469871,117.58357032428835
94.48034224457147,94.19797888388757
109.70616969930781,108.82999332229534
91.18572212173471,90.58264442353664
114.62297497400445,113.4822273835056
108.49308422134649,108.14338721955583
107.0782037515661,106.78593478554012
117.33032621471874,115.81026191031013
123.45579023925359,121.62575979342908
95.56824004783228,95.25294512669892
86.57457013677589,86.34135230218686
88.45708187772868,88.06322522949932
91.60329060506447,91.2067996842633
81.38560794205236,80.70785051937227
115.76614191411524,114.73718714914317
122.9973926392735,121.57975271670047
141.30160853358234,135.99539326914487
98.5803821376433,98.08801234774117
74.50227295477526,72.97026974466844
87.96200704707931,87.20143350426436
83.28926597448162,82.10713879758333
90.21391677556397,90.04924086791841
101.54524736113054,101.30182400823591
107.8919172849652,107.62032017856042
100.50165552265118,99.60617450264012
103.66762990292358,103.34189358611845
116.21133798339783,115.85866265462114
107.28930068661077,106.76833337722174
77.75306125043569,76.74569577523766
84.06822584826337,83.6348970164305
81.84028797858869,80.28512795757304
90.0868898199021,89.75679879318194
90.93123596484428,90.59200337513435
78.75157004650428,76.84396880065925
105.87005138093508,105.68881858468767
107.3851862883558,106.50954510134792
101.7323763825885,101.46304592714527
98.33027454368455,97.70323456918301
88.94607194387402,88.18529036002988
111.88448959927364,111.6017571260892
95.88455811468155,94.59334269964685
83.3285650402543,82.53067401928092
90.9123843675419,89.5764720782926
87.48861767447616,87.20144662416587
91.14241164634012,90.81982711994051
80.45089865638153,79.4534858075772
84.08308243314303,83.50150175779488
95.14753789933326,94.95372787349895
99.22568439358447,98.91656337558673
118.80368023528726,117.04909090005168
93.9949500760958,93.68160800006349
101.41364405066646,100.7834709219595
109.86684456549439,109.5369050094216
105.7133802004691,105.32798526349198
92.39885950949379,92.04169236697835
90.20589314695775,89.85697915684798
89.87404826981097,89.58624274706011
114.21514226389519,113.1425169766082
75.69752110902799,74.7266261292317
94.2559813661414,94.01569989115474
85.22946883857114,84.35452037249298
98.2540601994952,97.84245090119542
89.36553826042507,88.87239170947437
86.00172204634484,85.4981153559563
88.31948439314398,86.32404099943348
94.420020439832,94.27323854993831
109.60169017093183,109.41336996284322
83.4742856122273,82.30682146767964
93.92106083030976,93.71570599584321
79.42751679837652,77.13649775583994
89.23123817105812,88.98579536034761
84.89061507654372,83.67114001156492
92.55917456713374,92.25468107082625
83.40088725044096,81.64477004845592
92.19104106513609,91.79891652580217
100.73780053651646,100.17553802901499
94.4544942358197,93.65532744405698
92.18107669443188,91.90637162853466
81.78351445858178,81.36492276017816
104.47914977153343,103.87645272904983
89.78383910921504,89.31295250211619
113.10727258730641,112.47966045798589
81.15128561162405,79.70960773076443
89.00965735754127,87.75043067332071
86.11713564141547,84.74951577424233
108.35007217832234,108.15132715511997
85.82666302645613,85.66514253977495
103.7418130463897,103.39895902093765
92.68020991356832,91.98828233585849
97.99285965835199,97.66411343689175
90.42316082563428,89.30635571122784
91.48248283312252,91.00466495420967
85.77254700854552,84.51075704401033
85.6917204043038,84.97756706707412
101.9071880185344,100.98630379164662
77.04652520214614,75.355846282291
79.79121744985308,78.31364112809425
82.60216010362204,81.95578355867754
99.00163681911974,98.74342422355024
80.77739500814874,80.17036777293414
90.0094800516093,89.55017955947498
79.2434956366582,78.39669133146468
97.9729068657873,96.87662900158523
101.89719283987998,101.7794941581409
112.80031923195811,112.0703027271935
101.63176191142665,101.15279218202603
103.57084113294722,102.89209009548213
87.71119946297466,86.95426120913837
93.88071584879494,93.62609026621553
87.35638300787066,86.5473884769344
90.75887413811796,90.4007579633902
93.96135650289276,93.6980643691304
85.53981258270818,84.34824777056545
100.97514847053135,100.8766394672982
96.87776371087074,96.71159305103839
85.08370990481613,84.68419351186287
111.91437165735957,111.53088624658955
81.80487727955024,81.20506190576658
111.18424314459904,110.98942857834639
88.4067410282555,87.72319350308287
93.82864388289214,93.63219677349886
103.29845794910068,102.96311214009452
88.56336727003874,86.92114408204131
78.92098889117237,77.73590939495458
96.16938059657109,96.00605056546271
87.27317681050408,84.06683857150452
111.04165828245362,110.4534508704784
79.00279994795592,77.71370521325424
106.12037821034306,105.4324706096307
83.3100566323421,82.79611769743767
79.48491518452964,78.38177843971843
80.47619862058018,79.38993918592324
97.6472069605976,97.4196576319423
90.85348771083441,90.46160875432143
98.81743753542384,98.14897826785054
88.60055754650902,87.29853960906381
104.84440326890457,104.64308289687239
111.1112602713706,110.60480846916897
85.81078235556764,84.03336270470824
121.8415824089842,120.47479833263797
97.75625407940635,97.51951710069915
100.5044256583813,100.35124931109901
93.7151821261667,92.73393433850508
101.29467677426405,100.72395967165754
77.77966268656455,75.13311796912171
123.48597083299791,121.27076845659084
97.97617089742712,97.79124334964962
80.98200847345564,78.46543455176001
99.3522538957763,99.10902331209702
96.48701151598641,96.22067573358629
97.46723900619314,97.3372782703967
102.19468247897618,100.94256484435124
82.2773063608889,81.485904977428
85.86559578121685,85.22735346317377
82.85353211069788,82.17210182082302
88.43270354296337,88.28560183969273
113.15481835203141,112.62968328476477
77.20529983269628,76.40128424266763
84.84349211392495,84.4029090908009
90.75599708076017,90.58063766552407
96.20032757630207,95.56190494486763
85.38545311916764,84.1652365597361
84.54163871514852,82.60647545880138
87.97554726332405,86.78132320322557
111.03788837245573,110.70600500831074
103.63773062519384,103.07832519390867
90.38303505050257,89.9919062785733
95.16903686465433,94.89148362268038
115.74045299277,114.61674982489477
92.98706170474557,92.55899619830471
91.09295391511054,90.77285073726472
100.6560645957593,100.44532400188572
105.29642684123644,105.1621871438949
103.67484789572487,103.42241973181662
85.69830298980405,85.14778164690821
106.32385820711974,105.47826298072329
101.38249414587192,101.0078544010461
109.38025468080937,109.1499639934058
103.19887778513032,101.80947652739019
88.42601748029152,88.05085667419843
98.28088823594258,97.64330335636043
112.12782166246572,110.32755498131134
102.3480226935089,102.03631719565875
93.97152986768046,93.77001333028713
109.72254565525013,108.73255142070217
80.5169686846714,78.77313335728519
89.33416043725055,88.10593591177336
92.85773769278273,92.4841290636428
82.09342596141332,80.7344085940046
105.85806848403372,104.69610090355896
91.69006854113394,90.9164849558658
98.25631371579142,98.08632598988855
99.63926622498036,99.46262543805551
94.03183153626067,93.75437177781556
106.99133998329793,106.52329665235668
86.4727024535191,86.23419039999878
88.42775101157481,88.14976795156764
93.10694656393377,92.51997052092187
99.62629601807299,99.37937903883069
97.35635742853302,96.10530920813794
89.05517194781599,87.9976504662917
90.33457886518168,89.82730893744542
109.54366882782436,108.92164646051704
97.57397218560783,97.16649129437164
102.90368643763584,102.62744333645138
90.51285868520601,89.87802358288673
104.09810193002728,102.81245238975629
122.31684845641745,121.24670601696735
96.71530519702536,96.63611573232009
94.11595772497334,93.79878072028684
106.19635091648635,104.9814577751052
93.24717035940998,93.05272444472982
95.19383136082364,94.85604627320939
106.54053445636733,106.38639406824254
87.53489660872165,86.74917803518936
98.97581372584115,98.81574972205972
111.96271908062434,110.85142499670394
89.64626497264582,88.84864651799558
117.79195676302704,115.22479687468444
98.64579260133958,98.0862526995758
96.49128975768305,96.317009188261
91.08485243577832,90.47994204571364
112.07097551413476,111.35119644364813
116.471847171965,116.0869750501274
95.22327394117909,94.9816719570693
76.47603840836906,74.65263041828038
93.46339812956495,93.23659362257001
81.95858050542314,81.29174723667265
113.15309727936575,112.10732089934262
97.41027396711402,97.15021473139754
87.33907340512862,85.51045169705154
101.06858510665829,100.84538310234375
89.12156630085,88.54115327298443
81.76741793900038,80.42925411583253
112.11915943099827,111.77046957373665
82.67809123693618,81.73654538261889
102.050918532855,101.77238696681243
113.57601237418126,113.26161434493645
101.71010445949125,101.54756886992057
98.28446372318272,98.04017122068548
92.76783944506178,92.57715061406962
95.43860973305351,94.4802680448357
98.90896175484593,98.62292861257663
87.17415642213831,86.85234528811304
80.82108174546782,79.34810274039384
101.8049504807421,101.71794054255896
107.55925181812596,107.12559296547903
112.60185549809546,112.10050487984721
130.31422897618899,129.76777195569025
93.714815252484,93.49549255475355
79.57512636553069,78.26765211144544
88.51123775888783,87.54487490728708
104.91908193404602,104.26861159723835
114.40051614847113,113.36222814954766
97.6119164256921,96.17726866948401
108.88835907189741,108.01324577800487
88.10722802384913,87.89470486256499
114.82183089783037,114.26587984449698
88.5646477723372,87.894832235681
89.17749248409724,88.61231090643668
92.32839523577961,92.21346486508884
110.6392830824773,109.9662580521609
110.59068292135686,110.14605661745615
113.05970266983356,112.54725510655555
97.11325708610913,96.59818297848005
103.74768491233942,103.55955839487926
82.0327213876801,80.4118058538788
107.545286110477,107.34091009007564
96.19164100247131,96.07088981396758
82.19984367299622,81.3759452968369
103.13990906506298,103.00185968256466
123.04897917234288,121.72716272979441
109.40762965749408,108.81055843151681
103.93510714660411,103.68124685050492
89.55587094271026,89.1357654296947
72.97921822365774,71.22848705193088
90.38027755581939,89.52320426894248
94.47557148533733,94.13359804084692
117.10884994180404,116.04509524134413
103.49703592252028,101.72048638270763
101.34973698114275,100.32965812379672
103.53745609897268,103.07625760311514
108.97229225935311,108.61203416683269
95.71959463198442,95.47430500687496
104.05104694880282,103.33133328714713
89.5469921326362,89.06826082286207
93.72412183527635,93.10904321981944
96.17679074229271,95.94125685977599
88.94876697272319,88.6562019230369
94.12393085693714,93.8047747061936
117.53837703739204,115.62905889777207
90.99577341583934,90.65019488982315
93.34886030831258,92.63749987659772
91.90100306614086,91.33953967557767
108.47063696086512,106.98140591271552
92.86621700543265,92.71276943443002
104.07934883663293,103.73334277127252
129.22692809085015,127.57774335002644
115.6788379651921,115.39009594031172
106.89729937732376,106.26423459441574
85.78452575365563,84.88089792594472
96.18435775339361,96.0226630004231
100.32807718293807,99.81442365131014
75.84816647001047,73.593573418051
73.18682206246235,72.38378422269908
92.26863472293638,92.12733058440698
101.40930356110378,101.18169905335672
109.16258020562958,108.37998682999165
110.67132804391858,110.272922037646
98.24997884543909,97.98780730189196
113.15565004721557,111.94164072851517
86.52358316086189,85.73165901920767
86.52533794879187,85.35001960418073
103.11797843945494,102.80029211085085
86.36607669138621,85.63526198506594
98.55512262214981,98.35734864931712
98.28191649039023,97.38813848021753
91.68350538786655,91.25562690619158
111.07921039926094,110.94474496215798
86.47787624472177,85.72365934084746
112.15010991065895,111.53975019669689
74.72343565370599,73.32499256373912
102.92728349801725,102.45743619514548
78.32137516758243,76.69903124777169
111.27492287115422,111.07015806028821
100.15975798950447,99.8496812544924
93.03175210032634,92.69361744875592
88.03255735010545,87.77589931194021
89.71606598523262,89.15338776812217
105.10394756600896,104.10870540722053
125.30952503544529,122.8146718811892
84.12307632296894,83.13472560002373
87.44124208928758,86.20244139029887
95.38522537374489,94.9508456000069
89.40017773779604,88.52151647398674
114.67258491576544,112.23792376189088
104.31029818900073,104.07028757507
88.19203245400102,87.88460948209864
104.46030083111319,104.21994830301159
83.56352161047529,82.54924501940711
82.19734345078523,81.17099358034393
94.95783587978316,94.8494054463878
122.57985966001212,121.24366841491458
89.41974384152128,88.47834399297915
94.85182251825353,93.82323778809352
96.88828741914334,96.00328195610977
85.7638488822591,85.06039687177822
66.25819538534697,64.22742639623472
110.19409279447383,109.23910651242075
113.09048939774868,112.25959686665819
89.12076230606452,88.91962634266379
75.45391153144604,74.43448359138372
106.22733570203378,105.7174732360291
110.24149127113488,109.39476711148261
108.33510351956582,107.78583518419232
83.44765970948016,82.8918898812314
98.3188902706244,98.03756110768923
85.12510933392574,83.62610828415502
97.8279228184339,97.58368785382737
86.42178796215215,86.05050635347921
99.79471928567644,99.57645296126789
82.26213377382356,81.4007460235299
84.35224369564834,82.33705319210854
97.54066868848498,96.26948459498477
75.5899158303852,73.23555685517304
82.78840641787197,81.30174861549521
96.30276914577318,96.04070877101002
84.43589107809123,84.01347958738401
91.1415604895596,89.96342138719895
74.44748748509573,72.14970788198586
84.9284019137656,83.3506188286773
108.72853568954547,108.47854276374082
112.69194568686065,112.00619747653293
71.93817264498614,70.45386089717634
92.40009618452126,92.08722622275634
102.44975204350402,102.14847801694383
107.79058868068833,106.95174476368184
95.38934278987165,95.02740299222904
97.21829387249971,96.86594158749448
69.83081457340897,66.85424346958392
90.15072381267113,89.88408727889473
117.26425751023893,116.00413020429652
74.41355740597275,71.48872098414759
85.75176109847801,85.13929703355637
98.6557235171327,98.39716668680813
94.40266290785029,93.83781604981631
103.40470348938794,102.61280820568294
98.42426305097958,98.13059283105113
82.38597868229101,80.8617916051545
108.18924349990836,107.96036439876404
89.28116707502605,88.2787942624609
98.50547857686539,98.11206812648696
106.64403093351868,106.27646733955183
103.50878730835194,103.10586991827294
79.40431756033966,78.51165686595333
78.8122106872671,76.9992737604526
98.13716611879286,97.99915052835077
88.43044818881194,87.89056162139087
93.99267302811612,92.2445621933476
85.73368403684864,85.09830582871666
101.5378181787329,101.0132818846075
84.56507813495726,83.80951659607136
114.20438963274314,112.77157268451964
86.83660627661112,86.42860111787606
87.24476327111829,86.29921564102321
92.98952923283639,92.65335330501865
104.00687318823789,103.89444353690135
94.92319100767212,94.67604256163452
103.16105828450533,102.37034799466826
77.62152799653549,76.11406488314503
97.06214190030092,95.79290788423617
107.0290732967438,106.4369955056985
98.68688254502311,98.53707994388124
102.89883463258172,102.40894452754053
93.21159202354114,91.75390055053298
105.38579395764587,104.96710178450957
103.38443725117577,103.04958907082188
122.16926203549292,121.24430427354226
102.18079374108576,101.81711535640457
75.18869548225825,73.27409049760708
100.51594759791564,100.09271517983869
80.98936781681672,79.65847107167264
91.3900049227014,90.81709443881985
103.0873343446853,102.63717478887767
95.19228146166093,94.85626405870809
105.04386299863377,104.82435440375231
100.47302140687829,100.28044856907276
69.66420836378461,68.19986621039651
113.51168394972268,112.40653079912283
83.23559978038779,82.99836812239143
75.95757508585808,74.02306297313471
98.25931299028407,97.56212936595459
105.73940509038033,105.06267181183941
83.37738815242396,81.0443555021263
86.35316677605162,85.06687725158645
102.40118774810831,102.12338589992622
85.8661315854527,84.52321258487677
65.02186353833072,62.75271053202236
76.95490234203055,75.75970333550109
109.39582530434262,108.76702919961328
119.87459578006637,119.51760276372102
90.13392746055857,89.95179348379506
88.31860384934895,87.78044749217206
86.1018873194422,85.63807801223938
99.17013177100948,98.50820166538878
90.74274578045592,89.78813975174799
119.02059289602197,115.43193682801541
89.17346726328441,88.26722007618844
117.10360615635514,116.65151143061316
91.0343321726934,90.13972702493696
80.05416161036443,79.03542485856596
96.46401828412017,95.7171009286426
100.20598371432108,99.91330217630447
98.35888064736022,97.53128520892838
89.39608696383237,88.82001203585853
91.9407431540877,91.72739777224491
96.98013744136922,96.62395689180732
99.88409910982833,99.66287709575587
78.48117236243569,76.44164146334512
80.7506128952002,80.36692288679257
97.77758645331033,97.48092720666897
112.05263841235019,111.53241481114084
104.8623615692565,104.39105879355837
87.01011006812502,85.8557299882444
90.7811450941496,90.0873366804192
83.72746413722197,83.08718965445449
108.61674510486904,107.96608740835939
99.0143922950266,98.12924187268807
107.75514493949294,107.26647187502101
80.79782872061305,78.17947844341239
108.79764242220239,108.13448172999591
82.22507093171886,81.81825187037984
85.65375146071595,84.57354121474629
93.2469940074933,92.16071577274744
81.59726547018965,80.16919131044891
118.15651715787517,116.00784603141545
91.80406377917947,90.03874877619998
102.86495276175842,102.42510774613696
96.86730076365124,96.58782481800755
68.46559824505411,66.54356581943156
89.09691315016136,88.54999865389782
90.30146060342182,90.03914018510903
114.13030738910885,113.46123567831225
108.51156800963292,108.31819745762962
98.61184161229394,98.30713354806448
95.08631111518311,94.88938874379711
97.20062590855736,96.8031409974953
120.74230351698827,119.46454335902907
101.69278469113206,101.35526396990194
102.49193849628713,99.34721812927498
95.4603372009587,95.38666997222175
85.73057032442978,84.73963862368934
84.95044833770153,84.29115594590499
112.17822192406615,111.59647139016073
100.79982435117998,100.16828318052286
84.66882848530258,83.13628753332115
100.61239746805592,100.13335926189883
92.0244923915921,90.77706816679982
112.56801815697906,112.14735962907726
117.39397319483233,115.67430442719844
96.86527856738867,96.73932244210039
76.85528668525268,75.32407924019252
100.66562469448756,100.27751401182809
90.60485932340004,90.42890411221163
111.1664418266648,109.69836258799778
130.94565689753483,127.9972343930731
100.4841993748324,100.13757858802853
81.97335756333028,81.65090672867154
95.88236434081507,95.32261842071598
90.80802444018795,88.44603856455485
86.54573006760236,86.21611864135474
115.4759663222403,114.8973662981608
92.08150038476234,91.8391558786228
108.2494170602364,106.98432046488394
97.87673678559368,97.46663164999681
98.87571109068487,98.5448237666102
79.24766400692879,77.27152984611425
94.71124929197939,94.26128216289688
87.40964619728642,86.63855430507124
76.58711750006721,74.3859570600306
98.07946553603398,97.6141579037792
87.44212183937216,87.06656474647043
80.39032432907841,77.24305693567611
76.8971076631655,74.72234525666238
113.47395408706254,112.60914895108398
93.04179449011164,92.46983982033602
102.89238111704785,102.3853032908403
95.84835241956324,95.66872777023121
100.6877624338089,100.108657217094
97.02276226564804,96.86141032029278
103.85937538387724,103.55641700275608
118.64073093460478,117.30339270098509
110.68279798668664,110.27216606725857
90.48333175007816,90.27490931805892
95.72696277793106,95.32909034113531
81.65445512792196,80.95245045954475
81.10476235678907,79.86649714707698
89.98321343415643,89.67076216611252
94.96753073466184,94.7497500167027
90.07132597525315,88.28573948393154
84.75985982558302,84.32830026072718
85.85517331158685,84.49623156623551
93.73978643200486,93.35620423495203
93.34773181593873,88.56101244399488
83.95991243529286,83.47889734057497
102.61367057851993,102.08593476202883
105.76921754275573,105.25914389494672
83.62632071327297,83.31658478743205
95.27746767259924,95.08971425011993
85.05527460978628,84.23279622472093
111.24579801121203,110.8827821299277
90.17908060516636,89.41515501798608
102.92372115388655,102.6053722024636
107.32357815573629,106.76715352091897
92.84496927391149,92.59242285080742
87.61020093215042,86.6098293842772
96.4563796897454,96.07128205519034
95.58074354880694,95.31047442017189
119.40885150122932,118.48743947984414
103.30713169086658,103.16656207129918
112.6295963215646,111.36143457890142
104.31504160146596,104.1307609742813
91.81809504468342,91.02046103404284
114.12405373288773,113.40456338335112
100.98429033385548,100.76602819249726
101.1788328430737,101.02147115968585
80.18320790804222,79.57656451223623
94.57555614904045,93.92549934884518
93.3344484498166,93.11521311297552
82.17561009180456,81.07674161053549
88.93207261171996,88.09519830573254
91.14370158905695,89.85702095054272
100.35146051791999,100.08335055535646
86.15736222232069,85.55142498731982
110.41287823429286,110.24440377446912
90.47073710261974,90.26623261539564
77.55138573048484,76.50413185353308
101.97719377887505,101.63544130073952
114.45158955091925,114.18304981614028
91.02481617660253,90.32757902205994
84.91374482890822,83.00928129552199
92.596592565049,92.36515979069213
88.81586996146014,87.23761884805376
96.02511938021085,95.8842903919675
94.8145709251684,93.65941585720397
110.84031208631112,110.59334654134864
103.82049800094903,103.33848458330192
85.35046081556914,84.73544376421496
122.7958374629726,121.22073050401778
91.09399860683787,90.5409963190158
90.95637794142671,90.34174038703043
104.08886573370282,103.41297360172616
114.74691783420796,114.41966730463945
104.29076130014526,103.51643842247101
82.20455953596142,81.79011747954895
103.9568198884117,103.84278595287412
96.4258430340386,96.19121447549036
80.88514000026188,79.56924396393393
87.23365995309231,86.65943845256827
105.99016560157328,105.58032014500219
82.46263886375783,81.55222757889734
132.87656763606404,128.1184803790462
115.53376649704693,114.4714365525344
120.95091935245786,120.15838527739605
101.63804959555993,101.27981720864408
87.25175771327109,86.8325747912476
97.33184064997334,96.31475824638714
97.58702335474216,97.28526570405344
92.54972338918736,92.13945497239972
79.20608828253894,78.02349692452492
86.61682337209146,85.01992581436214
103.90367210316181,103.62293949784328
95.13268036870939,94.83648084390103
83.179641489753,82.60195505632716
108.82371918975586,108.54010153850896
81.09417506256153,79.20574752595284
101.99260044147886,101.7861314005273
87.20538987697408,86.51544210405964
92.85197724646974,91.8695264161328
100.05883079937557,99.72981586395765
99.85072626647286,99.60312154321979
85.56723982075981,84.55604135660941
105.82412200820549,105.62206733916892
111.46071380886129,110.38427304581252
110.43340502090373,110.16264704193004
95.3750308042554,95.17808972870142
84.86269258509253,84.6062184410094
82.49982812779592,81.84564626601369
113.29426350097454,112.93602512748986
93.26628210626004,93.08491445220302
101.46909804074753,101.17016876248817
91.732110390965,91.49174191542821
100.48535776981831,100.30511034198304
93.81572340515798,93.6005051714689
113.87564586749254,112.90336969046436
74.98728291666382,72.25476613060007
108.11518565677027,107.85650409928311
80.77373807812808,80.18525465412478
89.56858915701969,88.9598650934315
99.45365716684199,98.97050563043176
98.15091324748688,97.99323227257683
90.07501400869822,89.31472540972361
83.82308721426925,82.4487010906965
85.54433981314968,85.20626572027794
87.21482853351081,85.99153019354561
108.61833441400893,107.93501632892797
90.37368350855203,89.76120694110922
100.26474893446435,99.64572689744212
98.15278796668586,97.65310649402177
87.02316632201848,86.66048299806435
120.13404127593815,119.1677600703276
93.24983303948686,92.3801817296443
77.33707905074392,74.6493522343887
95.24230160946317,94.79275608311484
82.19848207231395,81.66999186065469
83.05212949023863,82.62204254278853
92.00303155234393,91.24968178847868
85.90351889092283,84.84664251307856
92.54739700709132,91.97859911616715
105.25851519966872,104.87092158633772
109.77233309858951,109.05025169872046
105.02980374157013,104.5162304572194
91.52702064986295,90.52459900873268
81.55368199499254,80.46453794271946
82.97950047854121,82.06052376003353
97.80318174476135,97.49661000996635
91.82947022647443,91.59086126759622
84.341315577821,83.74370749399782
92.34161448319419,91.93328752856316
109.97556178335583,109.06834346223147
90.81034407090057,90.653618121517
102.59839549379066,102.38265354831742
103.18212410237979,102.48794427680205
93.76977565949623,92.75655650351445
96.52392468110644,95.57958240251921
84.86128524643865,83.56531999588985
87.45609733279501,87.19440104630348
85.98803509256194,82.9385195031451
94.66372231891144,94.05458455654029
102.22050349367034,101.72363004926807
111.51907184832775,110.25033277464351
96.84607652028801,96.50254499022611
105.2605350365655,105.11642104645023
107.76022612444227,107.05324684632816
91.55361597719276,90.70685238724609
109.87120703934964,109.57488181394156
101.39831155721433,100.35270750708605
100.58416614990392,100.27994094112738
98.04009696096891,97.94280814781403
114.06212945216379,113.24408140737908
94.41308100652354,94.10960787373392
121.4988901514658,120.14056325454304
102.7690824819489,102.32506191182686
96.30601421314174,93.95679068298692
106.76264372995763,105.98079168330284
83.59961078810593,82.5562270259044
97.34486515373405,96.99784767333067
95.3953254938552,95.04590900398605
85.6560791474827,84.54279723156525
94.8590879505591,94.67366052763748
89.09695458910568,88.83235775157031
97.62973437000124,97.46288779392766
118.50768313904229,117.2917322472722
105.20536698033001,104.92542392307735
111.93293310558816,111.57993935542277
108.9982778871878,108.45039906317776
101.92257679624919,101.59183100383841
80.56428396069276,79.5054311118653
129.64035276292753,127.13423938723489
109.54013456806108,108.5189768802094
94.5642995661726,94.1598479224075
104.2860564686654,103.72409569734536
87.30824119982015,86.34296894774363
86.50365488030677,86.13112168769938
89.79889514336868,88.7976413427374
92.91186156495498,92.54241985462608
74.12585673339149,71.47076050056427
98.0931952536309,97.8096852375737
95.3223579746344,94.04598745071328
91.4535733103078,90.73042709208356
85.40480397313995,82.64291082190572
109.33399859467069,108.24398972168453
94.6237863928765,94.28732305121736
101.67005401226446,101.04261336900129
114.86129367754991,114.18344725356143
96.14826553298236,95.87459728951958
102.08210310175879,101.74246795059254
105.27756483880091,104.83950704637914
92.34475049920424,92.2031577843654
96.9610884568581,96.79985863361912
107.35475326549489,107.11476359756676
101.33790697092277,100.9089593267407
84.49992221767889,84.27228822126776
107.1496157444481,106.34542916279308
90.83166455773564,90.4254370464583
91.95941148779951,90.93807567053167
95.89815255044984,95.60595193765654
102.06909290348824,101.6891055213769
90.59396503886587,89.70155804000903
94.9576857855426,94.40254193633182
86.21719069464805,84.96021511827091
98.52541905156733,98.26036501941299
111.4915201005496,110.99145606075965
114.99992617403342,114.32118670532368
94.31710231058224,93.19959395376206
93.82249415815062,93.44251201849849
74.83966965258837,73.53035579243199
76.66467756411234,74.60478955729785
80.40184964558571,77.482139978938
104.00370814840822,103.55532793752361
93.38188548699391,93.02884219942658
96.48099149848717,96.27059539110049
108.1885291533664,107.58097097879855
72.40673892660212,71.3859333295728
74.82841251106103,74.08968523159622
88.03965841048367,87.13306412773589
112.06541314116399,111.59799900530584
104.8434168240603,104.58763241283494
81.2259645269026,80.47223711862272
93.27873076662296,92.4253403920247
122.61794974191942,121.63333051501502
91.53889201346847,91.38209779372653
96.02841384980087,95.92136000610583
113.43101034115553,112.81461187436875
97.63229120582496,97.07390217795746
96.59917829815335,96.47451488097815
108.67011908461792,108.13696426490255
111.31361882139734,110.99255561939903
79.52499075056028,77.32106936766887
97.77335718801501,97.49781264270449
128.03580069796828,126.16777807282301
106.64526970879646,106.40382084994718
88.01480061089178,85.76265450259775
93.12628983030078,92.8160603933431
96.0346009143924,95.9332392005309
119.46417123813092,117.72169886858813
95.81172929183005,95.58143888795922
99.72532030115327,98.75511342731102
101.87493941224366,101.61008046562995
103.11052563923833,102.09459711893354
92.51497441324473,91.46876727610447
77.5829646023062,76.89114896645944
92.82928419564588,92.3335249731539
87.49581897877353,86.19131504443257
91.07279703016819,90.32319201034593
85.23676398115302,82.1596607084319
112.32732073238894,111.66141101883835
78.78671121183936,77.87347317986578
89.45967402694549,87.18872935762063
77.32347895195608,75.98448010587649
111.25128668614322,110.95539525902869
116.33911084294041,116.0949422884553
117.85109092630732,116.85932918919146
106.59880693472329,106.18927195408484
102.2467430852116,101.52629873583442
77.39075502859446,74.51525251798147
81.88093489230071,80.46663907159248
99.44563364462263,98.70669513353621
90.8121875701512,90.21726375183218
103.27524763703792,102.73902398277022
96.96674082181939,96.81319968182012
97.58341326650572,97.21484084877498
110.4841284117637,109.86285354764351
110.61404361918754,109.77387386320574
95.64530762776423,95.46243460790222
127.61640899748754,125.549097857065
75.57862514047062,74.28201313264265
94.02965600773163,92.38054327154822
79.58394911279562,78.70284200769429
88.85546443236204,86.34497247577457
94.18003818584901,92.58199663716442
90.592274885917,90.11205297385939
112.19147700302231,111.44417996015068
70.19829025065808,68.340674170588
95.44780130937039,95.08780312621879
120.60798654245428,120.30613204671442
90.00610095800457,88.93110414694314
94.86910577613774,94.62112953087397
77.1250626541563,75.56900252274761
105.27849592255838,104.9770756544754
83.48508287116375,83.25846337245089
88.10538671896029,87.23295463897162
119.36927002743033,119.0296939054085
108.75754216280225,106.29810999889222
98.83576152977814,98.6919840191934
107.81583580183327,107.47732865588492
87.0664475115924,86.63229124086929
97.17658751970214,97.05569538028938
93.27156871081122,92.59509239200302
81.95296462096003,81.22874908358601
109.18558249113603,108.55841938627005
87.33150111788227,85.89513852672209
101.69015966809813,100.90275967432912
87.0561406209739,85.21807770972121
119.31582966653113,118.757234000784
99.41522461787892,99.15767927601789
116.70260269041732,115.51988628706312
94.37855844591138,94.10043076271002
87.45715030783686,87.15116044611227
83.15672828295726,81.46536957543124
107.6900963083046,107.29373436270834
97.61156467993578,96.75701666254672
84.2549713684086,83.89757859633283
122.22256055614612,121.1934866577943
104.11222522548249,104.01534597963519
98.61508255568273,98.46558383649722
93.26548381575347,92.9194183878189
120.78150354806094,119.91128485728052
78.45743181667464,77.78358143163514
100.30550624046526,100.22622092187055
109.75812064040728,109.6177573314211
92.65844846503731,92.26269114452992
94.8460630703028,94.5262062641496
95.06685004712045,94.77140424049928
107.60727295776154,106.99304611492713
101.57412307937552,101.16397759062178
107.07544579275768,106.29806789679563
103.10870806956208,102.86561905304502
81.23865405497835,80.44796116188007
94.59085267355094,93.8660139764612
108.02460696827683,107.74566899981083
100.20379160471013,99.99760556616718
89.69213805744914,89.09320068041818
84.28402978751176,82.99136912649958
88.55388587524043,88.15231962062582
83.95307149129499,83.05900581216923
88.06215554836399,87.22924745517336
102.03420365949411,101.6768746972633
92.0541266945531,91.57588468287341
89.1581379663255,88.69686010845459
102.78615925655298,102.41996120210338
90.10450774854684,89.3099245737148
95.30544044129707,95.12074212322587
92.93426560772528,92.4626425872524
91.00399628152816,90.48629448915115
87.3519250465671,86.59155873001924
94.21963561594451,93.70261907421569
90.10085275533767,89.5969995702973
102.02549906175557,101.53915278723971
106.65179704046061,106.30596822122587
71.83061315692478,70.37191643942279
102.58121144088847,101.9473744474815
95.44009721131486,94.16734133546701
98.69676395907526,98.48564557744902
79.01966547808235,76.28329618583702
89.431158359086,88.92709551370783
86.00305826131971,83.17944998263249
86.40886227811033,84.64639782166816
91.41734413943145,91.15024059922835
83.49238297919055,83.04211634770529
80.71050291916019,79.04083860472143
101.05333245804934,100.6895786095746
109.8511710452836,109.57724551807776
107.76763089071136,107.44277398625923
86.39759661279206,85.2214911695347
94.38770539328588,94.16665753346027
86.58637066774295,86.19310409099705
91.81813812828824,91.30525273916578
92.66558327626387,92.31274675194861
82.32112483204108,80.84689566102296
92.20517613412228,92.09830870233577
100.1349961299861,99.97786204443693
91.30863452876041,91.0414338755445
79.34031768260269,78.53633310209234
127.06898834170669,125.09887513436935
88.13928006886871,87.39429829285787
88.16245882859928,87.72556472662644
90.57950743932142,90.41871779193171
81.74684238378751,79.96692202215559
102.9151228726616,101.15117814650837
102.14589640972673,101.94976112262496
85.2498789176902,84.29516840782043
94.2922809692752,94.13723912282397
107.49556335669472,107.06170171485778
86.40054638354246,85.4253857883461
112.4754765872399,110.70204905760552
84.01321422086183,81.86402755644481
82.59807667282112,81.7476751073929
102.6394306488252,102.21727628363627
98.18025484093691,97.54253666068941
94.3838736639014,94.02123137999273
83.40018740483438,82.47525953880569
100.06940607816264,99.84234732426732
81.32890587340106,80.30173229002816
98.36776944068453,98.13558345553874
92.3605715112749,91.27748515080835
93.24914492335634,92.60625763846316
106.60904933222172,106.16399482210859
78.24481963976088,76.49700004972286
85.2066704512245,84.0030609874735
107.5423054383706,107.33541883061243
83.1212550811088,81.30753101572718
91.88905680067762,91.28205872758257
94.93446691186806,94.36198702597476
90.87022423563147,90.43584568717391
107.19045975415145,106.89998961999882
91.32563089296791,90.27542959836059
89.05075905677735,88.78368455515674
107.88685701717617,106.52451054187082
81.17815330742724,80.56137038412865
95.5941131219871,95.17145333414884
82.39413807888229,80.37949001442063
93.77875798123313,93.37733712735806
73.51076869105157,72.49696794462879
113.60285766678415,112.97456280759653
91.78954764319283,91.38761039300078
87.5509030167461,87.16896504189307
98.69541635236978,98.09173218307899
95.61020020448731,95.16734980673547
109.35115494004444,108.35064863335435
94.21482441491287,92.54301792097624
90.17392937085043,88.99259161666598
104.37156588417946,104.08208769825096
86.63034718067581,86.27678232640014
103.03802798594192,102.21975237147667
92.39906048110463,92.01218071630247
86.20657181758096,85.35626667926478
103.65607973162747,102.83873696908232
96.90697513232925,95.67748115505869
86.97117005003872,86.41545161511053
103.98331076948027,103.66765763001905
102.08240032483238,101.92372175717661
108.33492430765095,107.61269513367813
107.32099686486964,106.72367534288561
100.76701166253973,100.38761398807651
95.63600002097287,94.88229885611209
117.86728470777592,115.98884222502596
85.9504220233605,84.7963967263744
133.72416400422983,132.1721876572078
102.56644115777237,101.17408944755272
92.04075207235734,91.23715370833298
105.46872379863804,105.28592951803304
108.48033034771919,108.03877656623487
95.19037175731927,94.61666886537793
121.93788957817685,120.30455134488355
113.88989037680324,113.21035523691236
96.68859201054836,96.4004472112352
74.79796548004573,73.20147482208246
74.85228087915763,74.02505476704373
108.60860534518807,108.30737134046157
106.26206681421795,106.13837370085606
92.0240557615337,91.82892180317837
125.19224578576421,124.15902670424327
101.80508150154881,101.477682844331
98.09386592631597,97.53045411457575
101.69149768339147,101.09632529046331
97.45776527751617,97.08559090081313
108.41520464040408,107.74965796519946
98.08212112265569,97.90439893039387
104.89739373053862,104.65978374207594
86.01349950096366,85.4969035171727
103.80436662283833,103.21723258881218
74.6714395518052,73.86862298514353
98.76233233757563,97.15508455145698
108.55305276108194,108.25877567211107
98.11652197513793,98.03401496227423
98.74556656859093,98.54725557618694
106.29622313097488,106.15412309280093
90.22983161922618,89.86085162776278
88.54708687004474,88.19808061213925
83.72513333701447,81.93389675732257
96.57244968029721,95.89058913145352
84.63496090966599,82.58194844784435
92.81360058114998,92.65113332541777
103.62788224165405,103.29264905487183
85.47884365184767,85.05151447794029
92.78634004127272,92.3527832382226
113.4779383342923,112.93376142009258
127.04393884771731,125.39264248629918
100.42911764757152,99.96149624157017
78.2859522340534,77.42307026884085
94.3086661509544,93.9343679652652
119.83373891670122,119.26993469238244
90.27707218022132,89.58024766784173
103.80851814487887,103.62603415449679
95.63951104046663,95.41402457897392
87.46319932618903,87.03486653857374
75.24293881924835,73.52066636495444
84.99423797724805,83.80835104533143
83.80790039657346,82.94187577595032
86.36260182453584,85.69806121258836
97.16014148501067,96.05609751449765
82.60864609460394,81.56414048177302
98.62840355227593,98.36978458111723
93.71730262590908,92.62059432995646
96.82295695488008,96.57759557388722
113.87299979572681,113.60952482187668
98.20351357814761,97.94623521436894
100.38935456497853,99.79494201135098
98.26790070975119,98.06842094464271
90.74656846359409,90.15210383000701
88.23980721166656,88.06402307355036
112.2296768697138,111.04108170444931
86.54068622352463,86.34281044233586
117.40579081052243,116.34913356363504
97.30848306831872,96.94616791354207
91.10075122167454,90.89733204379354
93.28798630402451,93.07781577954454
108.87023461482555,108.61304142308077
94.76531713111237,94.57913447937608
84.47730908408349,84.07665322857405
93.47995382474178,92.8358139355652
109.94106718651574,109.46842492039482
89.5379693024356,89.29091955344886
89.77777034177134,87.8154268126691
91.0205945962833,89.64286758787597
84.81455030990816,83.58723706158297
108.38919580233978,107.81070253918212
101.81436552230598,100.79529123532939
85.7754425749677,85.37376615723339
107.18993497929699,107.0839731482534
101.04917718225597,100.5592619352821
84.61239707835848,83.70346113859807
89.96100257070444,88.81943993594372
90.14008287855954,89.14157072668743
87.85172239522139,86.36752450449866
85.48247361837531,83.03100336237135
100.86994723111893,100.47788130927138
84.93856382505919,84.21184701136946
88.38267202719373,87.43910676776565
91.85881991645655,91.503672864436
92.20644754641786,92.03878690558756
105.14434027938255,104.42264503443269
91.02966124197037,90.16158667992211
126.19797532262179,125.63698071651547
81.250599921895,80.62549494329892
111.35514231240127,110.71841965854854
96.85760293474013,96.52167093331362
104.87459972866841,104.37194770062627
113.74305372995975,113.399510881468
105.73952092401287,105.30406427916684
121.80711373540674,118.45657571407924
113.30404810184291,112.6792965186668
76.65538661268552,75.4820693894957
106.7742297851645,106.60709275476007
102.22034100777631,102.10171154145671
103.63145791677529,103.39863485708165
90.72676130284306,90.26466327160868
97.87486863334226,96.93910889673603
88.73022683016798,88.39165283195578
97.99186934692632,97.60032280995887
131.52007052073085,129.00304849299025
105.2375955793593,104.84339010515708
118.33467613173147,118.05804146422675
97.67861481038018,97.32850567693447
99.68020355035574,99.22021170604295
84.2968632711655,84.04911654435337
106.71849065338483,105.94219875947381
84.71071058690728,84.02960048884007
96.93052764800542,96.6527136301536
94.08615353443288,93.10052385561785
89.3949931163653,89.1155271093594
90.05430680616064,89.14033909501552
89.09694406682425,87.54903618784142
92.3300210453744,91.6155270284186
99.13056631414996,98.18054457382672
124.37573759539808,123.13711059717579
86.62962717964176,85.63695791319991
121.28373631658113,120.62441527663238
83.2350893781724,82.27377956226141
90.64271798834906,89.89362256081529
115.20339391496267,114.5379928586134
91.98992172893715,90.18712050760944
81.16654263677292,78.68508017279582
97.68177329221234,96.6697654493306
91.74731686101325,91.19569206313034
102.80153851985033,102.40510428558817
93.7393349748388,93.50804213018495
96.42878726817494,96.13618172404604
75.32780142906188,74.45990351184444
103.37513245026653,102.51094241794068
93.41058010956618,93.05797802097845
109.7019564136175,108.53640933590604
85.97527897602426,85.19508828212615
80.86603654981698,80.2338120789957
88.39743803410619,86.97462669108603
112.88231867170433,112.47206393790404
105.64334953397807,104.78592752776666
127.51457056827915,125.76720230556532
112.62707975140076,112.17675026762629
96.15722956266649,95.90187349173196
84.46883846134688,84.03933338473843
99.51865498427033,98.59122932017456
116.85715216120362,116.2889104551125
99.82370003978578,98.8923325748177
63.19357342085356,60.981514549266244
94.40155561535073,94.1025852856471
102.5035742913523,102.08882571387673
86.31922634590131,85.9258075259903
115.89658001939033,115.59189899738278
91.48154349698288,91.01592728223282
96.77953851701395,96.23361552872417
87.92255135142075,87.66179231460723
117.46424964007423,116.5787362425707
90.55145082681648,89.50192495045097
89.43034597314401,89.07004907678393
109.28348211315868,108.48422089944773
99.48245122572875,99.09275363267466
98.23199096879242,97.83721666398172
106.69285739305622,105.73960114027973
104.22106601316099,103.28200620374
99.26028065985065,98.38152662479857
88.79509735245614,87.87788582798983
108.22684797614538,107.84968075061121
94.09028721656199,93.82819772875517
105.03135249122859,104.2292522821288
102.66332591474766,102.36509020532758
106.33877611586219,105.81098530662759
82.98883337563602,81.89248154070516
104.99980688864372,104.69178793903986
97.86108615083168,97.26783618746433
120.92754021810855,118.39579270827146
101.37892052373412,101.14398743470137
87.69519614674131,87.3300208035972
78.31285961285394,76.74984597724246
87.00798584530656,86.25569765359906
89.01975976708431,88.73375069393227
87.40112113694796,86.70706332010676
93.6100965024993,93.02997477286692
103.4804389597242,102.86473065662858
91.55434869016399,91.22620158043833
90.25090777595494,89.69959233394302
89.60018177113467,89.2302309121773
79.27697879610524,77.99104132203927
96.10624697901467,95.94999145476376
103.1494887063173,103.00736403739256
80.27130386684986,79.53040986404827
114.27932229431607,113.9446388261292
122.75336737745363,121.54345837264769
72.00354803290918,70.49653369407885
99.06535347152638,98.84096804617793
99.82915594019728,98.80478196905199
105.91042225687244,105.4637584979196
86.39986894572115,85.40821632290621
119.06648316546666,118.52531075929927
93.5179640238843,93.37542805031514
98.07565879589018,97.81994636905796
82.27787170614675,82.02616134267932
117.36783906391007,116.59245958343303
112.30049674377307,111.93836312928994
97.62963128373282,97.07767142306584
109.94512732395918,109.50450369683604
90.39510881669673,89.96536870718802
83.16717582422561,82.26295648981586
117.79650460622484,116.78986835541521
103.42015288806974,102.8685206113527
100.34655834769988,100.19176963679688
104.06449243553644,103.37744101733756
87.4077030994639,86.71421968163685
78.0538909006785,75.28482500451442
100.48954282196812,100.01949158451802
98.65601283513321,98.28440463438466
96.47546378124551,96.15826879336504
95.9641033361738,95.46676176645
86.03987123452902,84.42929916391869
74.82229878810577,73.49266946734687
102.66809662355256,102.43820935139286
103.47734769504547,103.23073121243507
111.95490862201078,111.65381797588742
88.43212243241648,88.10411725440575
80.49735141433368,79.80560351069816
98.73195185321877,98.54242784563517
123.47538278246597,122.21623486624098
89.35488705221195,88.8218191739158
115.95750709121778,115.56203199634162
104.77480724324694,104.27981877351029
89.46136086023881,88.85392233649853
97.33247792920278,97.14848535336188
119.96478918452308,119.15695459623058
97.09367310945993,96.45461149420498
94.13133612558273,93.95654263339536
100.43373736966467,100.27030215316022
89.69774517827194,87.79014474963662
98.55473537349684,97.470893584658
88.6710345778467,88.46231644738329
90.82936773072498,90.59044005545326
117.73973142973823,116.97194555255538
80.0954346644825,79.61643186694317
94.91628920331266,94.55810759415411
89.75185072684623,89.32510166601237
97.58551394237708,96.85269910129789
114.54942173993119,113.86614864154987
98.31325549315436,97.98168115076987
89.68272761423577,89.5244007681141
94.70244580293814,94.0323706991406
99.46167226027521,99.28622625845532
98.66102534273105,98.48975827761366
74.62173329637176,72.11914291385087
94.56578758886376,94.32415959355167
85.9915341807348,84.90305173313025
78.76406262712786,77.28209438742137
93.10440945237471,92.16866164258006
86.52482266361604,86.33628544194762
97.18044603002481,96.80394821093773
85.9705841009089,83.17738497152844
133.6372412919513,130.6654997718574
92.56406268509436,91.97630173858391
118.44206555474152,117.19507797877077
102.31884594271912,101.96464725533205
111.59801117818316,110.63325192516098
88.83946818627605,88.13033027391799
99.5288277310811,99.07490106404563
98.89302720950647,98.40994374036501
103.2369499952253,103.02474616037524
105.42816252442324,105.20703477145193
99.81380055388826,99.33432963401826
81.9534994600935,81.19806765642002
86.10403909773822,85.4023735575163
90.08713693119842,89.90401525199294
91.940956541612,91.53175177579931
86.49185376178576,85.74446017389752
89.89725267138469,89.50659226379581
79.05252213999353,77.98746336795998
102.46034081724963,101.07093547183915
105.03505031103481,104.36032425671537
103.68010456431517,103.32224304852602
101.47341263579801,100.76553492464875
111.55878815272395,110.52303948984328
86.19246618674026,84.63314875270609
89.55088967797624,89.07738253711757
93.08640881173771,92.81060097147372
99.23721404799603,99.15650437126341
85.12085902098808,84.4190402199835
84.56623569285637,83.06739714959915
117.1240951813695,116.63618898795971
86.35605896428568,84.85589524648161
112.19555044535062,111.89785458574343
113.55262098621752,112.52592038219677
85.52514938734447,84.63770201743102
81.28607248349994,80.27912496891305
105.07362253387835,104.75527770717616
94.60102894451096,92.85240070261196
93.65528058526901,93.32428205421377
93.63173557467545,93.405162569117
99.48429760320931,99.1879450659058
94.90896729032647,94.2057448942894
97.51018385849174,97.14741635490493
107.83370454425152,107.5627278869112
103.23828708119447,103.15438734600563
119.26121326767216,118.06605903573653
100.01211033143625,99.4451633387121
106.6238837203404,106.04704327399148
96.30955186937744,94.8719528102217
103.02283307537053,102.52739032869871
94.21593180919663,93.78581180359006
88.42648310099919,88.26481268697692
104.24550517583779,104.17573115249475
105.08882135422915,103.27304486810627
85.80542815509584,84.18957861496195
90.02409782328512,89.22249598823053
103.27572375503141,103.14491109457416
97.2532055737362,97.08777658990404
123.70511721506901,122.25659478159433
86.28794346772727,85.89672437724677
91.56291725456066,91.11808480596612
120.64463270803033,117.41173106032838
108.46293146435013,107.95739576329238
86.64134596298165,85.70994922680114
110.02159880852724,108.9369731114571
94.10878304550191,93.12565484759538
97.94737873992517,96.30748889255301
96.28871266662988,96.13731794722895
98.67493050897684,98.41873086881317
77.51695179799879,76.51482571421475
80.17705340113518,79.00320541604117
102.28587045823276,101.96751656471082
90.93567322552822,90.39067163853565
99.68001966463659,99.5368437436637
87.27425202112413,86.31682304113909
87.78155107200597,87.6235319844942
104.35736961058319,104.19510704456134
101.84810844000394,101.69517830120913
106.56097921500695,106.19974199870241
95.5542618536508,95.13683888614054
106.22950301644707,105.73833671666797
101.71587043057694,101.60662735675199
93.28267004048256,93.00832887297365
77.56895096736491,75.62386216840544
96.88087973437183,96.3337852680583
113.46687006806957,112.53764071527957
96.50935377004896,96.35748667965872
93.98772400023444,93.42086348964351
119.99097858542466,118.90415204533504
89.60152046891056,89.39424210092004
88.15542485263963,87.56588693845616
91.0756634429878,89.97402532199264
80.37548155187815,78.20043874571937
85.58149186471036,85.0943823900654
105.95807561543722,105.1515683637852
124.43373168544986,123.33408159818526
115.4863172376689,115.0494659602697
94.38758650741848,94.135383700463
102.66748053477355,102.01599718586932
81.8677979710522,80.87374351857163
98.75919581556406,98.64322698584145
97.63558694430394,97.24873627433354
86.59155919653904,86.068221718197
97.38805905891144,97.22575029427706
85.08211940382243,81.9055067745069
94.9701067763293,94.29965914581264
88.74225795299999,88.01271490032592
96.49578890806137,96.31316551266545
86.76181492480242,85.80436752135827
93.84547035124068,93.03820686135542
117.3056685713129,115.20394940555491
83.98205272563843,82.55708155924324
130.39679674621775,126.7112966570808
105.94881249394612,105.14491654785789
82.97546585102495,82.16955970757559
98.90498154075495,98.31005665552813
103.28003809276964,102.88783954478096
87.37652115076136,86.78362433453687
120.1539210308096,119.1462984718199
117.90024307315898,117.36962415437897
101.96150991446245,101.30534158488379
99.05623044484375,98.12625666600798
117.35260330274495,116.03528863470507
103.50419094880763,102.9589843965096
107.93296982407101,107.5373129562642
105.61991583904681,103.8901472237511
97.76702570792746,97.54101681881993
113.60771884591904,112.99407195723266
106.40424444411676,106.04894388197108
113.21345765415957,112.7127565759461
110.70131752136514,109.84238718627373
88.4017896494227,87.5789271891191
123.52374205176991,121.77875219754455
92.43684776700208,92.17988348905982
71.99207117153675,70.03760569080316
94.49260178299113,94.14863499405098
98.57500537167607,98.07643872184885
79.39331473967485,78.46274371087078
88.82008082791728,87.61457200915146
101.71102623059454,101.14924508760272
90.53912433087862,89.29099985586137
76.14798628404805,71.94631047866055
103.96771941011143,103.14353627045017
108.46621067280051,108.25697004170068
112.09752330786921,111.37005858115329
98.37234789314658,98.15597722497127
113.3016612438039,112.40157386110828
98.37191861573123,98.22456197638603
93.63694089831532,93.43272632954024
90.97049355793435,89.39682174645431
101.12688297494152,100.66118428472949
92.71334090098057,92.4886269621696
96.36722816224368,94.94449949316746
87.25012968680625,86.49155102611721
93.54271061530392,92.65992801860098
103.29602426287828,103.19824021016656
101.60474155057007,101.06958202787132
98.90848942557453,98.73234729853557
92.38295455834651,91.02167893157473
81.37707755151354,80.29053812943678
91.68691423065815,90.71877612142391
86.72905115670461,85.76704723387464
98.53506254413465,98.34161629518428
82.67544440159807,81.94865012320413
83.7585953915426,83.10855257021792
87.21632556134504,84.47716707982077
86.54200194411989,86.22569673637636
100.00705023761337,99.6606758126634
88.04930989309996,87.80103030228561
111.63867409045152,111.19447621345601
90.58661188920256,89.2674336256726
88.27111928794407,86.86741710054888
90.60846835798698,90.14793060448915
108.91790961922494,108.45534197132963
124.54384977816386,122.75326080525095
90.54400168310474,89.76291798316142
111.35826827408933,109.87209154101794
103.23120649625538,102.84875299479575
97.66973997000157,96.99529452328512
77.56609441362524,76.50203768587765
86.51328240765207,85.32319901415691
126.54863414412935,121.08730612002893
87.01221947172087,86.34841949546758
98.25776064135654,97.41708521228288
100.47569896135856,100.32295839315252
97.05484800769044,96.90563604343224
97.76899975903174,97.32098544818602
104.096698687646,103.70824261747357
92.51028185444659,91.9069703659714
107.99750161506802,106.85206524979485
117.07275366076368,116.79058790229368
100.20920312526243,99.90076682818308
95.53312195172889,95.1434519846953
99.06543109276637,98.78030803555029
96.33418072969393,95.61939289004548
94.23385861721114,93.55769469399712
94.07163849336439,93.41678136272489
84.44059646667527,82.98510245918989
105.87148856162248,105.37849853657933
89.24075468289415,87.83344628463773
101.81344485837549,101.51741675606002
124.73939359005864,122.91753878007029
77.22900893553883,74.60042900110642
100.47627965451666,99.93052265745418
112.24491958411014,111.84723025819336
88.95925862512843,87.40738001049117
72.37943924523053,70.23079150998234
90.57626422744211,89.29226654750207
106.39705375732291,105.32515027498614
82.87046493941598,82.04755624782001
120.49228425487874,117.13343263265013
79.10966085061946,76.4296261720463
89.96427318195822,89.39945111073148
92.26048646212973,91.52405556084317
98.63875487586586,98.49793915548587
101.77276018264665,101.6466210210299
91.47794163156057,91.13144134818431
105.25454368120153,104.42307606981264
113.08505884535941,111.81456897643346
96.25691495825082,95.70954180883822
88.46561763090521,87.64145727489318
96.0756239053845,95.56496827238189
108.81095568798297,108.13230311744587
96.95614993282858,96.75204052457381
93.2907004067115,92.73269307878408
101.21749688274588,101.03302715491795
94.80167214212554,93.11484656250695
106.21457610992816,106.03084476282528
88.17712539120812,87.34599018925203
108.8502488932574,107.13760959000022
108.40953667842184,108.0967903221566
97.31761088943118,96.72199484899527
98.42076976738863,98.24392089094275
84.57238993831398,83.71942576439146
102.00832204225489,101.61069429522729
90.81966520737582,90.70963657629412
100.03883718215712,99.52080600914901
102.83708541157152,102.74585198442914
112.4293855603407,111.55327992855551
80.33824868911742,79.25559250314174
90.43839613198537,89.69649065834922
97.40386085112873,95.82111056039116
90.59373055314018,90.36385669120493
83.78876297142335,83.28412230284002
82.35379094904849,81.89403021064616
92.94606477139841,92.7978065456458
116.96193067506113,116.09272352538827
93.84679691582414,93.59602056087655
98.48053449959738,98.17017800684117
100.31364913549764,100.2344633814912
106.86824190067256,104.01350002938204
120.68706312374798,118.89072109769319
125.56677482732772,123.15046523596733
97.1614399405076,96.87500655669835
92.59845804086606,91.90337869719515
92.57493227242482,92.010165533675
89.3753561797981,89.09681134040723
103.49721297110911,103.3450876298493
86.70415863064238,85.3894114131147
82.54100689107729,81.67075043695505
101.23015312884507,100.84327988775739
81.67321753069511,80.66684734314056
90.21324699921091,89.69434100750543
87.67876038557884,86.93682876904431
105.63330630886931,103.8054651618784
116.66445000292867,115.03925078895593
109.41067441737883,109.11106115628291
86.21112214327901,85.9873223049459
87.4937828822979,86.7585143929899
108.42490341859894,108.1079699622113
89.95527729653406,89.6690371537794
83.67704579551582,81.5694345547423
110.46125361108915,110.11828285704075
102.5921637980061,102.25743190729841
90.18885247061644,88.75372294173079
87.87622598982774,87.1569661797558
106.31023152421301,105.97779071593807
90.62528578274147,87.98900936979996
80.64350581947701,79.20868950888106
77.11156435754083,75.735414931559
96.9861748733311,96.79887879010165
97.05576472236116,96.78429479550265
88.59845584442941,88.37153661960889
100.17968740236547,99.16727422657742
122.72907922537715,120.79580949896457
99.62205076652201,99.41583780796992
90.62904079594495,90.16583004433373
96.00499836351942,95.41927826123333
128.11164562764654,126.82203422635402
93.09517011012176,92.38582214795953
83.83842993788352,82.2514018705528
116.6714002058371,116.02911585812916
78.45139252634215,77.06861580097915
94.48442189704576,93.55406695797973
112.85762306069046,112.38090041477794
99.15561943060067,98.89965912333545
85.47175948130067,84.48309545621623
95.22059052769492,94.79723135654679
70.40357570507949,68.3241297184957
118.42575281077993,117.24299854460573
80.65930738860065,79.9983630189821
108.80747112705006,108.53448272624082
88.53718673461843,88.03082269861723
92.08497378381084,91.27216235315203
111.91589016440034,110.39223580823793
90.04238817941263,89.51791867321491
112.49241345626706,111.77232273273184
98.78186801764055,98.57959659960093
114.66274395868714,114.20521113158864
102.65191408631225,101.00822971168732
76.24787633697285,75.53835043371548
105.68376315664314,105.06284401070519
90.7575762575653,90.12198653917488
97.65587708013753,97.07412911749398
106.04968641748437,105.81514869579209
108.32477325022336,108.10385748786669
79.09429749367509,78.51298340184647
90.71724218607204,90.37358769968613
100.86309633257498,100.39512354762329
109.22503350488404,108.41194949752932
100.52270811648154,100.31824332379743
77.35375933163581,76.37663102749488
108.00083341436286,107.875945462173
94.96633807600878,94.75251331852516
81.29876976616323,80.55065850274114
83.45273710600182,81.26251317148335
79.1171144567798,78.17066978160452
80.32952606747735,79.44070552022637
85.1059785667767,84.39260719087142
92.23531928989287,91.50496307540125
82.4664032660444,80.74314090713571
90.98581435951453,90.71162207284641
98.2682607367217,98.13337560138046
86.55921286237115,86.31378628751453
92.35744726522988,91.53586903569688
83.951079135592,83.59260866262295
102.745862495088,102.40213513517342
112.41323892462587,111.78430007336182
91.88776107445736,90.87270044189755
96.80184717975337,96.34295520949608
116.48948284680209,116.09030239449467
119.27005361035974,118.65805252582584
98.0461639133955,97.91354417477608
105.99979278468001,105.30589727518503
87.88804833941909,86.90575031271209
91.97551031435621,91.74824811255392
81.35702745615764,80.85415633753776
131.0802634764068,129.25845850943966
97.47728145071936,96.16090742303305
98.23162673630111,96.96981478732239
94.43556619361782,93.97755357921763
90.42175945984843,89.99490156091397
93.8877232633522,93.08700388964482
92.47657503287257,92.15692389387983
107.1760367841293,106.69909712408482
94.94504140565662,94.72797395394508
96.046625955032,95.81984164701525
92.4559806399719,92.36607179247369
90.80489850930286,89.58529300269421
85.38769368583826,84.74450958952673
113.96484918122853,113.38738210803697
83.85963412092853,83.54756284744374
91.2265346556413,90.70340312725608
90.33169937070687,90.09886047550458
96.13497850092054,95.84887035146765
110.78020841748197,110.206424847504
87.34040366887218,86.48284050466849
85.67555113962987,85.35712361667984
82.5102837218503,81.37883538940812
91.40065720839642,91.02112554782424
91.29422817109884,90.8665256733451
112.99644546215437,112.79568963520775
108.67182273492597,108.13255624972949
105.67245443085896,105.27573818559839
92.72108550407012,92.41936563337578
94.7886109158995,94.44720761012444
102.6925344299213,102.62049595273227
112.73110304598262,112.34860761701127
107.11179562577476,105.46772194091805
91.80959222554047,91.09608179280198
100.07618203374905,99.81486372040645
100.02243065669526,99.87154396904748
89.82566571234511,89.56341335066865
87.29139186129896,86.53133533008511
117.2533231382262,116.44225690889566
89.05532733451317,88.62016497131535
84.73991466012023,83.91986300240549
78.18751930275579,77.58325007748809
85.09063874369082,84.23867732971046
110.98954902845655,110.60477333366707
102.64479022432637,102.1948798702055
103.61613237350197,103.42473905587042
116.24497078022245,115.6931533698435
96.99800843602064,96.36287201351524
90.4238648400632,89.84262304001165
106.32480483478403,105.41106585074019
83.79040597204164,82.36708669381379
109.31363982901782,108.84471744547014
101.11384999668962,100.73945439847662
84.05249673083978,82.83469008587552
75.90241367890157,74.14557052051083
111.82813155871068,111.32086662775433
80.66782496223848,79.38387048706038
107.6354149626563,107.52186996044664
110.2207176698064,109.93370627081397
90.02524667409274,87.63515802687289
83.4236979543334,82.07149804472911
88.51902204272214,88.14844454203451
95.55750742446612,95.200520897053
100.93571356819879,100.60161880374885
97.34118183968037,96.5564268924089
93.49117418266651,92.32959010925387
86.62995464190688,85.0633299894117
78.59457188071316,76.79330333910295
131.78686397674232,129.50249337025738
110.40323378035617,108.89890163830177
85.17481459092636,83.33292622072672
89.96881423024128,89.47087170606576
75.59123791805263,73.79464399106239
99.234162474521,98.52729455084886
88.29880444581931,87.57291925690437
91.24650383102414,90.77385929940854
110.54450816139465,110.12491926640052
85.53980366119504,83.34760202624602
95.62319020750762,94.79555846434857
102.28607574281646,101.1710522387581
131.24624996099652,129.7761328404036
119.1871062041225,117.74717177184962
98.10620523701662,97.45767549074621
85.2121777434998,84.7160842713034
117.02490228315432,115.82730231248269
92.00585243722779,91.57683972733922
99.86725597362305,99.45829356940112
104.74132884423665,104.58034297977466
98.81608411588621,98.56055253922908
95.71508665762882,95.46916629201438
101.82082551152124,101.61219296331628
91.77085423244702,91.22307565843046
114.73036101122366,113.93681245939095
108.04419508212487,107.43188691279758
89.06648996956693,88.6911142937348
82.24953958182009,81.22651267722856
75.50713856387836,74.27647057106111
79.58343986753457,78.42017033069922
77.75513554857355,76.47471501191123
87.2173786826447,86.05322993533584
119.63146786230217,119.18920837646921
91.9656349426145,91.47722442963611
83.7737161100917,83.32672740887756
86.11922027487459,85.49977416331517
90.39632754149963,89.98647925327195
110.74706757920822,110.3966085719309
91.42961192352544,90.58749229745186
93.59839695865449,92.02752955814013
99.49031063430121,99.2041663907247
89.42279041069735,88.97382462851935
91.52417225821462,90.97956730628384
96.61951343385309,96.09701074515529
84.93235836728212,84.44210312339618
85.96454390773118,85.11958371169179
94.7463238193289,93.58775900903751
103.0655105689841,102.87176949120024
104.70235909507772,104.52774138499177
111.08868818372734,110.3147612892393
94.72324505965327,94.32411834175792
84.34194951160737,83.8542066146192
94.6084141322587,94.2194043946817
92.60813387120287,92.31012579408898
121.90045587740867,120.10110325265246
94.55620505890398,94.16152094899753
89.2734672390567,88.97942742014152
99.48834688625469,99.06202660533476
73.60832686703321,72.00149914196962
117.83381662783802,116.64146422402055
89.26381958514925,88.5968286500054
104.5968995288538,104.15866727145959
104.14073564918978,103.59690039435709
82.67223555934417,82.36113915372455
94.07419844604387,93.67687947040203
108.96427648051765,108.63143855839225
102.47420775135501,101.52747552496808
98.05083978843537,97.69243365898
74.96322401989617,72.26957815967849
92.03489933334122,91.5521175892572
99.76242213139871,99.37231872745097
108.21567592636933,107.88700333689349
90.473318799845,90.24979441485435
89.74717719804472,89.40978666400422
84.94573116782263,83.75159701112352
96.00398983701447,95.21095001067856
89.9280300445018,88.63381442802397
98.95816834392792,98.60403927649602
80.24508287995535,79.60067287741113
98.34381190127164,97.73531705429352
109.33878322118109,108.69051851025633
121.29144976400714,120.7579583546278
109.91762607380353,109.80016845041992
114.89695935797322,114.29020911710693
110.41572601435779,109.61079698890005
100.44111721745875,100.10846496630829
91.36078586834896,91.24882977280693
98.6098049894529,98.4629266960022
89.50600417385813,88.97425486238149
95.72119515317365,94.82793611058257
112.9329241067141,111.54108422193627
106.9076050290453,106.78187546572515
111.20508363211546,110.58715705891457
99.26483926165346,98.49914695958711
99.7245107717164,99.27922950288139
102.95327581177261,102.76218667738425
100.95189593770051,100.3026957182675
123.99569789471117,123.27274505266763
99.43731276768023,99.01352059312879
91.972946883143,91.62692906556795
100.48780200549776,100.19714723647883
88.64928660987509,88.1353027480674
110.07194187145689,109.3798873269539
84.66507115073009,83.95872708385353
91.2340040921062,90.94979235395182
109.31071249234132,108.3389810449327
103.98571426477346,103.68431495179674
98.54356472086175,98.001410915279
100.02633668446607,99.58559289451473
104.38826237889901,103.98574525378409
90.01619515833536,89.46491731484593
98.33392589933398,96.85941886351912
97.64975896102557,96.64053314416617
95.34943925267225,95.16868277234587
91.14240112708715,90.68653007099543
96.84194582774936,96.1128929268871
109.25795401938221,108.7778209149309
111.54514458945022,110.23264982447122
105.52441648314404,105.3641350663942
118.54497189499631,117.49084832214746
96.92031175911312,96.27705441487099
97.82566468233908,97.48972374110342
113.339927935973,112.68891289800709
118.79304632261054,117.38796823288334
87.36622874883932,87.15111161842545
97.14700907665839,96.9390785440742
100.9530661618964,100.40775406151913
94.1489069042112,93.95038971307396
95.13077921069544,94.70998754362522
98.82571873814666,98.7083230617999
91.25554851595528,90.27982779730951
91.23742168920475,90.78887843843829
96.8080067577697,96.60969853581777
90.89635627504634,90.67601058588916
99.88825615949091,98.97759045474218
105.21878412739335,104.6397041252097
98.86693643031793,98.42896871124205
108.65140016583527,108.31681262391896
99.84670398149014,99.60226333506255
98.22406751550137,97.23943936046379
97.9399086331975,97.76554731549903
98.58141151067183,98.3423007811083
95.97718102724754,95.84233433042499
103.29250333919157,102.62266882659874
83.59223589693627,82.65378735827812
88.6910686182187,88.19900595299247
95.0311878897693,94.25444258281303
86.9218900621044,86.72877566663435
106.41825160640619,104.7504656863987
105.31495095585821,104.91947407985609
91.38141819825788,90.81057025770201
95.02406498385,94.7366559545326
101.42172236585111,99.69744101965662
86.02392892379348,85.52807479531862
104.82172714885753,103.86523231628608
99.64905991353098,99.4276265453433
78.20878646600468,76.56344661789497
109.30587232602953,108.92260128238169
100.74735312214646,100.44336419104219
103.38272208217971,103.25979541159178
107.14073143712233,106.87181986183084
104.94986661152534,104.6320456404778
94.016922232756,93.35127452630005
97.18042677540164,97.01869562285582
87.7853073754338,86.22280381366345
92.81020361474661,92.13103706037573
93.7798182339107,93.47540258908141
103.33394483134005,102.89875976455768
100.56451827624888,100.26736940465601
99.72274983252804,99.57296057774185
90.77711974412406,90.35878792489537
111.87456785252888,111.58758180897138
73.31537521707648,72.44088770317778
73.40661737472522,72.87286544296816
94.934591116847,94.7968623221045
104.22438155979248,103.98518064549417
100.93006179505426,100.72799072002606
89.59027556422363,89.3675491351116
95.87901861461607,95.06940149765047
89.6291308924576,89.30015906595158
95.87099515696225,95.24231382757024
91.56424047869709,90.96969550723551
87.56961062343568,85.86115611703575
102.71801253851226,102.02504778635141
106.71575654226098,106.27625193845194
92.94289357020968,92.35104107452082
93.822972735212,93.41285730416092
102.70915985209881,102.36349163077026
101.92641405387002,101.50962133096921
103.92818082391176,103.73465755602696
99.46795637332997,98.88855423622435
110.42476769419675,109.8746268537762
78.22159167250274,77.4273734624606
106.10889884484091,105.8330458940366
97.75904539673212,97.35161662257353
96.10427931762172,95.23940443767661
86.03747439464158,85.56266982921262
97.88509576309772,97.55092990695339
102.52534666699582,102.16889797290078
77.12622586825594,76.24871110259068
96.66971918719265,96.20768236178922
117.46529616314665,116.51197429091754
72.53526248238649,70.89769996069028
102.09218971409285,101.54269959649592
90.06911578015374,88.95428163640288
91.25672894342169,90.61165153882332
83.21628998525263,82.28276785280215
104.02260836521765,103.27787696304493
95.48986143085136,94.8399680895343
107.967497353667,106.1524924405552
90.1168915912352,88.9519130006069
97.44522982939068,96.89594935572227
101.46250609171277,101.30499924250614
92.39805206183019,92.12709718170461
90.35763446990916,89.606565640927
98.12843195315742,97.92440460547996
101.1607583043253,100.59090470650486
105.44027965982765,104.7193244050057
107.1745933426001,106.8805835038836
118.02967281626542,117.25067513975486
100.5856288973824,100.27126244490888
111.6197369787586,111.14061150608484
126.45051756986882,125.36472480058359
110.27342846238955,109.92525181300272
93.27751694971015,92.7730763523174
101.35205661324035,99.66881178951941
101.89743852783108,101.49122429196163
88.57722222361386,88.28438635023677
103.87994847680432,103.47631357612268
89.00761197973506,88.38893654075709
119.92700092102497,117.9920114911782
105.41744825803985,105.07604549885372
101.19205043765544,100.48506530630516
88.35426787843893,86.39204511176015
108.9373882005325,107.5331947596935
91.92694662392691,91.68759583550887
101.24997397087289,101.09303302895673
123.8117481812862,122.7334084339424
69.50335546914872,67.58602880377012
98.70464611584593,97.50438881092595
101.24201212904472,101.0068527607633
111.35071472541412,110.81998657234175
88.11360459546789,87.79577244747504
85.7055521036154,84.77764503135937
97.31368436026828,97.1042795142437
85.39163458816273,84.93450074866927
88.02806971155472,87.40632871871354
93.14135887481689,92.11816924726735
94.0093874391839,93.22344684369544
102.45699373441144,102.23837701912709
84.24083440270032,83.76083103706031
98.19955715036947,97.55283302697457
81.07406114806169,80.3347111445231
118.40157428517334,117.68433780983476
83.27999389813995,82.47849865300928
98.29655342205331,97.94433040392626
85.12088091298432,84.14881669653701
82.22688521859482,81.49212043241813
88.01513230395602,87.43581628542806
90.65083097212208,90.04691962450742
101.07163665275641,100.04219787062374
99.24016987192608,99.03395260231275
91.42070091117382,90.82353359368072
90.69733833938824,90.4056755440053
93.51238348015923,92.56620688664606
87.57275761356925,86.83085957669375
90.57890916349983,88.59280080800063
106.77262343324351,106.02925074364747
95.43108196598702,94.83256036733499
83.68492301714808,81.37317314878615
92.98941668001747,92.51581968859975
95.53715648230482,95.27330639727943
102.473457371245,102.30255337956127
91.25249374799928,89.35549009916065
94.00730593329995,93.80411605296804
107.12445522820612,106.72499522739808
90.06207228077216,89.73248196289724
98.81028385306507,98.40006721071668
79.01513452492308,78.52162428463323
82.64056858454012,81.76671088261661
101.41992784657519,100.46647073180004
79.57859229267697,77.99867841995528
102.05397511448777,101.875086988843
87.61780429441285,87.08151770508988
85.70023680100812,85.1286127311066
86.96142413452418,86.52873535009913
84.12236995264212,83.4513165534608
102.74909810078506,102.41466007882602
98.75986112565757,98.14367247647594
84.32757852093158,84.1129235467849
103.3394224009714,102.8068097246393
96.523406626901,96.28437304330424
91.89974187157408,91.66497460652117
82.14475474623083,81.77597286884226
102.44184449002925,102.26400751925631
115.24400532985709,114.39720549041301
106.6497320265258,106.4788296062167
110.96775430369026,110.14746483283697
117.26059909062238,114.87962236437498
104.4923482954401,103.77487345480584
88.69314525942762,87.84943388020287
115.6700061522277,114.42906849089594
111.43441963951966,110.98510774877182
102.71704040096091,102.30113508550055
113.32315107628573,112.899314169691
104.0561226835111,103.5371775394051
98.61634668462133,98.41591252150411
117.25357812972743,116.27388897642683
109.5534721522594,109.1497696848526
104.93485035876218,104.5423103219107
86.81253728057936,84.90251629815766
106.88609659313948,106.49965030167704
85.60772545696774,85.35165700027085
94.00948607616226,92.86245818181669
94.97771541179877,94.80782200659387
100.7893051078608,97.77740575011802
91.25016819822798,89.84111741037054
76.24690970081586,75.30252616171218
83.15118525168091,81.2384538734728
86.35770259572995,85.47262140713876
94.74281008981305,94.36805968740173
74.91205446726009,73.69694072203185
91.06799004867344,90.39650013466415
114.97118127252836,114.7136088791497
112.9108098586987,112.23742601092657
103.84502838354025,103.43827410866935
83.61289403650376,82.8299249521009
82.54475786012901,81.17150627421495
105.27694023122153,105.07652403892546
86.47272788821945,86.30292758262013
105.34368308580616,105.1262305010112
99.06261051476721,98.78465588226871
106.86721308008983,106.52286039201816
101.95727909003898,101.43889235359613
121.97175559215793,120.90926230739197
81.53970250920356,80.57718341062406
88.83426235725673,88.19345071751415
103.78261490021039,103.08550521703623
107.97598587469135,107.69243275048804
107.96305749547705,107.50323849222177
81.16589194678721,80.53918339043629
96.77620831183668,96.24313807671442
102.9763007100839,102.87945993763175
113.10106078244488,112.27032151581379
100.53915659256552,99.90804198739566
76.57005034302017,73.12446159118863
98.01587970055503,97.88292184720741
100.56783579329101,100.19157127141858
86.34229240520057,85.83429043720173
100.05918703179958,99.85624970425485
84.82028515304373,83.70735528204224
94.06985715296915,93.7476684964845
77.1335966977353,74.7628539212868
105.38636343733178,105.04614306766325
101.11862965699112,100.59127659128576
85.74660537397281,85.01442038018168
100.30410749288589,100.16306477191827
101.20964036437135,98.75438054294592
97.24432215016644,96.80437251600586
98.50100828591127,98.02310003477544
103.14875846146374,102.89432447059036
95.16811233269567,94.54830506569581
117.95774617141342,116.02491091074428
77.70185482044849,76.07899337031753
95.60643956517028,95.42713613666203
124.0889507339116,122.70072367154187
98.96142330323359,98.73841818090538
100.6408534298615,100.4478074254684
110.38332819076298,110.18604250238396
108.31518275768315,108.01217333576443
103.58471101473637,103.42837379926186
98.22963912060902,97.62219962627691
79.57997397193125,78.01657625529336
103.13111117650732,103.01516494456135
94.31833182440305,93.95971472896555
102.23334289120393,101.73534127745648
98.07360484889963,95.88383189038007
108.68380307690299,108.46512458858109
86.84292702306261,86.53916882905366
105.57542479127842,105.28130160886056
90.24518360123211,89.99025987037048
102.04952420397615,101.94064694531512
113.43335454070368,113.18937069299916
86.4191307782453,86.05316664558455
104.04571851720681,103.34137078070545
112.14105254902485,111.35912449477352
82.27482874896799,81.33503432776693
132.27941480474692,130.94820568437262
106.40999301365986,105.94728525637805
99.80119492380591,99.42238283127544
87.7725490161239,87.21583818200799
90.17638884440179,89.86467852632262
86.18557334667172,84.68105157170928
103.7183102287304,103.35577051863632
108.06473749014023,107.73527067733966
99.87455063310561,98.06617442486612
81.7740748782892,81.21779636319877
105.08133771162971,103.72729766642198
84.787076598991,83.5226241546806
104.59050747482715,104.40561063483015
94.72455711795718,94.56956645462847
87.5846418249634,87.17508740421324
97.19906525206058,96.82289549037145
100.34443207287383,100.039127755035
100.65716742865048,100.43439105383436
97.04334406861794,96.4159629947899
103.97979470093412,103.85810277811602
107.78396932240436,107.27684683069613
100.16063836748631,99.70157452631794
104.45372752682438,104.27308713920183
96.71112526971541,96.44389307226804
102.49661851244247,102.13764616158164
86.53513590410425,86.16428392835527
93.96726473445163,93.88762420985564
86.14385867389701,85.16724230950132
101.0784043946795,100.91135569507618
112.96466305552481,112.73379023174844
89.43907459808356,88.17696862184413
116.06659055137152,113.78623949336786
85.61214337948931,83.92596914098091
95.65222260512306,95.44598879222231
97.00851737947988,96.09660833820939
95.96646944831073,95.52961383234646
92.40747696308192,91.71584431886141
103.16816317823316,102.67556855025525
81.386254951093,80.82184965624393
104.97751232318804,104.55572341671568
98.30665202931522,97.60515444409057
115.97684444798865,115.0584433797221
95.99594569264224,95.23920679609844
79.9518303911506,79.09532835115562
94.73037429395136,93.86833643130421
97.72335545435973,97.48446799565521
113.36656519320057,112.94509776160962
103.94947654460684,103.57747550853684
96.03224990254326,95.50050032478978
111.0321315680426,109.75176114290466
84.7900715329989,83.71293905839184
93.5631318875929,93.24774925605799
99.1998041716334,98.90931063758737
110.89938601815611,110.6494307774812
99.26217017329775,99.05229403300036
105.80838279849154,105.2339128105462
111.62356187174099,110.69359200891866
92.27344404209416,92.11291528802201
87.88869404924922,86.9492896785001
90.01556361889477,89.44948477318913
99.75629247053726,99.58268901167158
87.82998230867055,87.47114068901269
75.43051290510215,72.6038768217585
69.7920775997531,66.939142816583
89.0541746344791,88.82009369944493
110.65517234310397,110.44387374841861
90.50948407533703,89.41114160118599
106.22434373696646,105.87584424413151
83.73566143275926,80.82148048597632
90.26332222274584,89.73303242937254
114.66055912518472,113.57697126096204
106.09190417345579,105.64983921878861
88.30727112888299,87.94786649573253
100.58832016385692,100.22315372152727
85.55638296658401,85.04066451564556
111.03349121465786,110.88181996475615
105.84890380762978,105.46505178424336
119.31007700823575,117.67076238402913
82.81170104951445,82.18637084859272
83.89567291203657,83.4444015663481
92.526558070831,92.42858722638425
88.28159875422075,87.3689306828696
93.24422771822537,92.97306607274125
88.23100200229953,88.02600957410336
86.6058962789194,86.29080630792673
99.23410864257379,98.86431496079695
86.40694444350758,85.66322409001609
95.79833852766428,95.3354480999157
101.30885097504695,100.56078593357846
80.05335825748769,79.39375775779766
87.99005006231283,87.27859137234948
93.22150237524562,92.09400523901942
89.73501090047449,88.79408464022018
103.87042432537113,103.27216971024978
94.13698652742436,93.30239355146603
99.62307517333426,99.42161984193437
84.51061507136026,84.06449068072033
104.81510556972893,104.51134960746288
93.04541068644208,92.88150983004307
96.09801191031207,95.91094081774553
106.65098816077469,106.09147010405039
96.52246280238849,96.15307227474446
95.47261433736925,94.92618156610276
91.46369388388428,89.81324059832208
100.0873326711017,99.87408866745957
87.48709416575066,86.79380574609361
104.46499743847933,103.93084781929488
90.5909404030429,90.17757463533411
94.75889303157359,93.90474576361463
125.48206685590658,123.2811823818197
107.99731111460504,107.73021604782423
91.63096424950176,90.90128525905384
96.31661091291298,95.82957393895366
85.73303560892126,84.66271549358792
91.19881022066153,90.52957274862098
110.0415935568993,109.28860526849982
89.47914000959261,88.55149962937662
102.32663362628345,101.78397212530255
100.26360508091143,99.6445733468053
110.37631776429146,110.05932679246216
91.58336879849683,90.98800171318311
97.90838930571167,97.63549293777508
98.51041567246789,97.83579362595442
93.92161301505782,92.2451817190063
100.12989467592276,99.9026574952813
103.35448171286298,102.76665384882129
78.32183895970935,77.00601538788321
78.05201207787798,77.39575078772477
98.86572102737459,98.62719710706274
90.10009461413219,89.30646293277695
99.99236589492673,99.62596283629108
89.79745620013622,89.53070778091825
89.41847584023999,89.1639921249944
99.74469626851268,99.66982281525642
80.43170031658529,79.57031142152826
129.4749384483647,127.08257611641586
90.8009287605344,89.39537353478315
101.96517069534303,101.52356006424924
109.78811442313234,107.96125790901523
122.08374581228217,120.68307412809311
101.63714107248114,101.21218464237383
91.82635869380539,90.91693729164689
98.26336570047482,97.8745982915639
97.70753587416783,96.35720057081166
90.99948804284786,90.62251354011778
102.3906989981539,101.5798684794545
90.22488959811993,90.01763715395278
87.71728012584816,87.25378908804183
105.45753412852305,104.90616946894608
120.72137737489629,118.27879720591532
86.26287200115375,85.42272091061349
89.62770632028509,89.42414712028037
69.80743337120943,67.71319104396653
78.02844717197549,77.4055680286959
93.86105509048325,93.52253624504053
78.11448104788741,74.02056344100136
90.22515922841527,89.6141823686725
83.95385855341266,83.56200567706793
93.21812259567692,93.02662592318627
100.65866328668136,100.3760923330721
110.76430633313338,110.47006181455497
93.62537436435417,93.49738215245394
105.94723639640623,105.19896828824507
90.98700826346406,90.77970809504855
102.70686146930413,102.5712923363432
101.61290364385097,101.0166318528675
109.27443229548356,108.77009968462475
115.22567879995663,114.30500442087109
85.38197594421568,83.08061174124188
92.60632822051878,91.43934141060696
105.8513413718207,105.08894201957379
121.64148283392277,120.30000390279771
95.35589516560627,94.85821762954191
92.1288634108383,91.66832444975374
83.78744651820891,83.28150478901613
121.27889977665556,120.2127950401852
89.09141660011944,88.18646406353965
121.98282413042858,121.14714689386896
104.16082295089778,103.7396726526838
121.72537151007458,120.3865679658578
121.64834049608244,120.79369761261843
123.79640677193754,121.42636895277403
97.98161771409441,97.75410279952905
103.12185820929844,102.80482854472972
104.60731991816186,104.07376852419382
87.53991271887001,87.16674642635714
90.65621727770822,89.98099030339941
94.08400606239205,93.84266501668988
102.41384462286213,102.23494913240008
97.97849249885519,97.4215361231441
102.4721554106288,102.19633557412297
107.31216869239391,106.47327365726835
103.22145390943058,102.88135058955883
76.78769400711285,75.57924270368157
101.78609351924999,101.61463635677978
101.63831143810884,101.39987681804571
96.04958145417042,95.58011475081001
105.05818498532182,104.76173560643733
121.59332047695968,119.87573680897803
107.81312691789286,107.50837068066886
98.9804449987672,98.45279348153392
126.02637745029031,124.64977722114166
93.73881851933898,93.31804574528196
98.94455542026257,98.18313764404131
88.67966333864584,87.0438066289447
92.7872676748732,92.44023924169258
94.23006774142803,93.38052932349868
85.26848343271355,83.49825069412343
109.88654103100374,109.6141515549661
98.47224613720873,96.59859548364312
109.45123896054905,108.74366157293582
92.71196334616397,92.10941167393587
81.31726983545778,80.48918756892729
102.67185883431357,101.70776700015674
91.02587511450864,90.69983194776907
99.44799596354174,98.0219256374718
112.31073699837049,112.06756280456163
82.28273347801665,79.63101041495042
85.68128990605594,85.36838991192343
93.923006446736,93.67469330489487
100.28909312663023,99.97594304841853
93.12578077927202,92.07384314766229
87.82579575579021,87.01754202283814
95.8816512727789,95.14472315638474
106.44475920673,106.29389081081425
97.76260262577452,97.51182471946098
116.50265199167762,116.3115707713248
122.44387463652556,119.2953734007534
97.09701749311878,96.70796789970376
87.76983474072358,87.4453119494269
99.3569691095393,98.9007789038456
89.54706621919702,88.89560436044096
102.25925919445713,101.55608462311869
80.05543837612535,79.66293698290053
76.98024695033776,76.0148156394937
100.08366665241516,99.56757588544859
99.06672965679256,98.82435799570823
93.59908364568975,92.49208346808159
99.10445213715826,97.68922422486013
107.07849523401464,106.87645425038474
111.56684840373353,111.26328835819754
112.41528061214098,112.09380690259425
102.18022027999773,101.61982786812524
94.67494551096243,94.53480969964386
86.09138747685847,85.46738725760281
113.2946317508195,112.14767322763252
103.53181842867693,102.81317783128074
108.36767620446993,107.0127154019883
109.97640873066626,109.15019939284072
92.28836676860924,91.62164961176828
93.55103307308053,93.31434148159879
88.32114359589157,87.63107942228615
104.27425769569838,103.47747094358142
80.372632619122,78.61836576094059
112.3117332076801,111.69307464757021
111.80966779331406,111.29245551884995
98.93709619153631,98.6116336246777
126.88380838051793,125.74156263572804
99.18396562480157,98.67394099431743
95.4346204112757,95.2370376237463
87.46706285461934,87.1759983880699
76.00058606868552,73.88185319863886
78.87230094629112,77.75911241448988
105.22852477470036,105.01758215904819
101.02738215161038,100.25016658265845
116.64998901681294,115.81701541175774
89.61563162342436,88.78199784854941
125.56955302568589,123.13030640557939
82.55392330021965,82.00719631939076
115.7226511275485,115.0445232116262
92.44919872194592,91.69345097721384
89.60318684566333,88.89657040184369
106.0052916823307,105.71195332625346
105.52637128558813,105.25399139371932
120.64569852593196,119.84211617485869
76.65529744055335,75.88001453820459
100.30596913069881,99.78177916963101
115.15690570258188,114.21070678243268
96.44454334637027,96.24344895984225
97.66194280204398,97.49989821094218
111.96916563481214,110.29238660202058
86.894054479407,85.97907105039127
101.57519373259017,101.13400429506926
100.08484730186028,99.73436754036645
86.3327130082502,86.03445161644619
93.87917740587869,93.19116823555542
93.58882074208177,93.31245684101188
119.41699790680255,117.60292301468293
98.65728966833096,98.3462757240575
96.32300776565202,96.1910834636243
95.03748099021061,94.93330627490887
96.0497137632829,95.68770931055708
97.93077046261531,97.77471627814843
93.03682019375408,92.8027827426707
89.36658712163539,89.14650053666375
102.94110212667042,102.83017547887968
110.31335720285965,109.72432347993895
95.09275865660783,94.89173832326279
85.22113920310811,84.6432421685301
94.53514192122098,94.03407782874085
106.94841473525612,106.78138220870905
89.30601053871038,86.94109048405576
97.9837698106746,97.33062039816957
98.80432899525027,98.43526990415597
103.10478611978155,102.94175938816745
94.38210646346424,94.1147900718315
79.17025707461457,77.69364990898242
106.8161531941364,105.96427202284413
85.9564108338047,85.14345488629621
91.75188933102692,90.90084583443304
97.9257845598875,97.79129365939353
112.57929167880407,111.76751021821967
105.17736830806327,104.4603059201453
93.82970002650237,93.49247422921816
82.33048288141443,80.29272409245007
93.13831263168346,92.35679861679503
95.15223488127718,93.79259872743005
112.30107225293452,110.90344238997504
91.75671872602904,91.10668426910622
90.33422576703833,89.77525665889218
93.6015128450569,93.25527378246036
97.58880368349963,96.07222344497673
92.9139432250873,92.19086045041358
97.05425633171518,96.85564431572175
97.78290442387718,97.69285064143048
100.7647437492714,100.45400242014405
94.89593813502623,94.66810490840307
94.53413247764529,94.28484302324276
98.89365192517269,98.45810203363126
90.28374874428384,88.89903216530125
91.59477664219241,90.93556085017941
95.58835484203986,95.4233347948533
138.17266386759968,135.28647896261322
113.05238758833406,112.82872230903189
117.99824534582774,117.40174522975903
100.79737580854537,100.33042388911382
105.34698418357092,104.81184562258956
75.76423681111629,74.0263681999926
97.63734352082716,96.68336752615157
100.70368711448133,99.88269418122569
104.38624081247896,103.87066150559569
83.79207899475203,81.86046565287863
99.90036177361368,99.14290424470238
69.47942192776942,67.6800857624423
84.47796410899433,83.86496761599055
111.51829060534892,111.08437937251156
110.17203417629916,109.95889931730697
129.91715940439508,125.3605801618738
83.3837795804675,82.21046430847899
79.49509776941457,78.56178140495469
95.18157971011125,94.67956470884721
89.36674491659193,89.09493788055799
130.10332107200372,126.42147705565615
82.60061507748861,81.4392736200848
106.40457245776054,102.83330548352967
71.02703852321538,69.68450959398163
95.51015882844521,95.30999508519871
97.29018060226514,97.0840434160915
115.74205529534692,114.80465909188676
100.92372847673305,100.3641573768372
88.74533305415395,88.22311855922219
79.82800043772981,78.60531114731512
83.19605613715014,80.6638651036867
71.42508054118177,69.6573261161281
87.13480653606075,86.71989195920665
118.51904918186102,118.10789663097519
86.58628672350616,85.99097648160735
81.71727404439709,79.55451119311154
108.32940462743069,106.79410030007882
102.19968227818369,101.92109853634908
105.42421796922956,105.1678495780564
122.94923394798916,122.00433619835788
97.89400947558028,97.6318960644589
114.7907802698736,113.78211078280124
84.5190212528654,83.35280642942567
112.96446820084054,112.61230319301119
86.75441726853926,85.71909293306273
86.88663753981675,86.25457879451262
118.37714828569149,115.50882841626479
99.91717962121936,99.18052811292662
111.63266315157568,111.15331136943422
73.74557104291551,72.67974032010575
93.09170305394912,92.77018812868242
86.97201721303614,86.55464132232903
89.29380634460065,88.54112023790613
88.86826524852475,88.58857148143728
125.87482271369043,125.03670519947548
91.39567588760622,90.66807050129705
98.12263672755975,97.31897610557607
101.01661378880954,100.10878025239381
102.99535587444716,102.68232171626475
94.05268252936314,93.6844359761472
76.32479496882101,74.15925508614484
117.9106164240016,115.34823025128973
103.05834162629765,102.63527716733199
79.23427800822952,78.74836153024478
107.43054187082123,107.07009756640801
94.33989273343795,93.79794717264257
84.78539839703424,84.4381872820784
104.87523162928689,104.66144016338927
95.53533267517915,94.97147150761187
124.8741134505083,124.0309643816429
92.95440319941525,92.72802982886256
92.88419952100894,92.54782182874118
97.25946446745333,96.87267412366242
93.4831998445623,92.92561380254925
101.03254779803105,100.73672582260178
82.25651192486724,81.07666356981528
81.69686843924839,80.60568829362963
121.30877171711474,119.66771440719032
101.45540557424309,101.28691159115512
94.66138763052248,94.19311453181223
102.57583946819382,102.14736821848591
93.1753055968546,92.89239112093061
105.42085665474559,105.06973937826949
81.39881250769663,79.85870099717472
91.41861753270729,90.43708529086614
106.95402721772605,106.82989136400981
86.6957539066561,86.14871742102679
91.3038504652299,90.3344744714816
103.69223142442198,103.38360955212431
108.22279840234523,108.03377340535476
94.38923552491131,94.13694567527996
99.15424902826425,98.66318017449476
106.50512011222591,106.0138000166446
95.03994335619252,94.70200807086896
126.8179169781204,123.12281862727606
97.60232172808792,97.17510753272835
101.05929452809204,100.92292521011701
115.60920226143254,114.6943259462096
109.45778680672395,108.03737589407886
90.9861153473995,90.62548811055956
103.17452272691575,102.94055941445625
94.65760155732663,94.04943096089164
92.3474134986233,91.10905252863971
101.70932511705107,100.92291144557421
113.08886321074775,112.7652983807251
78.74601560181438,77.12118854462739
79.71324722867112,78.29962841642103
83.59810196806866,82.85239779296657
104.7899832112689,104.65248041098573
81.02550406407272,79.94519667310769
98.78169194128397,98.23670848081323
94.16179769989326,93.63784435449716
103.37169950951778,102.67841136376899
103.12729051311206,102.91682963974553
92.048860318617,91.57752800950614
87.24874365048555,86.71934856888859
87.57928700348077,86.81807847467962
94.57532735752422,94.31085607260823
91.46459436974993,91.20721442424185
86.88717785783201,85.6939722735362
97.19984151050356,96.80837078914773
96.66139444538332,96.08083083833723
93.3898672739806,92.90223772085201
105.7935384877997,105.27014752050658
75.60093960157423,73.4299017806001
101.42923710928739,100.96162505567398
106.5315697750022,106.1038448421038
88.27328264192512,87.86798022337973
104.28529524428478,103.99882689221513
93.07422341232802,92.69379018343727
78.96650240453538,76.99993013298398
97.32748818303133,96.61085914779778
72.27798511115927,70.95481344790034
111.93047731631505,111.37907167617918
94.49611370293992,93.76871892087219
93.04102654844588,90.89079205823234
92.5353262963926,92.32410356748704
108.35236583519423,107.82935197407505
92.9476629506887,91.62964282926677
89.23912084676087,88.78266299159282
95.010604162637,94.58507088281154
135.87226554846416,133.46210802462616
89.10604918691668,87.90660125081914
102.95492148359259,102.8154467392969
93.13235715132991,92.85093080326016
108.62848235361686,108.1064528333155
101.30499226195845,100.69708912893604
100.74940553111834,99.48654670807933
101.96465164577144,101.81895809551207
103.21907107524893,102.61606896413572
84.69449681673026,84.47504633679956
79.59892257150305,78.36569574277163
90.71070407771192,89.86136804669582
87.20599940136687,86.15474290002507
91.156296435422,89.17121295833441
78.89319020545545,78.11721717785807
86.01303788912765,85.37392623341842
91.13389490103548,90.74055092807303
125.45431828958357,124.12824740252019
91.48020859086908,91.25300746004763
87.30479087371478,86.84090594276044
110.6855559854404,110.05560275843008
76.31002852991533,74.05951625983931
98.87200012569402,98.64598068623998
93.25966672298655,92.89359299815503
91.98102301907025,89.43878146445901
106.90609178309309,106.27486095343771
100.24077380930393,99.98817123891797
77.74654477164304,74.16567683929027
87.07961758086178,85.89994827457461
84.2813737654002,84.01932151369189
102.70010096694622,102.49758176220627
76.88882571982562,76.25682970664681
98.40641096423752,98.09134097096644
94.92816370748253,94.652126849936
96.56884799369593,96.41368864622794
89.4572549175349,89.05521376968933
72.83511420812869,68.70356349290353
92.53548445016511,92.11052590616279
96.88056042298922,96.75612168778049
78.85458252382885,77.53249264762498
95.68394948207994,95.50888568438386
92.83909028229185,92.6774809948473
103.65231748755923,103.34243373870191
99.92928721401093,99.58992706018364
94.93547328783346,94.45269146522335
95.73535712238316,95.62650546394178
85.4564028414973,84.42493983120822
97.71618817556289,95.8826234747365
96.07993766979827,95.67197516822154
82.88122013417596,81.3862539908243
88.39623045223654,87.5778848952456
93.32604589258395,92.30218075243178
98.58284691282455,97.91012073764671
74.05471127528092,70.41948773087165
92.8544160890132,92.1713013767923
94.68994149365331,94.3579281815607
97.92335325909012,97.63340246440308
110.98008873249282,110.2768506209251
94.20478601911255,93.72484828131897
92.38580381897386,91.57689781681044
94.75404204159982,93.50720869285752
107.67959023445378,106.85380528590781
106.28222868408257,106.00071579641907
109.91280275454716,109.02400909499306
106.25839281355569,105.81460999593992
101.24771445258544,100.90438443201512
82.27339008324647,81.50940663533223
81.54087193932678,80.56031220363917
93.54003166652315,92.79493425563382
93.06453858656745,91.06286214606138
90.77649545765819,90.12862935679156
90.61564904434265,89.88928162880738
119.83342774898887,119.35892236575697
104.02564837536531,103.59967689348689
91.56610092302428,91.43176461833383
91.6014895139702,91.28328152894001
93.67329301260564,93.43418040247006
88.79553043251458,88.40487296967956
102.92571454740887,102.7400698785141
98.13439072432134,97.86255957024697
82.61888494832769,80.44608893830049
87.79303887540503,87.50971002090985
110.44533031193625,109.54509785438428
110.55956250546018,110.12355612104228
93.77982954699131,93.53136866527213
85.29209104608202,84.84141858007472
96.43626542633656,96.28330450908527
98.9953242871928,98.0500917511743
85.07344269963318,84.34427347318629
93.59920146842927,93.36302487652414
89.2801999099473,88.66369513567325
102.93875764919623,102.77182833105884
87.38971448992416,87.22673331419793
77.50607105340126,76.76443578927568
95.40758957654681,95.11814233219056
101.15026883463372,100.99052293047127
86.20507108442635,85.71722130603005
112.34307265493862,111.40734463186092
111.6483273769366,111.3000437332732
120.12302875613756,119.7152770552887
97.22345082088225,97.00317396712067
85.49450945388394,85.1473062355712
106.37618254055758,105.96534051571068
99.88352497343398,99.51089592647809
90.15346659873669,89.72526328517831
83.45170742280783,82.03222818034087
101.13837147212752,100.25865802674411
89.66375905888299,89.18092089089997
82.35736824005106,81.68840629517582
102.00800334255484,101.70984483309566
83.86564510264499,83.03659712804338
89.33720138176817,89.11197419682203
100.77769772909737,100.53122761706958
104.45321432752516,103.75360877559186
100.48420789724076,100.36090075742513
97.07548959700944,96.72699644336868
85.74650922218152,84.78949509306433
115.15692350919426,114.74555185487024
85.22216005781443,84.02838305817059
83.43763352815222,83.10312526598888
101.60987367252115,99.96306250813878
96.9143679270441,96.43203475222995
79.58299357247823,79.31166887536676
113.02698882819614,112.7673401461814
84.62062552015792,83.30751650280635
104.25962497932888,103.85023699754944
120.94096371378029,120.51465614211774
103.52073014576301,103.2858593238213
94.11709307625183,93.5288323170413
85.50232537027863,84.37195134064699
105.7431289312028,105.49834448258895
93.70267656668858,93.57759377946311
109.00607519626868,108.34377990542374
94.26073548882069,93.93520379513866
104.38247311164328,102.94608608467172
95.05645561565417,94.90095816461951
79.40073184706284,78.25206128680706
96.19833158907488,96.03388635958362
95.39703074225041,94.87359022928459
94.73407393017396,94.47849489757117
84.43248115675901,83.22388684454889
93.08495313543504,92.6865757862377
114.1111433746974,113.10557287204585
96.01016146743594,95.58108735057446
127.87799492089317,126.19738845005813
77.40356582263318,75.469961840542
101.84062787803263,100.91033268793883
107.66458235425371,107.33839470836404
88.75894119279972,88.5502535935809
101.53214480505748,101.37213316062984
103.76902151556696,103.29489509132624
90.41790717747783,90.11674431269651
121.18687721885465,118.91464205252524
93.93252021449402,93.6701658538677
108.55950423713601,108.11506300659454
85.48975293216984,85.12858554636041
108.07524525455527,107.43904624270814
108.60354435283745,108.33607529145293
90.2456833716514,90.07970798035568
101.24596094538381,100.99370462180156
125.86372260938559,124.7508093412556
95.21204048526737,94.93392363231638
107.05249833060309,106.82554731717052
107.82629225273959,106.6841318260761
100.29489541019554,100.11960747899346
81.0052207147049,80.27674133527452
84.73140638696214,84.3858346298003
101.09831394263728,100.97445016113139
99.49626863749714,99.20738863042264
96.45029076823779,96.02467328973889
90.73545365541332,90.4143216638811
95.23184565513728,95.0084639100487
114.25740031822195,113.61346260709152
81.26059108557185,80.5561155165646
96.5887807832246,96.25335756886298
99.94059969803874,99.63308559257612
85.54580798528403,84.96888523884584
94.45706066579983,93.9926241633652
102.14711513558224,101.27575462693142
94.11023316346454,93.97089762163621
79.84009778975442,79.00560177390055
105.18294631114897,104.53040517906625
88.46413702556951,88.25041982529798
103.71452483512648,103.60413987728447
121.17955236370791,120.66658400683144
99.15048268224348,98.90091389606248
100.9243518859473,100.80405945688867
114.39073760186201,114.13505914801846
113.34290945011989,111.74497197470798
86.75628438714467,86.28055092145762
109.38662994653771,108.52806313958847
103.86044682550406,103.09928895171937
95.54693483185117,95.13601036175567
99.8857486795385,99.76809338577844
120.38656780993257,119.86673092705884
91.4550466428156,90.36513410227742
97.52247434000915,97.31481587926105
83.42075906199939,82.1851911042723
92.78323929675972,91.63154398904486
116.63560953961884,115.12271698505688
89.83105527937914,89.31806690494443
98.18553794035475,97.28062228153507
104.3021967031571,104.16670253483255
90.56859461183625,90.40558854411512
88.57839401640231,88.35676665803346
78.70562203220071,77.65539514329114
90.25733477966664,90.01907088315473
101.73160403343849,101.42050913947658
104.70943364192689,104.2418191390858
98.09446830770348,97.72456443616561
83.00580710275706,82.05229249554507
98.06330376696684,97.79423031589037
101.93127576691491,101.85299556191511
84.7934173170715,84.15303587220531
111.3801490618075,111.15406913743098
98.71298495462035,98.57011768622118
104.18540805299685,104.00124089434968
73.00172589119141,71.28538501119687
84.26127358330628,83.8029073235253
110.25736504429668,109.69531059819973
113.3507267949476,112.62020943803125
85.41542740941482,84.99941728689878
96.86932541894588,96.50410725257002
91.96194284563542,91.21715119445966
101.21236705341528,100.78744403963111
104.4869729276844,103.36504326049275
101.92694768579284,101.55531446884021
98.59461326344807,97.96471515254713
124.67366570427723,123.6937785191467
99.89053926404209,99.58628552928613
91.66663866504419,90.44350602464989
86.6690981271915,86.36935934935536
79.96700772536705,79.1542483761065
93.33703210071931,92.96382316159404
92.95975582646497,92.47404313531321
103.19172763328959,102.96018840045627
90.5093279341935,89.74585090660375
91.63030916685484,91.1784865778522
91.82249683904283,91.21996587046011
92.78915344603443,92.19449752669821
94.43995099449772,93.55897516224094
95.0322615037162,94.24617150655725
94.54714518696896,93.71733873770634
81.30440166205604,80.29193478112762
80.43104603282335,80.11125848994921
103.9853587212244,103.77113294983859
95.50056091647929,94.78791286218623
106.34790431287483,106.06097639408623
88.74224726321701,87.79597137180859
92.6701280232446,92.37893672133056
95.50612813793127,95.35741300964715
113.11923965832615,112.90312151595911
106.00485083308266,105.77149246100034
106.42305221408549,106.21640056514875
94.58401188874325,94.02169315197864
90.0185354094685,89.69786436500286
111.27075141993713,110.89449182479284
85.90918197719418,85.60022461048116
102.22335885745046,101.23821451623282
85.61506051708477,85.21028906707461
99.51217727767717,99.02061179858526
109.05327777735168,108.54492597801884
95.02725216946948,94.7925611313217
83.6686360205254,82.72970569645055
83.67094113482777,82.44986326903538
108.89152021976771,108.56185401047578
104.40237073046359,104.20306971732639
75.62148649868077,73.21454377291957
112.50577270358428,110.0790021476921
79.6355690452369,77.68878054748865
113.40852430479266,112.37656683832921
101.53549162837491,101.1903509963661
95.56540291520514,95.36186778669017
120.95194240776483,119.83193652953615
113.49382493699878,113.19037481372827
106.6204721647267,106.09268422306727
90.27286971626792,89.899465636373
104.4705004309571,103.76823158939634
112.4571107183952,111.87412832852527
106.72342331978304,105.4234934462734
98.26995013992692,98.14788200421489
94.76015830609387,94.51456352723083
83.68828912469715,82.09493232763478
109.4650292569943,108.52818683958678
88.92436478684944,88.63918822296415
95.20580455645239,94.74559598068645
108.074661333039,107.49748340120676
101.19414998389482,100.92566568747216
71.62603127093993,68.41176148148479
98.22732602289938,96.18315869226231
99.99059136952647,99.59861119618836
99.0326930531889,98.86758817747264
88.36980116440328,87.19289437287757
98.83947099425883,98.5116044250168
91.54650527146606,90.83104425967483
94.06341625314494,93.90803733363306
103.15972407136579,102.99425704027404
121.25916287730148,119.18988011697178
94.98072534032744,94.84676205487196
88.92792536465522,88.26966537802757
91.88498596979872,91.71891258663531
99.01183326933155,98.63696382697174
96.83720422126058,95.9538558979931
82.6335716564821,80.88504164037901
105.40216775135526,105.05473246172292
104.2143312984047,103.44430652702852
87.15886492144662,86.96419609775205
89.35273510290075,88.97047125586921
90.48110042821507,90.04393061153426
110.19271736430036,109.77891381795729
113.22723284661168,112.61814808298313
106.73987409164249,106.48118281081274
104.02407635629483,103.72901099464258
85.01209043563195,84.08046552048451
89.52642715559581,88.63609982123893
120.85374700587819,119.16737740755933
108.90558438854609,108.12482256500826
96.6790461444617,96.54673412041139
69.71849340849532,67.76237317801015
106.01896069639893,105.70693965925203
109.6724682221926,109.42038686787754
76.63225321069427,75.62694916710637
86.99607920731798,86.75869280758289
96.19339833515488,95.7976642731706
102.47342012848924,102.34493335272147
99.2250450342835,99.00942891723646
89.96216420248602,88.97291912815025
97.6751170612723,97.20676804292702
90.87709361932052,90.37799985982771
98.3006802477271,97.63183504863595
79.18794682936445,78.36784201283076
105.61569340606935,105.1927663905431
86.05114061302748,84.31875155012256
89.07926532501686,88.35057599357349
108.28058936501884,108.02088301878726
83.18374595498703,82.40136294665061
96.68801523601569,96.08468336848948
89.33387100330856,88.74552641576517
105.04026996511278,104.83011865687722
110.0015205090154,109.8615122832532
88.51000466641653,85.88586507554255
84.09993380018074,82.92510390330513
92.86398875035565,91.97961222871476
92.11545871385896,91.6274419906207
88.58780405837037,88.30227595922966
105.89561607980299,105.49475067773928
100.7269676927694,100.43458200715432
86.1564789202274,85.63341766811027
97.88409937400606,97.51979594561847
82.11385082023578,81.45308500031105
84.88997213008868,84.50221859230625
80.34248253908007,79.80095292505803
91.28469638590606,91.11691045299989
117.82394854320982,117.50756441033347
92.13882069073708,91.94400634875976
89.3578788630334,88.86543455686987
95.38075839705445,95.17477282779761
95.66349360241493,95.07266194660389
106.23088315985044,106.01355583992887
97.65264062616436,97.31499919869741
121.1692123203908,120.37086594690832
95.51529382087352,94.84082842047077
105.65808615095284,105.24125304992478
106.47461867428561,105.9680203509421
102.22073674995077,101.60983954571796
81.68550081789866,79.71695392141085
104.19687534624374,103.5648288022142
82.23571567903757,81.56052057322195
74.22744616689445,73.03629908272256
88.5607405608767,87.99508058972732
77.2273299250073,76.11271623809765
99.47104079590737,99.06785355616873
90.52059334807831,88.84618338853367
98.02424482978259,97.7757456636557
85.3367632994045,84.66297405237026
89.629637217131,89.18834485960824
86.62192857477632,85.6911840536163
77.27364890071433,75.61450691485787
102.76314690594094,102.4576720065115
124.20735925219228,122.87861857300952
107.1732662072453,106.62627689543453
117.01450046829197,115.7775088657613
113.26989491059707,113.09661269017579
92.63815646539061,92.26399594417833
94.13359554011622,93.83489546019257
89.94547260018966,88.9230372841584
111.63601555787434,111.14566567380878
89.59971757089093,89.02442106101293
93.49883778013216,93.07403272034205
88.75725290216496,88.00741471119134
111.91558463374564,111.4099840652662
88.07650123919139,87.87695164852258
101.55819729766483,101.13806066632357
99.16091773661097,98.57811418598567
82.67868559035918,81.9786339157891
116.83020678627182,116.4024510158314
82.80961243820866,81.82842595662886
109.22116427261086,109.01435987578837
70.87566820637771,69.53301168197747
102.14451062743312,101.66327547015291
99.4493482478803,98.49663170340763
86.7997572969207,85.99584860248193
111.86350129714681,111.69093936066514
98.33135337232041,97.2834692949744
92.94973204236965,92.44780845957618
94.14949593002056,93.60388609401826
110.83677882660326,110.0029213167529
101.41146001301833,101.08343517843613
96.33970766562712,96.19580027128593
92.43195891338263,92.31044084078388
89.03088041677339,88.57756688448507
111.60150015178169,111.18129289947103
114.51775891799466,114.25937514571639
112.29336139027485,111.93526071891904
92.53758771833644,92.22106482017408
81.27200530020441,80.6354193062773
78.3878245839131,76.99704254933086
118.67483061339188,117.56616855302813
96.24948280626637,95.52330973891134
94.56143420816315,94.15862506369066
88.69988600633268,87.67981444881694
99.22375451187939,98.95973301303502
112.56717113229551,110.27577197535138
81.55565805195413,80.33540747448134
122.18974099002914,120.41838715485528
102.16372604613802,101.60049194207276
111.9554419908472,111.11581940239112
93.12989537292897,92.59105058069424
92.22065723260597,91.4993393180448
91.64229205022697,90.72146118987851
109.0903346287092,108.62282468539063
82.58150913877756,78.406123280487
101.32582762529623,101.12441310944295
82.6715535342168,81.754011187161
104.10298384572752,103.83041120280951
92.55894398334793,92.03159810011955
89.89705569458755,89.28743650635637
89.79408722668103,88.90543541711064
102.53723511787761,102.06497088953311
106.30839820413792,105.61935211668289
104.45648440786498,104.27624723683428
79.43177381798975,78.83916023076213
109.24037629202944,108.77582895625946
94.72419727812583,94.45358816200336
80.05429313086066,78.60436821476546
92.84448306939929,92.16017427084124
114.19027352180554,112.77246911891505
92.11936967348564,91.64388770105077
103.32259340120304,103.01817766208022
102.10078923897379,101.83662715216578
100.31250153041016,99.9583111745129
89.0534738095546,87.19322172144619
99.21883517639735,98.8341335275351
73.888611605954,72.16202154350542
104.22458083201745,103.93865158004591
83.78861955766797,83.13424042707005
101.7015649078943,100.89123708838078
105.17190307650408,104.56642372304808
105.65523612223342,105.31594557298259
94.88005157807248,94.59032571386831
100.52490106089732,100.27811137472013
91.07575437251411,90.5523704756519
88.11118974633332,86.62631421380304
95.86759565964908,95.73312186675246
101.67196622281763,101.55291184635266
87.0751562069608,86.71406080797838
104.21646669105452,104.01361547833679
103.91897303712103,103.69834531608252
83.31021466684328,82.4395028087458
104.19770535393542,104.05208835613801
92.64288003653343,91.08731950355211
83.01086634801368,82.13815540134327
108.80873913283612,108.4256859151925
92.105814907456,91.73022244594507
100.65947787757132,100.35536351329085
88.00716134457693,87.43876242093268
91.20513526928548,90.45866187319655
117.47392695490198,116.83269519073319
87.43049255048585,86.79618536655727
95.74316164653597,95.52725070925094
92.78767594583287,92.50958355759832
96.85424231316664,96.69662551184203
111.5137856494099,110.38954204011418
141.13319867751088,139.16213017330801
86.26776389005296,84.930246823545
117.53902365038466,116.69615109900856
108.41955823543454,107.88615468470525
89.6789701981353,89.40684095276629
97.57035117810628,97.35902934470835
100.97475191336898,100.78519159326714
115.89320735815953,115.50611345408045
95.27110898258388,94.9771258574557
87.39943093584199,87.10058865678161
111.43982852876425,110.75735824217949
94.5677316801277,94.26284594950184
110.03587535305276,108.93512447765514
96.46936901572082,96.13878687576124
96.61641842217853,95.46605943974704
89.8374149904069,89.56430890739323
97.4385388125236,97.32257483486224
85.51344359525285,85.07661207817452
119.87257138505642,119.00181955400727
89.55555660685522,89.16260191713702
117.31472786547197,116.94517819387067
89.05459693515755,88.8608357058475
96.28983038579157,95.83100170590298
81.2049045138851,80.46051011795748
95.93062937939516,95.67250968379498
102.94816621076735,102.50073683610917
102.77203389101427,102.46343520685555
95.51864310647086,95.20012850963676
95.75590748445182,95.34808869207473
102.82398217570353,102.6265977954926
91.57887903837874,88.85758910848719
109.35294718168171,108.91328209238698
119.49117040221816,117.88419865783767
74.63500905836601,73.72606006185777
95.21825329360644,94.9378031432347
95.72080669909563,95.5227879223561
82.57462009900364,81.32725964072702
98.42604952302601,98.14430223222092
90.93863908443933,90.47025966602138
91.81350210961855,91.44840902234766
109.18066098075528,108.67994393660608
95.95948416201762,95.12886331173999
90.19042736987342,88.17274034552463
88.12812528771187,87.91029373473722
90.82898671375371,90.52396522448008
93.92595183272948,92.48895205277823
87.20373549926332,87.08875763769878
82.2195525963594,81.8752390255123
102.5895051110029,102.44585015717259
138.6861029704585,135.47668783669116
105.36575546549093,104.88807667072854
81.93755653917812,80.74374264292253
77.56119958937002,76.29458295288858
105.4168065373075,104.97022945662341
98.30058409411211,97.8950408826995
95.54411855862456,95.42978792578877
83.02464860401537,82.12781561163679
90.18641834761337,89.74844738037395
77.7871944197551,76.10734257205712
117.87782379307845,116.97776652424938
81.78238862791495,81.38556516523838
92.20476103620057,91.91544741945005
102.03829869893539,101.29926365166008
117.4253467176071,116.97436996044397
89.12919620740429,88.36874169482378
114.71884245203769,111.99950641928977
95.16500325118251,94.7410981891357
107.10307959232092,106.96947692427642
83.19122545539511,82.71454764564753
112.35280485571498,111.76745926818631
101.81050229041855,101.42193649631801
90.50525141509726,90.14409066506143
84.27894271368793,83.47117308933866
109.49646359508034,109.14644215922911
86.71182061750386,86.11253238484281
90.82818346045252,88.81919919204896
85.43223261671223,84.24539564758312
108.05881925191974,107.20093357708575
94.53921745524951,94.37853101603243
103.1826503028611,102.7822440515054
101.67137034998666,101.43085489072459
113.76921656575404,113.14737568568273
111.42445490171062,110.60016396468112
91.47454645978507,90.85452234603315
80.73614683148236,79.47839464069723
88.31424216009697,87.78282884181695
110.78956829387784,110.36570874865812
77.75337325061511,75.1884121236418
113.89234318637234,113.19215981121869
115.76310510226655,115.2531717928487
96.6077395970591,96.29753538412548
106.82828959542343,105.33481011260785
96.15630301106789,95.56856250776693
93.30936453059837,92.72381013800951
78.92902404316102,77.97881374718764
100.74928751189728,100.51237109652587
96.11190373251422,95.71458315079093
91.98017767382198,91.77409873974477
100.54811474910015,99.94067077050791
103.98956242348748,103.6716381271405
100.01470373889886,99.92745269597958
98.08377349591586,97.92622394650331
95.64929151235634,95.52291625872124
83.74098679167543,82.87184411009167
97.37593263962592,96.97710187362262
102.21890862972049,101.9006763160439
105.22497777166092,104.15942057552776
131.78374670148617,129.93351604677545
98.10104358956569,97.48456441578436
94.14703284725948,93.82649187635062
89.83515068055853,89.35540030549961
71.50624554271364,68.97760255611341
84.06607969781247,83.44077524680029
87.85084297090854,86.94705438803719
101.17014666402993,100.90214260525435
86.2037789405405,85.31346780816676
96.52805103748034,96.26351979867572
89.14424946124484,88.05484790507766
118.00849973251215,116.63918617737595
90.24949631043904,88.43091460979394
113.49577119423408,112.68679205756882
87.53645542868038,87.04635927591963
83.5962725488078,82.17392544964049
87.52124733444239,87.01648983211567
87.1897644799484,86.96216348244988
89.83116647780811,89.6948408621376
103.16225125904688,102.71784891846046
96.28168648216473,95.07002837591371
102.99295543384252,102.68337536306045
93.66247682964232,92.96199285501798
77.27769080880653,75.87368781565189
79.73838152548801,78.19635049334406
109.37608295160251,108.98782340137701
98.30209093169196,96.86504216231543
83.90123368773779,83.16733634422019
113.09103141992097,112.58157879297832
94.09298087803727,93.45247033884976
109.3863265530844,107.97866317428615
108.16348637688243,107.58951945445897
112.14088868256397,111.42183049642966
120.0589885195679,119.67606036940353
127.32737622474622,126.26577218216313
89.36218688302154,89.03870123683433
75.61355175858904,75.0004530365491
138.11669262106915,136.34066756202205
98.28173361389821,97.7169517941176
106.10213393946573,104.99531089939052
91.23726876457202,90.49932464569287
123.20786702823678,121.32191248290415
103.59672205823645,103.43622684036464
90.24060351232077,90.09854782133397
100.2405335080425,99.93166010605249
78.03353654691193,76.82746518883945
96.61122130522232,96.30393458835196
96.23338403793689,95.82152445468978
106.81501889027116,106.24966104491243
83.95515908041276,83.13107137171303
100.8116375646445,100.49037533397178
94.31323945252018,94.09941042982585
118.90064250787549,117.80342303087622
94.77654319697209,94.40543473782273
105.1807469133861,104.9153735742462
95.33402196504998,95.07137285150257
109.06272799432124,108.19429230320893
94.27997026724962,94.0450496643582
117.10818387737453,116.52092859962752
88.7068487251081,88.53998743804823
112.67561268602978,111.08692615949604
85.73525762268669,84.77064441031342
84.48770654758749,84.0931042946
85.41089370849166,84.86644069838697
77.6237607189068,75.73395961813344
107.40514545438278,107.26566025846861
105.64610263134122,105.47853620659575
121.99414768380079,119.22219239705942
87.80802229731515,87.44282736674926
98.08742207161984,97.8391867939413
105.36889188031674,105.05372663461085
84.42797498401704,83.23382843899653
118.39214548871306,116.18035661865076
80.68292460917742,79.93136270961635
110.08588733179033,109.53254177740442
84.68043800999833,84.03381616090171
90.25030917104574,89.61527988018844
71.8421380532497,70.15359095031428
83.94752536684686,82.77836258510061
100.31395985145123,99.99910360402758
99.33561112346044,98.47136864300673
81.7274450013096,81.3135499068297
81.75390378731039,80.73603905477498
98.58007646199289,98.267334712092
105.9534711269291,105.66332194909938
89.67695653004019,89.5142547323594
76.55279453789282,75.5224297221943
98.47164803119598,97.98012414908347
83.87803445807012,83.55587904444303
88.92700025685372,88.60590206245287
92.12824938829894,91.42176555551319
97.9999585069932,97.69095356860254
100.96184095724625,100.44510950973617
89.09355098045647,86.39454344071679
104.31564043569591,103.66134717632816
96.83015530499212,96.57423081514784
107.81760782777738,107.44010582343519
96.64638540275993,96.08703931248013
91.45363715366064,91.22618668851477
95.98400564443695,95.32457586467109
105.5025967743909,103.748381786743
102.64359742744784,101.93098316565234
93.40142812762049,93.20039262838871
77.1770638647345,75.8773007941034
100.95818996207286,100.5744246389724
107.4525797992202,107.32376843489914
93.74261357555733,93.28377327850758
83.38831060571808,82.72186331457152
109.88303270560253,109.30778636226385
91.01380607728348,90.794412989208
104.31410124693826,103.43332498641655
118.4479662271891,117.31288591771869
104.74880469991125,104.38510925364913
106.28735943153936,106.03222037236446
97.75039014276523,97.29967614328825
93.20168918037703,92.8078238952002
94.83093156444843,94.6512077819115
119.32344065844266,117.96903136856288
101.97053160289616,101.01559104970758
95.89146606543105,93.94309416433015
92.2639346350459,91.93722516568369
91.00929576696099,89.13354347993297
91.82712346839364,91.63443790777734
97.80725775270646,97.60121115079991
84.36340960624985,84.00882071557851
108.4813255046197,107.13960151182832
104.83443194655571,103.98029386177078
88.89061909023194,88.79414547397832
87.47989234861488,86.72398857666192
95.15217490821334,94.91388304401295
85.96689746272713,85.2263218528312
107.32730484749378,106.81300213458137
97.86399473865411,97.29559818269087
99.8755536165406,99.76060447310059
98.94916700818266,98.27600461525637
79.22260844429346,76.47820860486956
83.74885368074267,82.88346067103134
78.16471589301702,77.22230408156354
89.64775173015653,89.15563572182123
88.5632018333578,88.26308520980041
99.83488716124093,99.50321271328079
102.29881535575846,101.95014327096322
106.11617157430878,105.68099969234365
79.99203472459038,78.6794923701834
90.57185162022317,90.45409298911764
84.00952771609971,83.49810865294168
84.96782053676282,84.13798528552587
99.28707519875583,98.34350068921752
92.64583254817796,92.23865272003198
92.52101688939896,92.26141935637712
103.35445323706708,103.1229336559833
81.93774865628862,78.97347059295852
105.71842176127777,105.43185835015288
97.17970218239981,96.33055605207946
84.58988004863686,84.23752836369341
87.70136694515367,86.75012621054698
83.12482437253803,81.7968629235744
103.63226861506563,102.9396091172314
96.49236037847912,96.36565291878705
96.49670962124844,96.231583755777
95.77571194775126,95.04141486795865
90.83378458457972,89.8727598348112
94.87851663626519,94.62636338629821
77.72981760332448,75.6305763339731
105.01955761704288,104.8000885711835
102.12510742573308,101.44454752866368
99.70005703375988,98.61768632182256
96.47966292922634,96.02318577049944
97.53987917891455,97.3941344372335
90.27195364089239,89.95938637139943
87.83769014442026,86.05270779410644
90.35712129145155,90.13270159407064
82.73130201724379,81.11078012010961
89.03977623519417,88.52096396276248
89.47234076756287,88.75359418851836
99.85838553779597,99.2499194547034
104.64696839019852,104.23230706473595
112.13185881173051,111.33250447894827
106.82132981133243,105.27938092984448
96.42961193962682,96.2741255781015
106.91938442340968,106.25459111256798
100.94512458627638,100.13218532378656
105.91546155710485,105.64623791026602
112.64326713823337,112.10974992400054
109.40156770134037,108.95468287891305
109.24389481331681,108.65777909770756
97.93626828282372,97.63453831334107
94.54917213091535,93.1850397061587
120.39004784329663,119.56413276049696
99.22253777631005,99.05460082605312
80.03804065351481,79.22343576266839
118.85718889820775,117.66905309370448
87.05980114987719,86.63785952281604
94.85674241578495,94.49266993459369
101.40782536484988,101.19511184690936
102.7183393943541,102.16039032098493
102.61552803094828,101.73857344981553
68.13567999888716,65.16444097783172
124.82546527400636,123.66461615072167
97.82759654533207,97.56268226769352
116.12067699190727,115.72223177355424
94.14039026935792,93.80900803958164
122.33645545870456,120.79587691090408
120.72507536736542,118.74707945989452
103.6148963095053,103.03567831564031
103.06887264649998,102.91914773711382
116.27458970689962,115.77707509729788
105.7640998087421,105.63345214894589
112.6598526808916,112.11205779278089
109.46613640847245,108.45270921521934
88.77823776343256,88.50514663563673
88.80613282092776,88.11604003922352
86.4449266978628,85.62409205647096
95.39234080352638,95.13401034215399
82.98219050481474,81.63469395324755
98.33542726242831,97.87945152854589
98.76545245489133,98.50559636541215
99.63247679689053,99.39562327759293
95.55891800413703,95.30021923781197
114.05595466247671,113.72843935151734
103.30420639889515,103.07491375870956
109.47896011297483,109.17346193211343
98.83055934122804,98.57670529588029
96.51590149299629,96.15338109733965
99.26176894634665,98.07238038526658
105.66155430055488,105.08482984922782
87.94265689958064,87.69553412995529
123.15274314569439,122.38996228304453
100.34330508187402,100.09042509481614
111.43128108034192,110.52084465988436
85.92302029083385,85.39277353566823
80.37440345430473,79.14478780390402
97.29906654459757,96.78097250824906
98.47232222434512,98.20684457154147
97.56070887781124,95.95539951943667
114.07532582622778,112.03925718100324
89.65007096093774,89.16712471598859
97.59789040280249,97.17722768372626
104.06129542248574,103.67254567170248
92.1359795367858,91.57076040730728
99.66708763285898,99.47683979464372
124.96685515914241,123.1549840506692
91.79050742995308,90.97011646880391
98.73810513138804,97.9612609249487
68.67939628844734,66.06391890984948
113.23949851956357,112.5286245577145
95.36576944809636,95.23550339154667
105.87830778559365,104.62246084031881
108.69816850433008,108.39065455306164
91.45941749671957,90.75384276816588
99.12104557898911,98.63840318892578
107.90231809952762,107.2991548520974
83.53722843928182,81.724798836111
92.74204447625127,92.50021053747906
88.38836881771329,87.74215491219411
90.72950815812254,90.21544668689617
107.09502050160953,106.94267202157812
118.8066419727984,118.47037744513878
80.83651777040426,79.76502231747024
96.39068366343528,95.74998590279714
91.57515037885761,90.98613827767767
102.40728117078392,102.14331141729907
122.09689124990363,120.92115672549919
88.01812093038,87.65024428331385
86.6779979910552,85.29551270200157
93.38826058177114,93.07234594304637
86.78835025476357,85.69428021353218
95.89752327528025,95.3459417097446
80.48736512092556,79.46370003519378
95.9655394212377,95.86719610295954
102.90975961555999,102.7184545810368
101.36710822469794,101.09362918037655
105.41895280144676,104.53489636826424
100.18831269029111,99.97375582072257
102.1204423114854,100.99598791347934
94.89640598640717,94.60820591605219
98.3635103426774,98.0159324881651
110.391552808064,109.90384105396045
111.86140684010435,111.59639082120682
109.46972467957784,109.22681858895768
81.98139427907503,81.04446471657181
106.75563785490812,106.59528089279692
89.7009201373061,88.66015854085707
106.14847691678833,105.79903019474098
113.97444644571657,113.38614291698856
91.77030503782981,91.5766156253196
97.6364854019904,97.20847393703951
94.78503950124565,94.44334682886509
82.15703308864857,80.54121636537894
99.91264145409943,98.87299160260284
98.85764666259675,98.08741124286593
95.98723593139839,95.49911173752413
100.5661269990671,100.34483008554326
113.78700126042878,111.59649994299164
106.9767521539632,106.43393351194588
86.77363896620744,86.49002807553424
88.08507124558773,87.14466827857909
77.95407224874813,76.81738146465734
89.72037558913958,89.09190388784094
97.92801847579776,97.07062165608156
95.89330077866062,95.59970267563492
97.76663258551967,97.23248212973537
88.08822457298123,86.17450264682846
97.75937015489737,97.46344191567617
89.80271422074888,89.10021749456246
84.73514503742057,84.14210868473968
88.94180061644525,88.49762756756536
94.5597910413792,94.00567371744307
74.87590782881787,72.93198121352859
88.74749238919905,88.24872238180154
109.59194325549554,109.20487130112123
79.6824851640115,78.95033453725938
97.43323154442716,97.29479753399629
79.57111764431653,78.1677726802056
79.62496823274631,74.77132102465339
125.27718169013995,124.90406474517303
90.85321093458431,89.32678273838775
83.14159234699744,82.2969256985133
83.94232863738846,83.16548898486158
84.35174277932875,84.01311113259302
99.07825896354728,98.7919161300558
78.06524592759862,77.10971982597768
95.38738815504504,95.19611400469795
92.28635678149269,91.8472449416163
100.38180325544066,100.07851933545157
97.3883979270335,97.13677336254537
113.90466873562225,112.93386629671248
94.53886993392847,94.02733051610063
111.32267791658631,111.0477140851754
105.5915692370569,105.46687436174003
89.12178222264642,87.19376703235937
92.67465858246292,92.06982805691133
99.5559974729516,99.16551618438054
88.3490674903276,87.55853057028476
100.2987973731511,99.48317136650299
83.68363964721216,83.20727147207774
93.12334827169934,92.56932521338285
83.47729399157453,82.50612230641612
92.01679261736939,91.33967453888059
100.50357328641797,99.7028019896475
103.10372049682059,102.96068838043351
94.1197356218472,93.78908210956696
109.26085422374858,109.00533339615284
106.31900780545453,105.93648580702096
78.4239379062552,77.45255731816928
103.20856546207798,103.0623909706425
87.47285663854896,85.4693162407016
105.58626139155623,104.93306631160837
96.85898222311673,96.56017746294509
88.97824179870635,88.73361063673893
114.6986342323531,113.73090093242214
80.22601024053424,77.83324821742167
87.82288160277513,87.53076384987186
107.78630975187812,107.3893200674459
98.82970563524748,98.68806861227792
104.01651079121517,103.404937994212
89.07735268900942,88.72540865984404
78.70167855807237,75.61530580339397
98.89661439425377,98.62334288829575
93.01136395655891,92.46509255900392
129.2270244730896,126.6068611060172
83.25040614187783,82.1962638287846
105.27097109483553,104.82731236491821
90.0911787360185,89.67145338778148
121.18080005020545,119.55682978058526
78.89560870409886,77.46470402909219
100.30377357709253,99.34090374608635
92.14657282000161,91.80298278651634
92.51682886847415,91.91136135407375
89.07702018569059,88.78673931380511
82.73169854216334,81.46879879900546
124.66576765921452,123.31973769489302
105.15771008907956,104.61704925349444
110.85054551588708,110.18954291124712
103.82988590958865,102.62541979069208
86.92338486945579,86.64886052036383
83.49681348021984,83.0156221117593
82.05267647965353,81.52638670324991
107.30488157602953,106.69479410909409
86.84748464109614,84.92465562544744
88.98165861401647,87.86494355687165
96.91095600396817,96.71042605864272
95.79786622384981,95.58130283295561
108.25067771642796,107.50381966783519
95.7682458424115,94.11230199918025
95.0727639581483,94.79995142716919
88.74348159632818,88.31755512772652
89.58216592904428,88.68830620681639
96.88651649343942,96.60060636676774
106.24183909370673,105.94208588721315
112.9726135351386,112.52536166328395
98.24021034006466,98.08629314153129
91.0665018196891,90.15249613301098
105.66538837450058,104.75462969962108
91.70244359843225,91.47975725363389
92.40629442293034,91.97802058298907
112.5275746689071,112.2288323850775
115.07834219003064,113.66880458957989
90.42605556857664,89.99941353956747
113.48029598824334,112.67070031561092
98.85085557440054,98.3846064825716
77.34336535718774,76.54222645471171
74.69151104198403,73.99300267219775
98.09399421378035,96.88511005370022
106.98421839552555,106.55271452657036
107.46038343218139,107.30129544587787
119.00769553796813,118.63695539066293
78.08552342475777,75.82443179623291
106.53781247963248,105.88171625233147
131.91393807471795,127.85033194285602
104.5026673421808,104.2742063416773
103.13169764676041,102.58076495175601
87.99749416966881,86.6097361961519
90.79895389590997,89.53191329452027
103.63101504583933,102.65934086976569
99.42211782697274,99.0485635770234
98.33679344301423,98.1306092408029
95.44630498983555,95.17248004664175
94.605022714486,93.73259089025713
87.12133576348019,86.24588150548912
105.19461449817786,104.92362202075581
96.05950234528537,95.971014088682
129.66345611658716,128.30039043877173
77.79160581314385,77.06522464142012
94.34699225107104,93.74915267738899
95.63071349248838,95.0461635183259
141.08724487072658,135.7016348259864
98.4886352901768,98.29899823288524
88.79251752508681,86.90800116857896
92.52243260057614,91.5265231317823
95.69513095347314,95.31545440023015
104.83907184021649,104.58798134986716
90.33215726309584,88.9483743666408
94.05130087825208,93.8593030869575
105.30614467937622,104.92609395781605
110.08272045961506,107.1761719139602
106.5108123983913,105.25796141439163
80.691696049122,79.62402121750165
88.09379948997962,87.71972129116553
96.08307843713074,95.9150573216367
92.85754637300224,92.617647426909
92.28881378374535,91.77553975590999
96.3151179968587,95.90541320808272
97.62797186192388,97.10140956361572
108.1441543722603,107.8990377212069
78.85687526937426,78.2931729996186
100.16463727223288,99.64014855770954
99.2834608734828,99.11102493647313
81.52824337970289,79.25965721818704
111.30337030639934,110.54848173459769
101.15017487808187,100.91707140358234
75.67383273140439,72.70078744960279
109.89138757103677,109.37404579602227
107.1645098592865,106.8319032963058
96.88237066596614,96.68675038295261
120.3634772428611,119.45945596968907
93.21918416438875,92.41918505929912
87.65097780752764,87.38741904810979
91.41632892269767,91.17645071249386
93.97370469310164,93.48056027411953
86.38588877077265,85.72697679671654
89.24537154733702,88.94240266494889
95.79351756841639,95.21759672031591
95.66758963253638,95.21330518227954
103.30982543908705,102.91260986471039
82.48867303691839,81.714688147291
127.29732079955096,125.53065567863615
93.91075651951158,93.43302276412082
115.36046071317593,114.59290885539137
96.12869916724527,95.61435741905181
97.4806415096543,96.47513830015772
88.01891248567296,86.77898955217613
119.14785602961001,118.97514387433542
94.82244283199688,94.244814847107
102.43831347045867,101.73527747044577
93.45901151620356,92.25805287132079
96.05361619149082,95.36760265286735
95.92162214310721,93.71397826269911
75.93598116087719,75.35804097537854
92.32319497170383,91.89586220512966
93.02417567400495,92.8275857182958
88.34613731014218,87.85236806685388
98.35934988191387,97.77436086978955
106.21351122315636,106.0600067597428
98.67440176431434,97.96338721642402
89.83912165104721,89.17624230725616
94.12083119567833,93.87577043912727
82.53136625938409,81.83324371005165
92.3788882616812,92.04817846994598
79.74223310904091,78.9339567304178
91.36706548431617,90.64893221497498
104.03378426156637,103.82876156142616
94.03102784062358,93.69634060444358
85.91851785346572,84.50478144044614
85.80858858908675,85.30720236584737
92.09707277059906,91.7281941940098
97.67598529745713,97.3747856818856
91.11618095581653,90.87045364679244
123.7313378651366,123.18737328856285
106.03018252363377,105.51163171050545
81.99584958133633,79.24872104904793
105.2729681634189,104.9512366002149
85.90391673942656,85.28531445970002
112.01805516707856,111.6279666361252
101.69474225917396,101.48477282416262
138.54964508577777,134.93046255102743
78.13181301948694,76.98509781988513
82.85500427264476,81.38407098233753
91.6378425757462,90.77056409139321
96.62666262187257,96.41872425004506
101.47355973621943,100.47864931923385
121.71933007980661,120.97337343036276
96.93041402803556,96.80023513761408
123.59643264467027,122.80590262539
98.18445066008249,97.7222499310994
119.77800532620796,117.38822695076546
107.42495279713096,106.98837380656748
108.38876266408039,107.79610717813519
93.73720974206616,93.62787643917663
77.66577605117541,76.64735178311145
86.81242777225577,86.08538251621209
94.28849896303329,93.76475570690063
91.11280957355073,90.6663771720774
101.5254861696446,100.74244762013407
96.47983112564071,96.28402283282874
76.88699454722817,74.482031586857
100.63685460575199,100.42059714461995
102.50765223503798,102.17419531989322
113.6810734957538,113.3620720337815
106.57718200293355,106.2075179080223
92.92789345388688,92.59226285866293
121.01295932748913,119.587475402513
77.5917748666838,75.88588665183555
87.03227369790636,85.7194838645558
98.06054342858644,97.97641330905674
83.09344540036813,82.15150678999207
99.74746928458231,99.55524464055134
105.31934560340832,105.10708159795573
106.70828912113029,106.60665549448723
100.11928898885695,99.89796794466464
83.44034160332434,83.13337295339332
114.5105780054835,113.78556951313261
90.04411671388002,89.74831847748406
96.55600899086332,95.77557927003501
99.06909033915808,98.50139916638902
112.8305446463201,112.17773586124282
88.92097843589933,88.25127959138452
111.52456720086701,110.69819373445593
110.00787702372227,109.7889771225511
109.64575486726582,108.3998988483916
78.69536234497791,77.65920509654177
101.49141614857193,101.07981192065392
103.96393894444277,103.84101603997624
94.98728636431782,94.69038086959613
76.79264612984713,74.97466650386639
80.54387712589458,79.68866132370022
106.95074933365694,106.40803528235378
97.02099100210255,96.8366654435579
97.78177995152765,97.59196149636702
84.65379847262824,83.02235414916257
80.73835428194567,79.9518505621863
93.18452350202186,92.53608836056567
107.15376277687731,106.7428978820175
85.85201527913651,85.0795881403046
113.03887953181163,112.60151599807088
96.87660756336312,96.00294251313896
116.40395692558903,115.29638034494401
101.17291843059334,100.94809157733285
91.91882576471518,91.57294702655005
93.10491639486611,92.65758884383513
93.11712996802636,92.99369202534162
99.8051366158622,99.37709956607354
95.45131255149504,94.86661766328355
105.60820223681687,105.35088902101569
95.67259747302862,95.48086061836673
96.75300449001901,96.19111740658619
110.19934597504901,109.92694594380606
116.85313062218401,115.95242138653292
105.14910060698656,104.68424510696362
96.85985071925576,96.46044832627408
87.85930798881593,87.45121970760286
110.02841120733865,109.49268991207062
81.24997859940993,80.34606352253024
92.75320075296858,92.3841600136283
111.68471692579223,110.53220466497024
89.36805830514513,88.96814047327551
113.42495419452496,112.65248728212713
101.79665598500814,101.28788269706142
106.001465704058,105.62217899241864
89.80848232592541,89.42777054512072
101.93950184696833,101.18120413254354
117.13762754828058,114.82580959571865
88.53788794129704,88.08006997251226
102.5190457466611,100.94794204409341
96.6650664661095,96.36852512737525
82.87734961306927,82.30948096809554
96.14506945662819,95.62985785417942
104.21068806571976,103.72243363664067
69.67553320552905,68.75992805911562
87.65791900995544,86.92413984262518
105.35223250803611,105.13078345646493
99.08718959834135,98.39218516491596
82.72166981289834,82.08113379105855
93.15598594133067,92.90341354492287
82.15632829859425,79.61428606915999
70.53060118457424,68.5313983680809
92.0343043997369,91.53743482758044
107.08680489437683,106.4923034752853
84.67772085088805,84.29970867966215
81.99207787102651,81.00096846441402
85.3620286891457,84.41868416210829
92.51396211621761,92.42583772967383
70.2173171844237,69.23432854221885
83.98604956695972,83.59987378178667
90.80982781257944,89.94382018483284
115.35566065551042,114.6416736237571
83.83919430368331,83.27944718246981
102.12801678372753,101.79469902315446
84.97859389213097,84.28571322245273
84.55975057119176,83.58083312255752
92.06710787027362,91.86140140336904
84.31068569983873,83.89157062923763
94.77097454073183,94.0209115581565
82.19321311163115,81.17065125802006
85.34337701376333,84.83353461636358
94.43756921727292,93.91589529750081
91.78117203698329,91.28889926694676
84.31724041860839,83.40608782758014
128.73006756193305,126.82349913866085
82.64531490663143,80.6748431748987
106.16958869470908,105.96776405720233
77.9260604902307,76.74810081593448
129.35328248018166,127.44520868636457
102.86022106232511,102.63654539286446
113.6544175816919,111.9181397495485
86.7709789565629,86.2156936939205
95.41555419982207,95.29026638782655
99.99158534850613,99.46485012212311
107.51862097779153,106.94082090748572
109.73851834325122,108.95810354075725
88.72172068917786,88.34732912524952
91.65861754878179,90.9432665569658
111.16152682343608,110.69186563238328
105.18371568030872,104.98954026092946
103.1991493214227,102.99584770759228
84.43795049186383,83.55959300006346
109.66285947343107,109.22969438761781
90.77657232176699,90.44417791509872
102.11092505286697,100.94254998227274
119.38739660795247,116.75410111126365
99.1272336987965,98.84153837296
103.08801997770043,102.71144523913576
95.34857416217446,95.2046036701309
91.46342295635597,90.83201334503649
98.37594149274894,98.02968849350275
91.19446911605013,90.775869610421
101.95153014778388,101.32797835774073
97.68408194187546,96.58858340567606
103.77537558336162,103.62485095589884
103.76146240785505,103.11083367860734
97.89139358708766,97.58564670132276
89.85196841611156,88.10779565747764
99.96235707851336,99.78255347881395
78.49411264129017,75.62059619281924
100.2622761979176,99.52946363447079
89.8667938209443,87.90793983332746
96.76578526467186,96.3166187316521
98.36206268624451,98.15874554213026
98.52522159813266,97.65225115574204
84.91433715060008,84.49820201279628
112.42259542279226,112.10011673071315
92.85480060847023,92.56554109374689
91.3415502404824,90.88046819809331
105.93885748865225,105.32060372223131
81.14968303977199,80.22014563065564
111.83572937603894,110.58869663259904
95.66035771467911,95.32487093562513
104.22174848250908,103.97460262359282
92.92802513592191,92.63774651591085
93.90924311018672,93.70612283556416
91.83413201685862,90.89967588716924
108.59569997533268,108.29267148498894
81.93032006774253,81.0559547635258
114.1107521857753,113.90488280729842
96.51851229564768,96.30307514006621
92.56580816322108,92.0660948209961
86.89198358913357,85.77160927265771
117.04549455265216,115.3032019248125
105.08011928550009,104.58963770375509
97.0153186751194,96.79949815535167
96.18602456868895,95.6962468252187
112.66464643148838,111.61402773449916
96.61823281223712,96.45674124164198
89.48912316455653,88.77373231544209
98.16602225654235,97.66336428471247
96.09255069091778,95.31333573933848
100.98906056316271,100.4439539272624
92.88060207356479,92.51580966967008
94.62420534591831,94.4087264750836
128.40867653268285,127.39334742947578
101.02532827757508,99.69283059098247
100.44720228853619,99.86370621670879
85.47927646430125,83.9046177979624
106.68134638760978,106.50892569585587
89.50639525584073,88.94474405560459
89.9109431683035,89.62737997011982
89.19140974070577,88.01188951667993
63.700186291265744,60.90004531480159
93.81772567204743,92.14364286566817
113.63031606930242,112.99800607957575
85.80215536417032,84.22741916245226
84.69557798692365,83.56119514389216
110.19233739106684,107.87164594565789
112.28188090754884,111.5900469763141
102.1606450777204,101.67948818798965
99.40495864816245,98.52860135053928
116.38950458200581,115.80633726408843
96.23284183569928,96.07374886912102
95.64238373778485,95.16238642345816
99.15427556563166,98.99904543071092
79.06830353048896,76.7748197253803
96.2890064740865,95.7250226547592
97.71179669242287,96.12052415009663
88.39212387609479,88.12249676174773
96.22026417783479,95.83053344174174
92.83798603895104,92.64982996578622
90.49323273516029,88.9673818414008
89.73933316709962,89.49703864951859
105.69635105963255,105.43972158403416
97.06085745532248,96.94591793413504
94.39365373477925,94.05434072254441
92.44026401417491,92.18080618215352
109.83885781193798,109.42140128660749
107.79969498798717,107.29131295044967
108.71879135062028,108.25056766505764
99.2657184044683,99.08875378967561
101.72199037091801,101.21406357264419
86.0260053673261,84.13000421070764
101.70299168036829,101.16579977280111
92.6841267076772,91.7972187284127
98.7839593824184,98.49125634872803
91.43238788467683,91.14843993612142
103.31225400893688,103.14151000097682
100.16573418890407,99.90880653271935
94.56588837666439,94.34572300173923
100.00484627849384,99.785178791375
88.61522690036783,88.42434468188587
100.99701416981807,100.39167468897038
87.79577966262143,87.31846322615175
94.24500968238195,93.85115377014239
114.62104900646355,113.53967902534386
85.57723490322073,85.36401714816341
84.860275337644,84.2779955013365
89.77580670638595,89.35363559571768
102.33375690294004,102.0921706485748
106.09379467820985,104.86335384689038
83.00923673809291,82.46364383867362
92.79640057567545,92.59757961903455
86.56839446731794,86.33072478758
101.32247155591799,100.19588437375981
107.4941200866875,107.05063082230818
107.85706118047842,107.6812604458298
95.70323385652709,95.22412694751382
97.72519625712891,97.44234418989366
78.46678530838265,77.26969368520862
83.62846288967128,83.31298912985038
103.51093297454545,103.19766225416176
97.93067128248252,97.6313010432292
94.81960329877504,93.64414605603814
88.10301631376672,87.35338584982195
130.93315452069018,128.29695023579347
81.21386354893784,80.10246812246923
105.40830505216893,104.71012653001894
95.23641452484557,94.5962475935316
102.43889455182723,102.33177007222443
85.72844930506521,84.42205534900006
76.69592010538415,75.90870594173623
97.42712093080537,97.32404870775682
108.18376475174762,107.9075838569621
111.51982350422409,111.18809658185263
102.219218808628,101.6758875201445
106.68427315426614,106.17884425071479
92.43224243886621,91.80999319921062
95.84781119539034,95.37751701528795
91.84157120500997,91.66189260560422
100.29017420096811,99.32069911274853
95.39372254399136,95.23131104294944
102.44267257957652,102.11720099962348
84.83618601943108,83.68040186864059
92.16671763791622,91.28820062716596
109.83198289288798,109.46297859930263
91.85746031181138,91.21179249484291
92.28136525104195,91.5780629845703
118.24544917704699,117.97298977904428
96.44804550693992,95.91455531173342
100.8236525375799,100.67035246138397
80.65928218992431,79.95461571801678
91.0420624940225,88.518121224066
103.94458162930552,103.54645337926826
89.2090312698771,88.5733635293427
122.81129925908887,121.49082989838328
99.78666310699627,99.16883231825672
102.62504748927475,101.17787389556528
104.61173962293391,104.31354716900618
101.08576543687572,100.64288448384161
106.51534169675362,106.20310415398103
109.57988284887696,109.066388404917
84.95786858266865,84.23951806316278
94.8708920546502,94.40639363543237
87.69413932741864,86.4305836549695
87.35721829024668,86.90025305848809
98.97290575357357,98.57130563832436
81.05913728276049,79.81897485276285
83.87757731899654,83.09407903475166
113.37746249335127,112.87554978626179
85.86357543830061,85.06492741942414
96.31866323650678,95.92039420420107
90.01140116951188,89.68985414353567
114.63515205669013,114.12066207510556
104.52329781896879,104.31307316739205
91.63462265647728,90.73698074763611
75.36668111990754,73.13174606393322
97.67429269372931,97.32178527238464
94.55836280260161,94.2891186976886
98.22622667817195,96.73120170042282
95.61959778067914,95.36497733685809
91.8152182061501,90.787486748625
122.31015205593283,120.89176937762035
109.9191067844693,109.283359722638
89.85463968856702,89.37428072786618
117.38771910814513,116.60017216646627
107.63543272073957,107.19748039350735
115.22638002131276,113.1412367001204
78.16110893476429,77.14669844229984
82.64059881318097,81.65958667502687
88.99513613836181,88.49715721229269
85.82774038398519,85.66033850197485
104.16502560503557,102.40081879456523
84.53920019987935,84.20307908564591
103.97068472183109,103.63657928994587
112.63058686485424,112.34333811135006
93.59778272579243,93.39657389218934
82.38735242284139,81.12677441680833
91.50952631413728,90.53788663046127
127.18404988598307,125.35531812670867
92.64501456888178,92.40757801562901
102.71262280661507,102.53398770825316
103.16569492885252,102.59754104879289
98.03389491480881,97.86656373047742
98.54373952985105,98.24511200803094
94.22676049215175,93.7766146367405
100.20035751907255,98.9382764286632
91.1592516177612,90.43444180534345
107.43004177092396,107.26951222147974
104.75967089535628,104.35935919933563
99.3339547715264,98.8304224388423
95.88050950401905,95.52909005721592
86.16228848091005,85.85046560678724
94.51615975317819,94.11130404520006
78.85951928354528,78.0122504508781
100.71993853854494,100.54679916031253
85.77508519088977,84.54293058692316
74.23010971143977,71.88407815875445
86.03469468540918,85.17454834878096
90.76007286976503,90.58875418643461
96.1147625481022,95.76030869242827
78.66588567891979,78.15482773736935
89.28555268317689,88.9432618494854
79.9146344098418,78.02068714888205
97.20038833338424,96.96419075213163
99.3644238142594,98.87117266478728
94.58109596972652,94.34244673415425
106.74851305333681,106.38304071451579
83.72214183939921,82.92807224195842
102.13776949894509,101.76498968327077
127.34228216605351,124.64525403915381
74.51994485058043,72.3554219436741
91.62048058092495,91.11591014652579
106.91488497666097,106.4590313173419
100.89056380030881,100.34691769662206
91.48038167956827,89.87340862705088
105.35225408757601,104.53736833655537
95.78623024320378,95.4092792773973
100.38564211488958,100.02382269716487
110.18304624670306,109.86657055358783
95.72922547887487,95.31236038744113
83.86754365809604,83.25954946581217
81.0511852245606,80.41559498673674
96.23055689991719,96.09468723039878
104.86097825734974,104.5175303630173
78.99350795444994,77.36281981892897
90.97002268849758,90.57764546681209
73.69504371154028,71.35474281885486
120.95937331179888,120.22592919660119
95.95201973288607,95.4171696915537
87.36009892357224,86.08756740763063
125.25058545916102,123.0213745651965
100.82607298993987,100.57501698937655
94.5618835744213,94.27375782458466
93.3716015740906,92.70042871027445
120.33340359785268,117.53001845225754
84.00785796837923,83.12355801791372
85.07357439028115,84.59143324026854
92.2301655653905,91.93192707877152
93.68363532039307,93.28873993872448
98.49733345529863,97.9887316003584
94.88508567742755,94.53109022583291
95.44657389240285,95.21950465545623
88.09771671245582,87.45065387769515
87.17325685884191,86.1825860527891
114.72434730614475,114.19101703519831
97.35252026668964,97.21370179688157
97.10536462701086,96.73696247502085
104.66439563117883,104.26390577445665
80.95418053023869,78.31707078839358
125.38331402177117,123.28578831920727
84.09619787731762,83.43428145022283
92.90676522403729,92.61760689695443
109.5854677123406,108.9993562751131
93.57442811226609,93.40804683943676
87.16363487072323,86.79021285698241
86.66390943489868,85.96986537178978
110.28356741891353,109.58596322862955
91.86987507961214,89.70744657293955
81.6425918097991,80.96643850230573
107.5600261009038,107.18971763239918
96.25577317674835,96.11534201860576
95.17514744757145,95.03730893334078
77.0593330204404,75.59750707222761
111.33409188142298,110.88088586994814
80.93555396233309,80.42573899814376
91.71728129453977,90.51501748190836
77.58004155888106,74.95106432978129
106.06639496751335,105.91404005597616
96.8023314302132,95.9107826761326
92.14127282526333,91.09372739388262
127.5196607458368,125.87851797297445
95.60397861490806,95.0711670984441
95.70982745631134,95.48385323652009
101.2178087517949,101.0939382952841
107.15884701206451,106.97531545285953
80.14938102795833,78.28973028065498
98.10032816245652,97.82550025963648
93.716016115765,93.31765245651926
107.84410193027524,107.4284156628459
101.80783799214905,101.5574214428699
111.89829063047884,111.2293590664988
94.28630738642796,94.166646220521
98.13254072568003,97.30194506962974
86.85537089220125,86.16975976080613
86.56169773257561,85.19852966843659
120.4185975858926,119.75073475748759
80.84619787382839,78.24581470915675
131.67221441072004,126.64651259366097
91.22473342481351,90.58938279277017
105.13780811838544,104.96420790494373
114.09326620499932,112.86194626503921
97.88322512770239,97.66023655981641
80.26424544612729,79.33987374648977
101.2528026686908,100.33396137861733
95.01583346371036,94.63712500623693
99.35135376459644,99.0960603401651
99.48237067882772,99.27466563928776
99.0586789725527,98.45073371755117
88.5891668975333,88.03072069763225
95.58688642071974,95.41619802408856
119.43109187592422,118.54362585095818
99.20573668589812,98.92050787962427
109.18472814629608,108.54019061436509
96.23410196619477,95.91454274343407
100.30979474550057,99.55543672110919
83.10411804475265,82.14341455769535
101.49660226031487,101.05400349423607
90.58215290425356,89.91694790196944
90.90309773239082,90.22789776632025
76.76800857466655,75.37714031830544
103.9233077264016,103.37873876933975
89.35373380947311,88.3492354030342
107.81213035492368,107.32081610967165
95.26922128535743,94.6106734117345
106.97111451028057,106.46153936191207
105.33619982725207,104.60821145455522
87.99945145081047,85.78675905587271
114.9609946211239,114.79539039163458
94.63766314164604,94.16679296706175
90.94773079272983,90.38091281910405
103.28121167445954,103.15318349564748
90.12096125498908,89.06723238680557
110.15068458677682,109.73401974305312
87.76136806598022,87.02359629906339
102.39979289686778,102.26753477801199
99.51331944097684,99.14295438180231
86.41330501540274,85.42131365987078
83.75902239650576,83.2779279666101
91.82339270753201,91.61193177652893
78.7686806332493,76.4737612976998
87.63689610565594,87.37536698700468
95.41012898692225,94.88796501097394
124.90878841980087,122.68388555929572
93.67795382427032,93.27552498845164
79.95414494377735,79.3839724299764
105.75029067817485,105.48136333642249
131.63277933281512,130.47516513532494
88.32751132088886,86.16179950208478
119.64436935581345,118.75342966843532
96.43532882664864,96.23000552854559
101.83747925685053,101.66040177191115
101.175858694697,100.68027544476178
84.47096417603687,83.43389122133607
137.55136149826228,135.00090609189226
101.66901670359553,101.1541468133396
96.9642378839164,96.83048827675469
106.89611346375203,106.7034137990732
79.96940823305614,79.03319325953483
110.31293053748836,110.15705627946753
102.5045938848027,102.3132971826664
95.46659320583792,95.36402757881883
112.79739700363844,111.76154364044069
94.62771721436302,94.43319090094565
111.04907840113128,110.36699372941658
86.42258439718574,85.91735569055352
100.60929114110967,100.12825536545624
80.26714281189012,79.34059993844865
86.44251474091348,85.91957001482375
79.78140644658623,77.29320835217877
82.50525206511242,80.4114298696355
103.97496163472002,102.49339389817143
103.57660062359422,103.39584450493861
77.11310742576612,76.36384206519861
95.32752582534596,95.08861446556543
98.594461373583,96.91846868075024
133.04007715407224,130.73742634002545
113.1441518110348,112.92037906921955
101.14555603027772,100.73217234086871
87.2870884694425,86.72406184760798
100.82450300294846,100.55984901875372
106.36603822854971,105.67123621601665
86.29042513443254,85.77485050162362
103.0290731233494,102.77365726513476
91.77884156180185,90.91840427004698
93.58348774693486,93.27718223084521
94.58865626228273,93.90484245831065
101.96164276520267,101.45540070507256
106.79842360351631,105.82651563273009
86.69397516802528,86.19599523935759
98.44502768978799,98.11995100345949
99.58591850168057,99.14031473442348
96.13049613770056,95.48165384596996
119.21276273135527,118.68173408418355
93.70746128076577,93.30841657213469
109.83123689158352,109.29024803331231
89.8410785175899,89.27233460539608
102.49065583814888,102.32676728243763
96.05153294116508,95.80975277075174
85.56682908714888,84.88872185157985
71.67624793713026,70.34789655022016
90.766830135747,90.4628175970693
110.81233448492515,110.17717308306881
79.75566358169438,78.84666392038311
96.99268337812245,96.56683113549568
104.91497338752575,104.25183664599423
92.1508841356677,91.94413271837729
98.21883271459865,97.55359306434443
82.90217683410637,82.10250586283573
93.3101451086422,92.74237623593125
102.37881069096011,101.9529608970403
89.07863392090374,87.22939536273323
94.95882223620815,94.7796530926396
103.14091822114786,102.65839716227278
96.23927521685003,95.5769918166164
85.32389637787068,84.80397835029716
110.25220317192188,109.92704458647744
99.0906941978141,98.08402366260945
103.44070554146501,102.93116814953618
99.40258207227772,97.9922093181798
106.67439093754824,106.06578343047741
111.65037409892523,111.19813880304784
104.22576358487382,103.5898704006881
99.66174521966532,99.29479003309913
82.66473545575532,82.37098798293647
94.70385820844865,93.99348314085638
99.11405614379053,98.81062541038197
79.73353853530406,78.49998206571968
113.45020847344635,112.00300780145311
97.31498947854314,96.80812315171673
105.19654276304954,104.94700293733109
89.88502286284914,89.1043596416159
89.48402468941197,89.08988719932006
98.51650971728135,98.37372819491512
88.12331926745941,86.82495199430815
94.86300627488181,94.69506471614966
97.46131386407905,97.38429174196824
90.15160661887556,89.83144832855302
99.589171552669,98.99175503712522
100.61511459129503,100.28669629862509
87.758647632762,87.13152100587497
98.4907640481287,97.70610755857973
96.05031052050636,95.3412861976066
94.92161275575774,94.29118506817052
87.2168946959848,85.98893658992456
96.30849403532955,96.03039091451957
105.2870171333744,104.21284788525482
112.26082270306762,111.61154121095365
87.8776761884564,87.26375228821752
108.8039085668531,108.46131239399095
98.43427658409462,98.10878295320364
128.3797574623613,126.9948562130716
93.5928075765813,93.41330552058652
123.75540156138499,122.59196506093608
103.22525992614361,103.04057923768266
131.4173547717908,128.86406192962917
99.88204055655821,99.23870092786846
84.23467100397673,84.11985498440461
93.88938445587969,93.24822964679352
131.3976749873341,129.4921065545148
88.37859409314329,88.06814430759397
94.17052683277618,93.78668613609624
90.90959150004227,90.69998387839921
97.51032762205651,96.18571122047067
134.35807416764845,131.38113117611223
85.91526308671436,85.23377210012713
123.83886586041491,121.81833320050299
107.90850509884963,107.65894212554007
114.41377675469188,113.7505384159588
72.45794354321744,71.30704412828005
88.26471152658537,87.74944877100586
88.71405390889976,87.53848674386597
112.99686632037199,112.19595340624352
86.43386149323948,83.60596536451362
101.57109872769371,100.78391934147365
102.4139297896939,102.32123059304031
99.33399036388639,98.95246054866445
85.74003203437464,83.9506754627898
84.9698379213911,84.06825828238863
75.47002279051806,72.57536007583622
118.8293360610797,116.91189005292196
80.20282990281807,78.16758552296642
107.19616791458483,106.59496021726349
110.64916561098029,109.88962707510504
118.05507793076308,116.85717976277746
112.65125407047306,111.31929006723637
80.19751929195891,78.74409987865248
87.23946938870172,86.36602660905073
101.93170659712294,101.69770120031856
111.66398261874794,110.32800754345145
93.34722098221332,92.88269530980023
111.14289885174601,109.69973746723666
105.365259725578,105.14313650319282
106.28733543806828,104.43967070507566
96.78900851973914,96.53666177617755
100.81400600652064,100.65046395582011
94.12620419417051,93.85998023354733
100.82925404919442,100.38265112203419
112.56616799023465,111.7955078016347
100.81600574716738,100.70254794110973
110.62762988190339,109.71466876488667
97.98415865666168,97.48721751362208
102.16752277044742,101.6583219601817
80.6058433036706,79.93484209875211
95.27749695923885,94.97186827210244
99.66997021937571,98.68528450796852
87.57511386536895,87.32532335023664
71.47253565975127,69.05478752163675
96.56529336223706,96.18310535525359
88.39033602718855,86.59693634240598
88.23662417646807,87.79232494209327
110.60025663383058,110.15855197925097
97.4491550002682,97.10525029390381
102.30609853247012,101.23292888830042
107.83884957787527,107.25073893349708
107.5806302646643,107.42100214264539
85.85246019836299,84.59217791049343
106.06984448502818,105.67334021587403
95.45484291567999,94.34505814872946
77.76346054340458,76.09634191101041
95.92660243680957,95.71693371389959
82.61855034081698,81.43465647723029
113.01498879473698,112.34839902805157
86.6258482000759,86.36808599071597
83.00783433289797,82.3087552460283
89.69772561916889,88.86339882819921
112.54185404156246,112.24655049657882
106.38682737454891,105.84302971126732
93.21680591254385,92.75829910089395
86.23745531439937,85.6378139176783
109.84809969469742,109.52480857315955
118.4389310174913,116.8299533697511
91.73641834123232,91.40759137206787
88.34830322108854,87.85104917298008
97.13232894926375,96.79856408755693
110.28614679680919,109.29187713939965
118.923357677005,118.28243571364865
100.03341706655951,99.35270872161423
106.74629167476297,106.44543373873974
79.15548505418283,78.45546991594331
80.79361388947105,79.5713067420523
98.04113385811318,97.63094321575123
103.59807489802206,103.42671486583491
93.9694986950115,93.1524428715752
91.15907623730585,90.85772523183047
76.84251205573737,76.09776707327295
102.1055772168259,101.97989418578173
90.15070161836002,89.73496139558377
86.43232934768793,85.842695214035
101.90683321931002,101.62192407832846
84.20140497329763,83.23008141670047
111.36595064116726,110.94187656784484
106.83466828819208,106.61455275114713
99.28828862392575,98.90677496866931
90.41808190890335,89.83144381819987
103.87874517101699,103.50613936334915
94.92945347351002,94.8092274464733
86.75112820696715,86.1466895705068
96.25649292929094,95.87111101095971
101.39460421478687,101.26914303365129
103.0573268889151,102.16171844903569
107.26403091986214,106.81744856328824
78.20249723812204,77.30572855497182
94.61518805904275,94.32900586943529
104.7242271311263,104.45419739759727
107.76764540331591,107.28161499824948
113.54033138394183,112.31420396795589
81.79576893388212,80.60914412434101
117.88457043288112,117.45675423837494
79.40519102586913,78.26172410567423
88.91259486641425,88.72583951297287
78.35584267447172,76.98723283413878
95.21420335312358,94.36604603024065
77.057909356032,76.05589843099386
97.5735988299015,97.18522988882562
89.19016674061068,88.01122545655156
78.42609933450521,77.86542806768772
108.72578881639168,108.45541874825005
88.0751918941832,87.65812366140793
104.8327091790101,103.77802347163387
79.8224492866656,79.24036274624197
103.74265278439435,103.01816038849216
83.26685759289778,82.61773532160004
107.43872511758636,107.03994082225536
97.00453961735334,96.4369478391165
87.16112432395254,86.67887498836951
96.45294403389491,96.01346326249897
114.80857654713229,113.23852202447222
101.4534232179853,101.23834805307791
104.96655719946119,104.54920393972301
98.15638515460313,97.862117921635
99.51511985960859,99.10017815305189
120.17452023460554,118.75569645118492
95.58625274158,95.0188220288337
131.24248744360153,126.79012692656471
102.08762726433882,101.67511233232858
97.18938022333619,96.36185693178318
104.69230937541182,104.29943074324274
97.20507899887276,96.74884813922304
87.94371273827286,87.14815956420632
103.61488531932304,103.19271017855576
111.04141765597555,110.41244921622152
111.78347773048147,110.87646841887235
107.79757356918043,107.1360147507951
84.71039889649232,83.97023800708465
115.6447297702228,115.09973418466656
84.86313895207381,83.12255224279443
94.5916835130512,93.98772350503057
88.069451125776,87.73677777996211
93.55181503748653,93.2416619640175
95.81481434168018,95.63663755218174
82.49948542187578,82.13158485235924
106.20443722271568,105.96623267570028
92.47008581866774,92.33120847635233
93.67379429517322,92.21145057181384
86.50747554457303,85.96353630468883
101.47389058682165,101.22674152106428
83.18485584926059,82.80215006794896
92.67435989996838,92.45986460774316
110.2920252633143,109.92605769120665
96.73051226219272,96.62431523509613
71.51208311757244,69.75581592384331
78.8656157152469,77.5484031811008
97.2431874301594,96.71533741426764
108.38565746596728,108.03257185095825
96.26731217046648,96.06641728017621
127.32876553270444,124.39490563949157
107.19694821461282,105.9857419431723
84.19347125634496,83.36215647620276
108.66380264974813,108.28447639518114
99.29364209427092,98.93926173852236
100.31447995084196,99.76600809471233
102.26068957589645,101.97543650018422
111.82487049955581,111.23137204722839
91.38388136748723,91.0678274977491
116.13464132347451,115.40594915097907
103.31805373598476,102.1667696111701
85.57490429198333,83.00239285305139
93.98501077769309,93.640907495785
70.26141803136242,68.5756732110296
88.84199053597678,88.35848197545481
86.08949399239451,85.78648769957479
90.04915564265355,89.60682208618722
100.80553141524823,100.62621897163174
90.83534220675699,90.56650835731973
76.61078406473119,74.4460948582512
128.6235185598506,126.15363811442583
117.1248856933619,116.69472106724626
90.83134842270206,89.52763970927306
91.74084896584476,91.03657911630847
109.5054900985985,109.06637324957164
82.83231997001708,82.19979956129056
100.45149691020465,100.1975997695037
92.3467885653379,92.06574896159218
85.52522298554285,84.75878888203653
115.26807422111825,113.7667943790822
99.2246614112374,98.89520668653225
88.27599790589669,87.8566551222157
92.52273905174098,92.26077509973133
84.91176926222168,84.01404229962877
79.60625034432759,78.46917906423961
101.95373558807437,101.53870799099276
106.18654984896475,105.71197828332285
87.78332809865329,87.3385722122115
95.34789819283405,95.06930857262654
83.00841213638549,81.02568944508835
100.00274216672065,99.66152440427045
84.66309917142878,84.28442459204638
100.52947486524872,99.78616278569399
86.56190004847171,86.21492160729812
116.60334068111922,114.65268318604785
95.82660195760911,95.39179629268173
100.76894738766829,99.48623573190137
88.78851754365856,88.64250801439907
99.69528499111404,99.21058689255254
112.01932657845613,111.70690331745227
101.5090463905061,100.96980294698628
106.01278394583456,105.15370765683296
105.54684025680223,105.30147139140622
74.50089231133242,73.51200914608695
72.49666195292976,70.6541016465302
86.51564146705797,85.70346053987812
89.26763416767298,88.83335116986495
79.27421371464206,78.30562408357872
72.60546867622203,70.82299734612558
97.8427879871388,97.68261171901497
95.77038523446836,95.46221439401438
93.27698419339876,93.12084161487539
109.93857415563693,109.29801054695201
111.79931594984711,111.08956717122676
124.24361729082199,123.59699291691335
102.15250328719098,101.8855425340569
88.02495082808376,87.26581859187863
89.81051272301322,89.51849148572076
105.12579083904288,104.81117257009937
88.24478793095906,87.48340931900037
103.27517131725136,102.90066047927077
87.65745145667853,87.04220774100105
110.35190414346982,110.05406863365548
92.46481759981236,91.82200209886501
77.0416707609751,75.0066304233971
80.03250416770383,78.30436061112778
88.11465411981831,87.0077643180376
107.0601772172866,106.5585012571095
91.86241509539248,91.28323236668543
77.36412479704444,75.9022157334863
93.80056554931865,93.48354243606246
89.87608825037739,89.43341746544614
88.66556495668891,88.19392907883098
102.92344987947114,102.50446759531809
92.84768890156673,91.87806368721877
88.32632989978427,88.07664943000572
92.16061214525973,91.58181578228475
90.57459488239373,88.97326030003167
81.56959529227984,80.31618441013991
97.12705103861428,96.4039589306794
97.88596595351211,97.38054318915634
77.91554360833508,75.02323154915663
85.08277475575098,84.80885403523168
84.95973557113915,84.40464023102851
114.70750711539922,113.91087338082986
86.50135915142133,86.14425670741569
107.85239946073101,107.49877541841542
94.77315897183833,94.13015784296925
103.28748788126155,102.7382271239961
101.11681306820367,100.81418668359187
99.39064392996585,98.26273397920222
94.44950369126497,93.95548855287723
112.10689272364515,111.30770760332015
101.07053860649299,100.72717470803907
108.4007864732841,107.85988898521143
96.06614662872417,96.01495614745444
111.00879134900282,110.12350424635468
93.44127623110225,92.77740928775499
105.11732371040478,104.88567211253552
99.03535977642088,97.35369765093088
84.2428165853238,81.44918871208337
94.67824499280991,94.20661544743615
78.4863767253344,77.72302410814633
95.36798376244468,95.14326382202444
103.30396673208097,101.94631820811672
99.4714225550187,99.26674183239014
106.01130367761547,105.88216775885172
81.62667235478439,80.02411402614062
140.07965971979132,138.46689269000572
88.74757107312078,88.35247141662289
102.2305028917315,101.54957983369208
87.25899448797476,86.97355498148771
82.88648348014593,81.40989581951585
117.20740093786372,116.7897269370972
105.54992788282095,104.98836932002595
114.46644893101025,113.7195790068237
89.94057819985385,89.60757400230345
113.65308043405011,113.34012798409063
102.97693565863601,102.76654672761282
81.54316846060999,78.82604363720255
109.68431919065489,108.94865948890295
114.95675850017254,114.27432864352117
84.37172163876761,82.82403690665971
83.35835890343574,82.8326759606658
99.0827447197118,98.53065474816859
111.48098237317507,110.66330979544472
126.32493569161902,125.30429251339675
90.80379570981023,90.19108279258218
93.93232633756959,93.0212664164361
108.10485919812865,107.54242590233207
96.5719114952496,95.04132400491791
95.9037521782384,95.02602273852776
104.64437826128518,104.04269916379947
93.4198092165822,92.64378999959848
94.71584202022049,93.9860124884973
86.28627015511393,84.6536117657521
109.39753832786509,107.89597958238659
81.9140581096758,81.57317352766994
98.95864814032743,98.41886458516609
100.0831202731649,99.83389403921176
99.4918850137091,99.1246354072443
119.67965245145642,119.0834136870373
94.0077362355866,93.88666838522843
119.78731347070524,119.11153209999341
108.7442444590193,108.57101971588952
94.12249447524256,93.65559487755932
109.6345208853467,108.30948402820854
88.56848261736509,88.45323421392017
101.21604939503153,101.05026156064172
86.01516805219114,85.59773335456688
102.48121301278952,101.97913346816935
98.07254149537239,97.50351295648409
89.93732763252319,89.10670781658715
104.109115411484,103.14878411636398
100.60348050764973,100.47484492188342
89.44544139197295,88.02071472874603
102.30761491050544,102.03977997409412
100.00640509328424,97.83321633513431
107.3526463286428,106.97878100759421
82.38303756562456,79.93118751814943
87.47776672218781,87.02215439170912
103.15399535298764,102.55750277049295
130.20551017345076,129.05078427241295
103.7058905561301,103.20000953651821
98.99440764915893,98.83155598688148
103.42468626687796,102.92695958943037
100.95176757567216,100.43847850956169
90.52456825884099,89.6938486283925
95.41071750781762,94.73999332056128
109.82217316446837,109.31358698647797
109.9513524113943,105.62085683673156
96.72380236279696,96.43565190068615
106.62643850378527,105.9234170208436
94.3993664202373,94.19140706904672
102.12345312040252,101.92698073390095
102.6012895533752,102.08413884047269
92.88565290581515,92.14405539522136
91.27480064738245,90.67112522802202
97.00344442783735,96.68520081518433
109.39063449353404,109.16815970340255
97.87725837899296,97.47455904887933
98.32649741269887,97.41444515149912
87.1017576874828,86.30270431984232
91.05645839249551,90.87141718490784
88.42052488290925,87.8595277323601
110.70914794488355,110.19384844119872
88.11633955699901,87.8869043037233
94.64548970380973,94.25653154082447
81.13074089159312,80.66657388812811
79.72877542451721,79.13305228071745
110.61410251601261,110.17966086440966
103.69662672170911,103.09001329798907
107.59761053734857,105.73494010666057
96.60866514881727,96.22390961578606
117.37703160354553,116.93654237404836
111.58406915592826,109.83457747015999
103.60247517976578,103.29192002856661
107.01989219903795,106.16514845195212
101.97728092300831,101.73926426888896
104.62266460656333,103.09036137885543
89.58958888624285,89.28271643526476
101.70899393062278,101.35667586740914
112.35753912681803,111.25768348794564
85.74385448996718,84.82567642981869
107.74161664273508,107.45586845434991
80.58926288185518,80.3139224278265
80.2220902071043,79.3966557137978
88.3127675161299,87.62708231039092
94.35182242985898,93.91907395532765
110.63198331681086,109.48922613093214
94.08593158215155,93.97721942117786
91.91855593242865,91.1172089093765
71.5302064745684,68.7256553876645
83.16801730902738,82.7774107269173
104.62422193256447,104.27638788227819
89.54398723717495,88.56188522985434
93.49777501988923,92.8577010439929
85.88039851283813,85.41121850618464
91.24081548203623,91.08433974029431
84.6378174966791,84.1759921449974
103.60981575304127,103.50318825312588
86.00685574107587,85.40845006739131
110.73740707069969,109.9001696936564
99.64994880338277,99.40487034074968
102.12119817895848,101.56410178863587
86.01851270905179,85.47323861290589
100.88316507316974,100.72859010515782
87.11007118604972,86.32371076668099
94.53157543274692,94.15141282527554
95.42920274201477,94.67410920483282
107.92593289256263,107.3129769787775
79.61180285453833,78.08725452858907
89.94056073418793,88.52523508902141
92.38462871192522,92.08421373620624
92.31772443322374,91.76540788705807
109.89901782172839,109.67424961607702
97.02656931447979,96.47220992998874
113.17187727683068,112.19736792802551
81.95624131489798,81.46022772201516
118.58535084131395,116.97460906459864
100.02780612069635,99.65540752208396
103.54969707825467,102.08890854650932
87.78021652721456,87.32338138708621
106.77696490128835,106.53646750157448
90.53640052732676,89.93132297210423
92.61740775914718,92.47961204996537
79.40731507052236,78.51551495172913
91.14771312422556,90.60192733760428
67.82985352448874,65.4347478123293
81.66106379623032,80.8281676803984
102.18043140097693,101.25841900811463
112.56807087713449,111.6762541534896
98.53639076654504,98.16039754935086
96.80036112524952,96.39586599682015
81.18194946542317,80.62350842070391
95.54040416517513,95.34379641197012
95.63716994701619,95.09458343917083
87.36262816745693,86.58501074961806
103.36659720772641,102.93182287938758
97.08585385566278,96.53379179324507
120.07888340704702,119.08663415046585
72.96197396780629,71.44466047639143
90.81711767683049,90.52305975747485
72.22536814999556,71.34886222606256
108.56313707738727,108.16502047386516
99.35741002166692,98.92252744211527
104.69038106462678,103.27447579871973
87.68355760375086,87.18637466843508
112.95926274066065,112.7086847318746
86.93674607187734,86.14919572971293
86.45737748950648,85.59514733060115
110.20010751148033,109.10497947366656
92.81520147646947,92.62017489364013
97.50475351345922,97.28034979896617
113.50723718131368,112.3133115021158
89.1546485963598,88.16906744725138
88.71636891795461,88.2805879725707
92.02595605348553,90.89306623580877
99.08998485460774,98.94535609545416
113.64609899637716,112.93740515364141
79.12264238101848,76.53761074623462
98.15207728053532,97.9780840369328
109.55452433204373,109.31471540307768
94.9673560459554,94.79767842122118
113.7543746217041,113.03268300446072
77.66371467022253,76.75288601956814
95.4706131162698,95.08907997144732
122.53875233483068,120.9413130479653
105.92905072026991,105.76533399584001
95.21022394980993,94.62169984347214
95.50825388557143,94.33191731215209
99.5794706846254,99.34241371138111
80.12966420857546,77.8771839273647
79.11765180541312,77.7538928468541
82.30467816059911,80.95450095819649
119.63277688678481,117.87151085175148
78.68829125361655,77.2928703975738
107.17523012495226,106.82673259045421
90.68481137829394,90.4803918104591
93.03349285920079,92.20520533208665
107.67837772776912,107.44313906863019
94.84186512559776,94.52281002649819
95.89491110976323,95.6139255065051
112.22637408748714,112.00516349638195
98.03925024919559,97.88615743364248
94.58441265470539,93.84304646662443
93.16961693930747,92.5011065838884
94.73610834084462,94.47903031688826
105.26940040829604,104.40774087950213
104.7091317935028,104.33162844580606
99.81421631441737,98.63392535846997
90.93469083662458,90.76601598911108
100.07703556371436,99.76536730847464
100.77377522869497,100.48802683621436
94.91052218755857,94.57913721339277
95.69562917393199,95.390831731933
114.39714370465428,114.18545091003966
76.13398366638744,74.95542731106255
107.6253826697493,107.38562364400674
83.90620804331688,81.78004162658087
83.87277576983283,83.10632032841897
147.74062971510864,140.1499616183497
84.43378711488207,84.02093339626781
120.23682038561057,117.94056027483232
102.86394282984494,102.63800244826932
108.09736127533328,107.45250313003812
81.72107043741087,80.24978224703052
79.25845104793422,78.74333874894427
107.7513665629758,106.91126088236314
88.01383953886643,87.36300996869095
86.85941463971672,86.01557079591662
88.77484814487588,87.81125888344346
95.11968152859221,93.27132796984209
107.30691122643988,106.91951168534466
92.15615553524685,91.88873200015779
97.07033193747942,96.3730082231448
81.02092725479503,78.22372640127568
107.92521312895911,107.67818594895144
90.04545031696112,89.52021200790509
87.20500017395288,86.3297255030582
100.51930803737392,100.28778640975206
104.7508335112782,104.40982064299507
83.04273446468815,82.10584495425152
87.51094877295938,87.3302098725191
99.75519881661427,99.5175795212802
121.76474487065276,119.91869546876421
88.80815465241947,88.58127942664477
85.39698818701663,83.953717757144
100.12914921807545,99.85401093818349
96.67868325133679,96.4456844533011
86.08968886144345,85.6403621713315
90.5858005331866,90.08050406542336
89.35263448439089,88.69456151159143
84.36454816719807,83.99146494730729
94.45378756692583,94.2813500745137
120.85705197699461,120.35025858433445
96.3060937067364,95.8997644314109
91.81830963395142,89.84555853874534
108.08505476762892,107.26239613974361
79.00737084350439,77.68582394711555
109.30910761098905,108.96924843798894
110.67103685849557,110.11546871457196
132.5917870790432,131.17640545206206
111.7186007943009,111.4661239496381
99.16961206777646,98.87252043685449
120.50265436058055,119.9659988144488
88.26314002918599,87.7503047692002
103.16715682117798,103.027779081126
113.42906244793447,113.003141677551
90.56953433234472,90.28559892447187
105.76889145819095,105.07506862863258
77.22782191376197,75.76372157457546
81.68431533189859,81.0764204311056
120.12419459807427,118.29400787431473
111.67403152783486,111.01072005259233
93.03364672427442,92.42470197278828
98.59861701944705,98.50884447020451
125.75519560834523,123.91566971286694
77.26595993836507,76.73705587737739
92.96657325453693,91.62508044297847
98.92620168643757,98.40211545580455
92.49610602980552,92.17338563002356
101.20098545484534,100.49563057427054
104.00101728696244,103.82875543966838
97.8262306114232,96.80315825726738
103.4511808010484,102.40074995735245
97.60933564894893,97.06481023013129
92.51135851342114,91.76126394351516
95.37917104979643,94.86384002677963
77.08740142395422,76.58459459913645
115.09150019805597,114.17775610288759
101.08534358886408,99.94961329055225
115.5073766573539,115.00794214726928
72.07604501982998,71.40380902459306
95.16793124730086,92.60862329809852
84.6720607820274,83.44294143289507
90.30165093568638,90.04367345370511
83.65006749004228,82.5755690734469
123.70868998403036,122.64191548049736
94.76367056299132,93.48193327359716
89.40558215260069,89.06802592719657
83.74347787915447,83.07919972094327
114.4113730419206,114.02460206322543
90.45560600557137,89.93767159856434
104.19268452414467,103.59084543235979
92.44460740543764,91.85742928563018
105.16280734362708,104.94303191029614
74.64638828832729,72.87846861453359
102.7761544154118,102.42704887867698
95.31792179058381,94.91201407304055
107.36950670504223,106.93647608082797
92.24208717872416,91.87489611091233
107.65464323745508,106.79602524790019
87.81230294513372,87.59282650354352
89.7600843683659,89.44771815528684
95.09160283432182,94.77437239328353
93.29966910016934,92.36611601200467
110.98738171484283,109.08731238291517
118.94476226569361,117.85682417727612
101.13003480348898,100.61874062697949
103.53104522404237,102.9473140508911
92.22517309171126,91.45170939800454
91.03708029100852,90.61416490429178
104.38560357749503,104.088055585531
86.661144030556,85.0894513532645
104.48033772010318,103.99670073134054
95.9775647933176,95.6675982870257
96.61944530950463,96.0948507801121
112.42803853864598,112.16720624903259
103.31350408606485,102.88417951179403
93.99693467097275,93.68415908419362
102.9962034934164,102.51310466808454
78.80448822894044,77.45919262190291
88.68975790733552,88.0889119007921
87.20443055444504,86.71048050980782
96.69732066814142,96.28048199820113
101.66815304888131,101.36443897390988
94.22157759479283,94.11506092872337
89.82521243663085,89.57697993581807
99.24311698803359,98.93983880286935
110.1790673945416,109.27529738912092
83.50259649217328,82.0997429152009
108.63525354935315,107.38481954363307
88.30149605099103,87.8223618267036
95.83710048540308,95.67582375766666
74.58694735968935,72.56098840334015
89.43728418918104,88.03777349399499
87.52316071120849,86.63776099237975
91.14444218801829,90.96841596868515
112.46494593005144,111.46241859060619
115.9470999791479,114.81512846098224
111.77283212954767,111.31569121096474
110.40181606002248,110.06480213242226
111.8720551970147,110.96593931408403
91.16584117394042,90.78810624391294
115.53664730710133,114.06434068665448
112.21794174979394,111.47195578221626
98.5207022918473,98.25496315672557
110.94344279412958,110.73909857105592
96.95490635740762,96.49864356304923
89.72883507747196,89.41279758925758
93.05173780574509,92.53819404035036
96.59910810718759,96.46468404057899
84.79265381819773,84.54031947515972
116.8071901895646,116.34414392245952
105.89391632866871,105.7690590339339
87.93618966294999,86.97108812540003
102.09384651246508,101.86535319940305
104.568022704739,103.27496772050227
99.55947582365344,99.08745235249076
96.62799789523122,96.44367408494274
101.93482629966776,101.38422951465215
101.51352642993534,101.16859307192327
81.68096610807567,80.4962631141656
81.1013256181794,80.20750566159492
88.97953419299523,88.72053401339029
103.66162051325078,103.37704776957716
100.96172055536896,100.5221438366008
99.75730459585525,99.33509084590648
99.77650069265668,99.52632861367447
126.6291781174699,124.52341211526722
94.56268644472625,94.15072510566142
80.21288509282178,79.71706577085546
107.13923460027114,106.63590533367403
110.21483664000615,109.79192541270375
98.50202850763833,97.63539336704586
88.50460777276054,87.79909948854154
108.6423823944327,108.23885335853534
99.53650255597813,99.22161981302416
94.19759624833262,92.72560717357078
107.37761281928229,107.15944162434761
81.406194225413,79.52506948580012
107.65345118123857,107.1026727029976
94.85502342834452,94.51880158457908
85.00242965908521,84.64502755855128
96.94591727609168,96.71315111119138
78.29125457044807,77.25481291069059
117.36438012521292,116.93412563896071
111.98062558072876,111.23236419107663
90.6353606540896,89.8847083438116
64.81127375901453,62.663055215755165
108.79335758145464,108.50603897824548
93.39079555773768,93.2091811803709
107.72781492620754,107.15748511767177
106.09978129794132,105.07156601444458
104.13678914437692,103.89472809336141
96.4771222096257,95.72097590866149
90.86296985719427,90.26072379582449
97.39918783654466,97.13852259833989
95.81271477451041,95.51524463654363
100.93314909025759,100.49977516825219
100.44183317960102,99.81354611065743
93.32997275057609,92.98460715876978
93.13907099281278,92.85109347034113
85.11688166032009,84.57603749805857
79.45162813894893,78.62700931743804
103.30927800485246,103.07787976796341
98.97269224264491,98.5534853756351
87.62240756048821,86.73347485317515
85.15230097561229,83.20208463811763
91.526291202193,91.38734920251373
105.35043774894801,105.0926959789921
92.13298271401672,91.57683696334284
92.05633955287723,91.26354572868763
92.90470326816855,91.53341311129336
100.86274901368252,100.22669382804008
87.9851937366712,87.54101130052426
118.9926099168193,118.42591250455156
94.68098899638203,94.34630995436308
89.63226481516962,89.47069846341535
78.14481039143267,76.30648588204306
118.47286940818151,117.78976335797736
110.9743901631947,110.33063034791562
91.33291818561158,90.419236487628
101.72439449103463,101.55873620518554
107.66357716586447,107.13924674309571
97.72641370536658,97.60068712741291
92.5945923721779,92.28442244116505
91.12359451839839,91.00043235414553
104.59795786917356,104.49232441420057
95.33831413207874,95.10573729231973
82.92088521705467,81.74029497044863
105.3858036302832,105.05868820235254
80.66559868917821,80.3647989930847
86.53848154235455,85.56095168645027
91.16403690963799,89.69027564960507
97.65910182843619,97.23072917054019
100.53204594232757,100.21245873987375
94.92790608185493,94.72350704458091
110.9723970589696,109.98651762056282
88.24988295174205,87.1052670258376
98.11434190005913,97.77002552930384
98.50913696704934,97.88013705249674
94.25234743885402,93.65537109853452
83.9588484401073,82.62257152817685
101.32675018649614,101.06648633076425
111.4525559974008,110.44366592961386
101.46771172480787,101.03189581821454
104.55913934737924,104.27995074202599
95.9328839085285,95.73701763892866
118.52943603414134,117.1484905857769
84.18878718961554,83.70612370871211
86.81019762151826,83.31922378428973
100.80700736121096,100.17236357344079
90.97214097625015,90.04147028529599
126.12426719243959,124.49169127587962
78.20033267996618,77.53613187652124
118.44197461412423,117.51561614477338
89.33570837937202,89.093023842021
100.57478615010717,100.09193480154168
97.69120396968688,97.022583412095
83.05782758863543,81.87167329328946
89.26211399169823,88.86219706270423
97.71325991975613,97.56069871682904
113.10874399745465,112.09457915903165
89.12777859889619,88.35679133943029
96.63552681203966,96.2302648410458
101.31995920022646,100.81297802692248
109.3780673853221,108.77510635946587
76.24554474364871,75.21389457673953
99.29321784339841,99.02438723343481
118.11878061738174,117.66446513190363
94.08615831476023,93.50825888009693
104.12391611725099,103.93023884464128
134.48089994667123,133.28549435374023
88.76405678507523,88.02643516724504
118.2013625918829,116.54636992982196
82.10098597672088,81.44998939181856
84.98566549681328,84.3424199537556
106.26753092908339,105.46085268196212
82.3126354920243,80.81245177916163
109.19688819540552,108.81971836605732
97.52761801621688,97.36645191613442
87.56842755405489,87.06284968244232
103.18552222119831,102.83991588440232
100.38711635912068,100.11308639066982
92.43196453891201,91.57434061620974
107.73616756225609,107.14335385546268
111.47844649718631,111.02596786386822
96.18429999068981,95.91148397712944
100.81064958593923,100.39343191229506
101.41800359278706,100.78552341152151
93.86719587491453,93.61658668984421
103.27508978374699,103.10533084013338
96.8432794653818,96.23564806881082
84.1650797986266,83.97626958653962
68.30793410783377,66.37897541968746
90.32407846085627,89.64197924158523
94.05211728531644,93.54614072068559
73.42308148318446,71.92205608868946
83.91823000088203,82.72222299586679
99.43994063798847,99.06040648229326
80.21027895107233,79.30312769209942
112.86552600770047,112.61672311243582
97.44299133169234,97.09014914468113
91.05006787785409,90.65894033032548
95.9213741990402,95.38151605293051
117.39152613492116,116.86693697211196
98.70181213711757,98.10502208307153
81.15017334251938,79.83829017073434
94.43357845017921,94.10872772916886
102.31466486864184,100.78233746767103
114.77959276124108,114.20281690946008
117.6281101694272,117.10675185262583
80.04753155842516,78.2650669632194
87.77520226457723,87.57447236652119
86.81380335835132,85.98293561053661
86.49051113292666,85.11128830551672
87.97485604784892,87.51028174330465
120.6248545969804,119.66202384904106
96.21179907594019,94.7775047281717
101.79650897890997,101.68337174676746
86.11262736605572,85.58773407299752
90.2335373378814,89.43309437263675
95.45741009916003,94.4184480069631
110.21810021798672,109.94244295042948
122.49913656919951,121.08312809443979
101.97326857869271,101.77014787986488
97.39925206917887,97.00260774751547
85.62683234318555,84.9517309593338
117.78845897638243,117.08758429075279
106.33005414765299,105.70677596940445
95.23061523945108,94.96588664621194
104.71453612792004,104.38808601879894
96.08883488364147,95.80655424586153
107.79381852384084,107.49052232248471
85.81646977335804,85.24210443331496
112.13236687739163,111.14275504607538
124.4303011026752,122.9657427446038
91.09581441868724,89.05187348329672
85.68763859758324,84.86807411253615
136.41466716596696,133.73916532210674
104.08442780424335,103.75717280158858
100.73670160829722,100.33912960767678
85.54361489817911,84.59119504508982
91.11429970968027,90.81693871963745
102.18556199322798,101.7310980156747
93.06645260281586,92.85083275933232
104.03641154908394,103.84668061353123
90.99520589905495,90.80817376108149
107.70811507677244,107.38609316446615
90.71688957397016,90.13983689703835
104.37408141030873,104.08517533338618
112.72299526074808,112.10166413923832
88.35721734904214,87.83723298843748
91.52333291288005,91.23475408167967
108.07741532242876,107.10145428374221
96.57965468859024,96.29150359452761
86.32557665520781,86.04250163505384
95.85032716882583,95.5605481014608
85.17060606081367,83.2708973108524
113.77645420004224,113.00493043124882
103.95375052381303,103.64171476828189
85.43772415420945,84.999914463252
118.50593388881188,118.05972061313835
90.10769225161428,89.76019494594449
110.50131075690877,109.8360036444921
104.11572921543453,103.78884175260372
106.18090828541908,105.88848787220972
109.79438467079251,109.53052716802911
95.94565605607022,95.37393855585863
115.79789430860464,115.25300367591505
97.33592462539899,96.98263159909773
105.26241904485994,104.94676257365445
100.57183351676552,100.45865144549114
103.82867036900583,103.28455050518038
93.95309214569289,92.69237656470682
83.42011387498853,81.8908616501733
110.14594218267885,109.82801115317217
95.84239911701764,95.52915472254047
94.10859665008566,93.4483258452226
81.17023705294362,80.67757764746501
93.45953213101402,92.81926140589198
99.02741213719088,98.58965350503615
97.81089953435257,97.38838323967178
117.00157418397262,116.3741374285832
85.05417546765591,84.61610129769558
105.40538695010065,104.55799312338273
80.5850932258311,80.15292544665898
93.64457552971513,93.40749680878743
89.1078852367026,88.8527985942861
85.3109023295784,84.48350169690701
102.925530676741,102.29816200876941
91.80752449493713,91.37355779436623
98.04179258211933,97.06542037668028
88.58820018202442,87.32675579553666
98.67138873644646,98.23960363150913
94.82985882204645,93.90376174543653
110.64387729751857,110.35133446270713
83.90931446337292,83.3450988523028
85.74058795880747,85.50667672754848
90.37062417097637,90.02155455216653
87.21808641359854,86.9488088923823
85.67433344079947,84.4920458474719
81.9092512275387,81.29640467742176
107.22664636490363,106.5442672150401
84.31672060914947,83.3306539394172
110.29470242133979,109.65680362953304
94.68231911550828,94.49195907702763
103.5453042127068,102.76404477279428
107.06985133555554,106.24975803934724
104.45647792238496,103.93663934663219
71.80832099158648,69.018604488176
96.21811448528214,95.72733269801304
99.91001591411558,99.44416085051878
100.38880611059602,100.0272102292016
94.96426881134671,94.5715153524512
86.34968776711358,85.93617351222424
97.8662745155651,97.48011467249691
109.1608200841092,108.79155501818708
101.59461696436871,101.42778578400214
92.55604665000581,92.26758155931981
104.7838548707354,104.45852045351941
81.30074732565086,80.13425104866674
96.07596645687958,95.43941110978271
111.2854203008721,110.09579520382826
109.99116516515858,109.83670240943933
88.21926588803427,87.85428837317095
96.64979927319865,96.30394640919359
91.46223339715014,91.14681816554854
82.05337998157376,81.61992768046059
82.34697988665091,81.86986399200639
86.91171468756899,86.07178482867027
83.15450162075466,81.19055290084083
82.89574878136501,82.46424063650775
94.48017117826186,93.86493530181004
109.3561463687046,108.40223304004475
80.63802381326693,80.2037328055952
91.55240027003661,90.85419199104177
102.55382064680047,101.60128591722149
83.49266069114555,82.24994102161098
88.4042296584326,88.03066486006587
120.64323666533738,119.97607125353211
95.58910671160878,95.11570114731101
96.58084051845441,96.42390353224843
108.57535792806193,108.12114466534697
116.60278141016963,116.1690392288578
99.9577652093849,98.95141868481842
101.0700040455155,100.77018007496574
82.74020504969438,81.96930934532617
125.77088048524105,124.50769398337684
133.52416213223103,131.0277142383982
89.45265979337479,89.18079103337121
112.70080841495114,112.37227574781933
86.88222638971338,86.64888524816377
123.44923745908157,121.8865617787188
128.2482065804264,125.93486495294782
92.50367691233221,92.31732814955201
92.32894153444484,91.43061469309436
93.20928610881805,93.01577119569436
93.0933784415527,92.8803303850343
98.7857823523723,97.9343269084339
91.91102310342792,90.72691006819973
104.70804423887368,104.45269939192531
95.20397967880203,94.83917415221009
91.41124558266706,90.88943072849341
115.15531688120623,114.35304942784585
85.86347486339535,84.96477183977744
90.94700536545842,90.56746412557412
91.14034844438034,90.79174481757367
90.917490688081,89.85293557570432
106.58693765668635,104.36046677045996
85.83078232894492,85.58350775038413
101.34999224629559,101.12663101570351
109.06719435144089,108.60071048476443
89.87934110189781,89.10075736205445
104.09664344082574,103.76245691093536
98.0328164292864,97.58051384668819
91.07543820460168,90.45859016779632
110.70096464191802,110.13720191253068
95.95077990642551,95.53878994988551
78.06544567581804,77.82970774024794
94.76495164149827,94.32870276336877
113.45922877211336,113.25411384031266
91.77759008845369,91.3842459783168
104.80798164417911,103.83193477844232
82.17381689975795,81.5592630608868
100.00560055810831,99.55934881785511
115.05419602206779,114.34603836610786
69.44320732854186,68.25362782695186
94.19005814816178,94.03617232786081
122.37637859818219,121.62860264038204
76.52133493404942,75.87439492103843
81.45108463157192,79.89879118930946
87.54212672197639,87.12810015787073
109.52232998190597,109.0141594600982
112.78983668463319,111.63438677684441
92.46831764719379,91.99083290440927
86.74828496183301,85.78904515138004
102.9985015988656,102.74057618908203
141.97960551842877,137.80154941639492
97.6950957395285,96.13889916678148
95.72854835088062,95.47721276207052
99.48809397327697,99.26726963445311
78.67639831131072,76.47151707584709
102.14876218883533,101.8730784699578
92.59810087356955,91.78293253244976
96.47417995141657,96.11176400591575
102.63718959319498,101.08820116113019
79.45875515115382,77.86576508471373
103.73394262236374,101.6328193141325
89.67466078543357,89.17073157018598
93.66951412634567,93.45190263275956
93.92867824162704,93.55030224772506
96.79950831366881,96.37721721576777
96.71272641203618,96.37535023839992
90.57497144597404,90.43515643719
107.72820305565347,107.20218495639537
101.37955792933224,100.12992971190404
108.18773220023894,107.64951386221026
98.22755477371362,98.01981957002292
83.06561416286957,82.61281948909118
113.55603405799647,112.32975401787257
91.40072809514751,90.92659752875274
116.48368055929126,115.99640487629584
114.08177203291208,112.97527614304909
102.0919539700512,101.66764118207269
91.55709499127111,91.35117336731945
104.5250995422617,104.38912939586083
86.91684194718299,86.21530912640392
93.77027103924493,93.12151719830902
80.24001013870145,79.91076107977509
97.94100273976231,96.22254817671984
115.04822420635433,114.23761021879965
99.68559395684873,98.86256312085489
98.82685452666615,98.37926663835631
116.08679748374841,114.64327353595223
87.17866675471448,86.28191362897643
76.09225033775506,74.49774475127937
96.13568282170716,95.89241285243219
88.3815174555167,88.16546291261939
99.10066919818141,98.59800340208437
85.86261053778537,84.73826967158492
96.52231295564043,95.880767274462
90.20151801781621,89.92907506547849
100.5875211572831,99.48664449541663
103.41177219110283,103.12800726572944
119.62519719705162,118.70818574234956
100.07113069904088,99.61980994290177
104.28904738614527,103.27852313061628
102.90780342471778,102.10764497962218
84.8086937776959,83.66478397429007
79.7457903721451,79.01438567667655
95.0837977558326,94.6043955018684
86.465961749105,85.64743088432488
93.28808976589764,93.04620263335725
82.07254556181236,81.63033724685293
98.13009849241085,97.61510082482839
78.51903607929526,77.0146646299636
95.33899987029183,94.99845497438191
101.09335245448867,100.67226135813723
117.54774239772689,115.78795480699758
94.26232210258469,92.83346705175704
106.95595819275378,105.94261478763943
105.75914708608961,105.30105119019939
96.72240603594382,95.80646729074066
87.8022173561139,86.96785478645806
112.52427562326278,110.58669740361702
89.90083417308344,89.48676199041213
98.09031974037867,97.90505909774049
107.86115212861691,106.42947300258902
94.21933463335776,93.82066772916282
103.27728942178872,103.10929495549293
118.38922174657093,116.50016183412177
109.13516561227425,108.24013612898621
101.82803710372701,101.58632484199254
113.3332803877306,110.89332890905483
97.30844626328171,97.13031369713195
106.89558213071678,106.21596518932974
86.95640766252309,85.9777616749099
108.17193830626803,106.54375093419968
104.34286310193373,104.15847694690059
98.24226282216834,97.61103530429322
102.75778239614775,102.40407147869517
95.30705318165928,95.0754263684318
85.12066920950933,84.32089831421025
102.23894750651652,101.12601713686047
108.471033064778,108.3167178675243
94.32635140345253,94.04271124532173
109.8564652741845,109.62063601027435
83.28540804224569,82.88319393277972
84.27050581387732,82.83016608460697
96.16705852340681,95.85567413464558
102.28189301630877,101.93852254375494
101.04759595902688,100.77051997715485
109.22240426936634,108.59128999859725
92.0621009932616,91.85216543974035
85.17838796020871,84.27546886888511
94.56233220948577,93.91271131505667
106.5962260741075,106.36907567592785
104.54465206471902,104.31894950192758
97.69627142182469,97.42590443966436
89.07773781023906,88.01831557314551
109.21329672688493,108.75341992174862
102.90566593719996,101.82939017790619
89.24864480079538,88.94404243796735
103.38589506051534,102.68687823663248
109.81286978611286,108.50123834884215
105.66789528366616,105.15710205936492
91.62461110690656,91.39561705113958
97.7723913358163,97.11819432551195
92.18854438201153,91.9286969653116
102.32181929685095,102.19283806015275
87.78300901826373,86.5368748392075
80.54838738568233,79.17869483291122
78.00014393200834,76.28489357418336
106.3291988659371,106.20614960074647
91.22357158204267,89.68461429821822
81.0624014871982,79.94048607883806
94.72052372433693,93.73377747458619
81.9735775474187,80.94333055772523
97.63927637259467,97.30648807092635
91.0811182433538,90.6176893881418
98.82858839768406,98.46372498319796
87.04507632321383,86.29993101579036
108.45295287848818,108.01813568251217
114.12157443322161,113.49061173275027
95.80521733706257,95.67186438093066
90.97861435253861,90.54589251444813
95.24474395622434,95.00501393038921
86.15502736885179,85.84731470957286
85.43261781696646,84.96056593792962
83.89376192416789,82.31679258867632
91.39693546835043,91.12174819218863
105.50926800927365,105.15958527843146
87.9525603309558,86.07996925550987
80.22714540693184,79.58666511830198
84.36766089313204,83.65395518560426
91.84043170762065,91.6379739563588
91.29762561563334,90.88455034080623
91.17642574682395,90.59465328286268
98.73796718573418,97.83676040242676
94.0812354814484,93.51985965067017
92.7278090077453,92.40869321752368
92.21448558527831,91.92217207541921
88.46324085335614,88.00282394870482
77.13017819613415,75.5791300303336
93.87448114022287,93.39086987318207
103.52771293986069,102.97469150801717
100.9629367028033,100.76642022212336
81.58849717023654,81.29064420695907
88.33232419145261,88.0513232070471
85.12318031519928,84.80844536264148
88.67927937129826,85.98315939357369
99.85558005680099,99.4428345917229
75.46911558934508,74.08275291139121
102.5703377116182,102.49053516792688
100.1828011245545,99.93759376686464
100.5738077235669,100.36663593396878
89.18944480602833,88.85248766547849
156.94192463087896,148.67830327346545
102.22342595016492,102.10592137561208
81.17058865831844,80.35539484081788
102.55003084147356,102.2194310096412
103.61394233744939,103.22711447381491
115.89793044874018,115.15870111261091
101.62265004445129,101.00242684344548
117.33116569644204,116.77425999462591
100.96007429991201,100.69595163646612
109.14563037766452,109.02508916835188
119.70293582307205,119.19192943306939
89.36203263133915,88.87031742682632
86.25327762081693,85.35665735002001
100.04139638996284,99.53307956369379
93.03998635330353,92.63949984122091
86.74295437209751,86.49122690685438
86.47991895827693,84.84838952775422
103.40912296778423,102.30618288084261
83.20046940003844,80.94642199248209
98.42576358874223,97.51961311497729
76.93634124826191,74.60172447752818
110.77890446612024,110.58273666532605
108.99419837209521,108.5832370671771
116.9715398011397,115.41389406899982
104.03933607022626,103.76252667897337
85.37652144397721,84.70749232145539
89.55221817345884,89.26098116185476
106.13598924621958,105.86480306116225
89.18522949675294,88.64566409115135
89.32535265595085,88.66545045445052
80.14994818023742,79.68967236636094
81.27237164207149,79.8293462365975
81.93621120863294,80.39889335219362
76.83090558775126,74.11762530907797
82.4907738242377,81.77407210851959
81.09032918676633,80.39492525984524
100.84233861646995,100.4942442380632
104.94018277978792,104.61435241969193
109.85920488825167,109.29318655676356
80.8246537960643,79.77063165659705
94.53377516505758,93.841318531689
87.18099685386052,84.5794050741073
91.67144946654227,89.35803319245181
109.10499557888197,108.78780707388414
98.86382494600352,98.67127829323543
91.27469151918905,90.79561933656275
85.19393593172404,84.8663974519122
100.0998546485363,99.79466699100739
94.15788592992061,94.0843126955559
99.68335801353214,99.58453098473572
82.65139922690474,82.09247515449805
88.23531056334463,87.7543153980141
92.56641562037224,92.40682922738463
84.59817411861042,82.84004195222992
102.66832795731014,102.08895740429523
123.70993217986353,120.6847170488028
88.20961508703937,87.35763831734306
74.23713874451937,72.03109633038335
85.18374335013993,84.79981703424733
97.68980019801451,97.38208239102454
100.73879662361125,100.46289759947454
98.7751462802707,98.53091554759749
87.1063998471828,86.92517853378979
76.04680473776108,75.24570826333039
99.16479671384073,99.05676258969521
102.2408101656993,101.65360111400727
92.34498179803,91.8469042041751
79.71998962265312,78.9291018998689
89.49176158061643,87.85130907631847
87.91933949084886,87.56778661590012
89.86706979891376,89.49393573686143
77.55036629892199,76.65753480063599
92.53532278900033,91.87104433351037
112.18741970922486,111.98490259529805
118.4920929005688,117.6280296620567
78.31756473975483,77.90077747433884
100.24901442186695,100.00963170556126
90.80751625692909,89.66674422498953
109.69032847050572,108.96349117824488
100.26822947767329,98.5858659720047
121.92008832889366,121.29554468011983
109.18876073424117,108.43028272049905
76.48751807020754,74.98830694877961
94.64383691163462,94.01090952948924
91.49464304887736,90.58443705880319
106.79730313430599,106.29931377168964
105.0767512419378,104.89981524950757
92.66655972123118,91.1271391577471
82.49334014489845,81.35727921912662
100.87381491587233,100.71932682482364
116.05742068577385,115.3468117068206
102.11679882048516,101.76659494221339
116.56883617279614,115.67759561273073
78.93541698496199,77.71669609374958
125.28635208406216,124.35750246591824
94.65647388666503,94.24155007655445
75.31140666858367,74.79936212363108
89.65475484076967,89.26628287794979
103.12317708737368,101.69672791943978
105.60030707753408,104.831954516333
94.43585733831084,94.02756863878629
85.61273087594074,84.35940188953629
106.0007725184999,105.77907517299495
112.49414271952938,112.20509425268065
99.40759248464632,99.205251743556
109.68333148180344,109.01146929410572
104.91802298108176,104.57098756209292
78.72085968974754,77.95631638689805
110.6248340773197,110.35130304177233
116.45551896364474,115.62887399368802
95.97306512564091,95.51930370664373
100.54307326174519,100.26950841743528
94.89282800363675,94.65103007594094
109.18410498481458,108.99596438638793
99.87925088483377,98.8018883225974
109.09488372946103,108.42380028301545
112.26783306906162,111.91672204968076
92.10421441430434,91.62399656648414
111.05903608856897,110.53442933576707
79.4218527540236,78.28878755335785
94.10943216208489,93.89647756993588
105.70325329933529,105.07919620578885
76.95531720267587,75.03182041626553
100.63193795682314,99.76783603537291
101.39291946630564,101.1464614432609
89.26882645755815,88.82527361045994
83.25404480056113,81.18263949881111
107.65782484024503,107.35113623772749
77.54594404790157,75.91342883216468
97.75311002579863,97.67376678160677
90.55499728016953,89.81175089389801
97.57860099896514,96.9101266689032
97.22742684039231,96.77860504489495
80.1141179368537,78.7263723939083
96.73315993936004,96.55014899529378
108.44020272967778,108.17793589547908
111.27197062395082,110.81977771591339
104.44405859140006,104.1267553894742
107.89014874747245,107.47378695680858
91.8789725170687,91.5467906659128
99.13809169751912,99.02771842727621
100.78518844002859,100.5790750135127
101.42550093740172,101.1988831814407
103.87845467448471,102.6710522281666
94.99814568933674,94.46596682521007
116.1720192253785,115.54151167594401
103.0659793624937,102.99579861362061
98.13809638548122,97.87019469959674
94.72713942944536,92.84709227658135
87.70857853433965,86.6075070119801
94.53806369060945,92.51611288602146
90.88625152791674,90.59759292112625
94.74068926140288,94.51470459059895
99.85407211665762,99.44066492742415
93.75571062978473,92.63685094096097
121.61727355237878,120.78078324563826
93.68866720877428,93.50854217537588
94.75038187737643,94.4517444293015
98.20508867662767,98.04070227683712
108.86016715737071,106.49279795127353
85.90471708328893,84.9329302228805
86.55592953311667,86.32017514965119
84.2006311759148,83.46444108467422
89.06873017671197,88.51847311336488
99.45179002068248,99.16553417158904
118.62096025416731,117.94902240013205
108.1316220966122,107.58312058096652
118.67399296291389,118.09239343329766
111.74856060731418,111.34316362752871
88.11923837683267,86.64578301240279
107.14177480880136,106.79639631401092
86.21473556935253,85.29930429843527
93.3149400858135,93.10052080020384
94.2385698204107,93.77139507941787
102.9982346295064,102.73468974897872
94.1555210097557,93.75627737135487
96.42266918330168,95.76727665421473
101.82182763104785,101.09174486585296
100.88612203213563,100.03391282579983
104.16790350186999,102.86083932066168
103.54566028222425,103.20578977705308
102.12468235395322,101.52411105304142
104.6240703221575,104.3799272762032
111.63117466376372,111.02622553570602
103.72771699809509,103.59776457690548
99.22378157559147,98.89654614037933
98.10450014677171,97.62406945773735
82.26408318416405,81.75098409455155
108.36094886231518,108.11023672762579
108.79437665690448,108.03922507543552
129.9173803071323,125.47186850850774
104.82215032247595,104.41664522032791
92.91173455651364,92.74048227325731
97.39679397987153,97.2067084267361
102.01288423093688,101.78086299107834
101.96355390883318,101.83376281668325
90.40048864526568,89.37861453915204
96.73575085315073,95.6669135953163
81.47219346111596,79.9753266805064
89.09889892206738,88.60405859930552
100.95511264426847,100.60906778182655
98.10949880901306,97.48680460503809
106.55348236436781,106.14269790818288
86.77520642278076,85.77070436393129
107.90912687269214,107.58023958438015
80.44959515780609,77.55327700861646
91.04356800915346,90.68598048260203
84.62019746640922,84.28993480307543
103.90988258005174,103.71213980161485
97.92124104252397,97.76064286956057
99.24801668988397,99.05758597683449
93.76130168367494,93.62226233966543
87.18810076776988,85.48902769334036
83.01347783723018,82.57357611484593
92.00960474086385,90.98580194694141
108.50478279831725,108.37452015092985
86.4707657932498,85.67627811238081
103.76109148562053,103.18789044677095
104.24242100066613,103.9803310201081
102.11122144174476,101.86334814928671
94.56553487384573,92.88002580845509
99.61346113850686,99.23847692671114
79.25209371186142,76.96097109041077
96.05795301646414,95.82837164235535
84.53704313670865,83.7853155946122
82.35680575341902,80.28188508294159
115.5946323854533,115.28925672022613
90.95986974343379,89.9078382617031
123.76006503002318,122.68738824201492
102.45402951699967,102.22111271369516
92.44651104261625,92.06026747534578
86.09413669245059,85.69588952264812
73.5692643893945,71.44112306580816
84.71381433484501,84.46082040914574
93.09495853911565,92.78490568309863
97.75437867406077,97.24131579172746
94.44117412362226,94.25090408020793
92.34409577059606,90.85098699258141
112.5143083798216,112.24045688330764
92.11632720559412,91.91978211237404
95.89535364188337,95.64043568748173
89.84763566732097,89.58731040780816
75.01700098539818,72.97125351258431
81.8805001579392,80.87441344005475
130.60454012011974,127.65727017599927
87.94446925125813,87.36469049592992
94.74496639921445,93.80900686903456
95.30948035691263,94.79489320617803
83.79199123026534,83.56166789504096
99.95922990923056,99.75394185654228
88.49171264271855,88.02251578055369
92.57756350512655,91.94902969307093
100.1264244473812,99.91390366437103
113.45192053168066,112.61883314560721
78.25940138202621,77.05116718742339
86.03400403818223,84.25430752962359
83.55293164124836,83.3576263729458
86.40993454648716,86.06547405594442
93.75280364181071,93.36467061346447
102.02199047350652,101.6877526454643
107.06843802836032,106.36239949911955
99.82218678745106,99.45752821041211
101.57432014869097,101.29886992977062
77.3629380524152,76.35732763609252
83.79597494626447,82.57862167699531
95.44887695101366,95.0537043208172
80.94641589146242,78.97089617023093
101.84750729826415,101.48222339648504
94.96695000119902,94.73157266836748
104.39635184188106,104.22207966298528
98.61413084674442,98.2648293596815
97.55843048317358,97.23130529540214
98.99447099132108,98.61293029784967
102.48259620139028,101.83512619651952
99.75504364493801,98.62597084888158
112.86891614129371,111.66403194094799
99.80942934516034,99.68979280154981
96.50866058271482,95.90764151046982
104.47916623266684,104.31878347473501
97.88020777603548,97.74430307506957
93.61471535932607,93.22916519653707
85.32649371090953,83.90383819673018
78.75310245359543,78.22087676215494
102.72002234097891,102.4058253684338
84.53196234100427,83.91538763899746
99.57658874995697,99.38914622723217
83.11676488719222,81.3324384175335
89.81397394463961,87.71848817275693
80.75127598545467,78.36197771502293
96.51727203946706,95.01322017066836
104.70391473993645,104.42763528453308
88.25649735447469,87.94350336007982
132.4492152535291,130.41617550837034
104.90014708048109,104.7161499140398
109.34137685657224,108.55369397518321
103.43139948605516,103.04181126959024
91.78361768067697,91.61961023485364
89.21825077332088,88.764348564761
94.03633801790349,93.52989439276786
100.66835408435573,100.37767896403604
97.50445195225082,97.16702526603667
88.88963273336515,88.65278793640995
77.88209924506526,76.4946486391028
118.65553341627232,117.44377486343744
103.2252853353712,102.53517669593575
94.47428168133382,93.36383906322732
93.79804644265546,93.42346337294622
94.22247815488585,94.00298700491552
90.03095109076406,89.35822440159636
90.50918205687893,89.50406729726598
86.48516022979778,86.08863673120779
90.01152634581524,89.4413781852928
65.81182406672697,63.90089249747388
100.41727801570701,100.20089014602429
93.03019105126388,92.68997891165921
94.45319342625321,94.03745330776486
86.40072764363285,85.16914032555998
125.01940057861592,123.26537062463996
96.20645991553629,95.85619167149865
102.38011525264767,102.27830565140161
102.21517014279219,101.37095657043328
98.6745713601538,98.49689578812676
95.91894439243886,95.58074285970106
131.43854293778705,129.1164938496209
98.52349626258952,98.1327577935968
89.06250150903168,88.57334831949927
106.05688560271209,105.5498974328073
111.10485225333343,109.87876801844328
96.11845339563753,95.66707857348075
111.77205182629615,110.80608340937361
103.56261900090671,103.28482567743977
103.18861720642236,102.94552994605674
106.13694604188727,105.7300136313996
82.34491442806703,80.336361743326
93.29252490053342,91.34812732725064
83.05811415449763,79.94806938749454
82.22336945784737,80.58168325011317
97.38293512814363,96.29899584413639
103.02736738690837,102.84788730708551
87.63490811663881,87.13073108021781
96.56170256991214,96.35161278930462
87.05194186801464,86.87718158629723
107.7034201036875,106.0118397595529
102.26170363938168,101.69385817994478
93.1861996546764,92.94448719474879
108.86238815703422,108.61658221726368
104.29378499189168,103.88195772700008
69.26054312998914,67.29734423622548
86.10197787054733,83.85892098170737
77.3750184870022,75.69934116789481
80.04426727818354,77.22306787095897
100.38545772129609,100.19325649635931
99.46166004069477,98.96510484750611
79.76628347488007,78.77235853784725
95.20314569813992,94.9829893055611
85.24435342161306,84.6677206946982
90.00137192943808,89.14984715909574
101.08886041573442,100.5614336756112
106.7483236099278,106.5972048857939
102.86459106516081,102.61347649082009
100.13619995022567,99.52090037765844
109.29160248660743,109.08039396622942
114.69925619628805,114.28812005318805
99.47471790875234,99.25095534939724
101.3587112195878,100.53549429300101
84.35609421437435,83.28430685562452
96.10201063275917,95.12280422358772
93.97105772211685,93.5638938262892
88.79073705995046,88.21631248413077
104.92490609157154,103.34842461369499
103.45494743875852,103.11517778987248
77.99836661603362,75.86538566346464
82.25614526419264,81.59295308065661
86.78925635531283,85.82414666217974
85.94355604732318,85.55130326203845
97.92720551196986,97.51788620314345
81.32596204689037,80.72591599032019
84.38365187443867,82.19895223597297
120.93660565112621,120.4891692940178
86.4184025532441,85.7049803386181
103.6920594215248,103.5365667994221
96.60316622438299,96.36306093511057
97.20397638404043,95.85422311644744
72.75407391091113,71.35128623858073
90.76986516208251,89.98948287045651
95.83335681949313,95.09247233341519
96.68429083411291,96.32547320158629
93.8563501625944,91.97220863842149
94.99085359756809,94.75573501090791
90.90800039372465,90.60096356473552
93.07021869864786,92.51050027659029
109.07054679975268,108.45126172443527
93.25677018093029,93.04805837103224
88.98557484923133,88.56214170275942
93.29265749664732,93.06007106678611
107.17653029044801,106.86977768866969
101.63464924816212,101.04124956193562
119.03231086317963,118.56311037092986
98.3116965544217,97.66673375151971
106.82902705851365,105.03718676329206
100.75543875766449,100.60966308162155
100.82844509333279,100.65662926908485
120.22442814962257,119.388332109222
89.71258108369068,88.84120904759949
85.0993584338288,83.76036101947125
98.66428272469665,98.08584918928543
93.18917063366713,93.01236820511365
115.60923016470535,115.11964728688937
106.0178580944655,105.78146890389202
86.83442171596748,85.41062342474186
84.55837496003348,83.82765048489674
87.16210330057757,86.84322893210016
93.2613944594769,92.95838154184614
89.61223351052554,88.12087041872091
115.1747076585736,113.77246825740565
128.88768283488923,123.63677838882955
86.04057406618001,85.28826651371283
112.85649210838218,112.46981999344636
85.88563517035314,85.41384460831199
80.41934105705303,79.3309445620946
89.29520160491775,89.02480526383107
102.51129397708752,102.14381604008238
83.55309253041747,82.60345675339623
103.82649065651148,103.61811273267901
81.76975823899441,79.7044633272994
99.1579193306267,98.96338436775292
102.09852052049746,101.68488045401034
97.32007469608702,96.68590899559524
89.44963809166387,88.66840076869435
93.16415242441644,92.64143054520117
85.6975241096302,84.343738204222
97.48001065431532,97.30318901943093
115.41645728051151,114.91284950934707
95.09745242110206,93.77647296550722
105.11974661381888,103.33031599726992
97.25747767121533,97.07603446352238
84.80421893387229,83.78488278179702
90.67932882394675,90.23130760541203
103.06411357678,102.62776563876153
106.94639718916241,106.79397236920417
91.91739833862032,91.47246827661712
87.06009463789205,86.36020269277958
102.80312289595217,102.61664919129807
104.73127040324859,104.61426305354573
107.34935271891702,106.37866121191468
77.51589446713857,74.52546903566662
100.4628803568142,100.26916451595146
85.14818318595627,82.74993155637537
110.32231681129718,110.05711406394445
103.2726196198757,102.45118959461782
108.34508230732881,106.82232230095953
100.46193737241467,100.37105458447795
92.14999178928747,91.41778806112073
140.1926233474036,138.40055696302866
95.4149756720635,95.26563518055403
98.04315993564323,97.9483403072756
96.9350982927659,96.49537842617053
93.18889033029492,92.9380903321578
98.0177475875306,97.58217478475355
94.90367289695945,94.599984525171
97.71606075385581,97.48555117329707
105.64840940054403,104.9727138088315
80.57997888592217,79.9860617020927
90.46832197434733,89.99980034736717
115.16037089137637,112.67674958992663
106.28695011330781,105.60719950010466
83.15580356888866,81.96946748770756
95.38381618455918,95.13675606616044
86.21671983481421,85.17401684381916
94.24237014366085,93.31739176292001
80.05667724894988,79.07918075155969
72.16802770932493,69.56482209484162
91.46539318299692,91.15138150008451
120.15470420842284,119.06369304102249
130.8625395841185,129.60274336968945
73.93580104767994,71.24902451912996
82.97261348106434,82.61437569848556
107.19993400546082,106.81121141687477
88.1327665247747,86.81998651672235
100.85813790412048,99.9867146509744
76.45462064591656,73.80130074518227
110.0292716686393,109.09802280516307
104.83245439492488,104.56636320517563
108.39892461428207,107.66486780913087
99.1649434240031,97.87503310535446
101.2666054456623,101.01257591668491
93.21468927421262,92.73755792860611
85.07961537458121,84.5003410742574
71.29142916849426,69.1304004904691
92.01940404063349,91.77714599188836
103.116161239009,102.87486633626595
90.21656382927125,89.79276473204389
99.44745252058817,98.43868299895031
105.89527403887963,105.24646862829096
107.48969694402383,106.28927708312686
86.4081768378993,85.18884730169171
97.36401760314315,96.8037334945502
103.83330385260724,103.62228240801907
89.10129005784061,85.79983472984597
98.9079703037615,98.7157268612821
107.7435198830816,107.13109597199234
101.63614801031075,101.52113485614558
85.64012673755956,85.2152907174044
125.84552517075183,123.03875220851116
116.21387111237664,114.96848029988723
102.73444199181338,102.40195827683576
88.9664344282329,88.43172024603342
98.43286437251352,98.27038526291967
91.63994546729793,90.69643967601596
89.5268838306446,89.12244693623349
80.498391303083,79.29819608085896
97.41003107669873,97.13991109069184
102.85876338173834,102.35255283754339
106.81626295629181,106.5590433716969
130.22639313978704,129.07004155762456
98.13848986534516,97.8011360852883
104.8726917337309,104.39337262377535
96.76538752628316,96.5480565208962
111.41225531544619,111.12099752136953
99.08836028178125,98.95898192782757
77.99913257599839,75.50029771937513
97.04164001398799,96.60044086090294
130.98233918140988,129.04622053553607
109.05477141310703,108.49943390698256
99.2835966040478,99.05021440335695
120.8690877395945,120.35195345843695
100.32853464356133,100.06437629777604
91.50307079795557,90.74294540725444
130.29145502449265,128.98927298518635
74.14479904616465,73.02376503070799
107.18937430039341,106.75586930763563
89.42575596075041,88.6977981876877
119.35857843511067,118.62899942739493
97.19402037140982,96.85393083785328
88.12732043205926,87.78703047355008
95.47213537731405,95.22538514430073
103.52396383615164,103.40978509769387
106.75809878501964,105.91786056616091
89.5827215039978,89.26833941962863
100.70861700697688,100.20322116045031
88.60551811551028,87.07702043497956
100.87621727289039,100.26721473265374
99.93365721017545,99.53442970911021
127.24842003224627,125.51680687969659
97.13489291176808,95.94462586943453
89.1509625405985,88.8946692715921
88.98252594016742,87.60208467350053
82.42965146314074,82.11787095049831
106.93715877094553,106.5255730611276
87.26245181101966,87.01787123400663
88.96714695096637,88.39560781194338
89.50464290055407,89.03825155167135
96.42770358651283,96.06192387126386
86.23090953838522,84.59611096859572
90.03205024834855,89.57739767130451
80.70718978243467,79.2779703272442
97.15261950583582,96.78459414261594
108.21779005379766,107.68377688736177
82.6895078773719,81.05582728174501
87.83795100098101,87.02233405124792
109.52212763597993,108.51728832247477
121.02139803497232,120.49867115183689
92.04076037752324,91.91058238899659
96.3780981562404,95.82083475074883
93.05131974119409,92.26761414736973
83.38983159780432,81.80176665014258
94.78476341646554,93.84559864863115
94.22020800075502,93.28652474740656
101.80690313788935,101.07103986174066
115.52976390909062,115.02469589334507
104.59249565978851,104.4172540475728
103.43286738295903,103.24956273735087
93.93982438474877,93.62197876359255
119.55342578459432,118.72475945314011
112.63301740684307,111.92125745508274
80.25312263183243,79.10796655553018
82.54312532996597,81.51009545444741
105.34525933946863,104.79338032850731
112.16064593226402,111.23015052489369
99.52915378311823,99.00398195525119
110.90472926117103,109.91340076795589
114.31958815081043,113.64450671537446
83.6267401087344,83.25283829044027
76.21150062128405,74.4914209118298
91.39637858793232,88.83633501599459
100.74030623957935,100.36878999607194
93.10666202168251,92.21571846877673
93.53683964454471,93.19230522454768
110.1732086160942,108.95714885607995
101.47754950959816,101.35559814614065
95.04249250360803,94.8458296768589
127.65761833096366,126.0596858464482
95.81084226499416,95.48971588335111
81.81105637406165,80.9982182104652
84.86311816673604,84.42428931408188
107.09818629204715,106.80340641532501
107.46884038621856,107.06795266129832
80.79202132933491,80.33998033046656
87.263788861033,86.69643457934927
90.48194086786023,90.0064075920809
99.05571929942161,98.26311428246471
105.53243224239077,105.19548700020616
100.34627412298249,100.17467167375611
85.46872253464743,85.25601461276099
123.21823096146687,122.3646570221643
74.47240151948554,71.51293770949536
90.83045144336445,89.98608974165857
78.82770774337939,76.7553304131736
75.8659721641434,74.5545597197163
102.5714396896907,102.27593368677766
91.00739389971537,90.429605475046
89.11351475571897,88.61564066053717
91.612447049127,91.27665744044421
90.65897757071127,90.33080916739173
104.84060602406925,104.47161865902818
75.16438314942334,74.40198128739146
92.66541890768552,92.40814153715458
94.19234772601828,92.8674976861036
96.7903497425878,96.639431920529
66.91801868119933,63.38851294609486
125.20760002379009,123.69043244471098
105.13909874595244,104.3974845548754
107.28133898936072,106.49485324256207
106.84906859094623,106.45549639363533
109.3566396291035,109.04790610208228
103.03630933476916,102.66284010832051
115.56312683108003,115.22966286350939
99.93929820575569,99.88065260869207
93.86739600102375,93.02422187626763
107.19222365145541,105.96721368049589
100.44871544766778,99.97319722305308
101.8802973659755,100.81642168272485
90.58202014552195,90.27348372935693
86.60174297990227,85.66927862993188
103.86141972668807,103.33642416938395
103.32207487556948,101.80265193092384
110.13600742736418,109.5791284851298
105.84503342649955,105.31781639596015
93.57736534893117,92.46717232512064
108.91056717547802,108.47234742501136
104.51467234860651,104.2267722778487
107.7859512950708,107.37424796129051
112.62577219010608,112.38542572607938
84.50760243879068,84.22264175767725
89.7654103696155,88.67166147936895
87.8975579095269,87.11326327749501
103.04953826137522,102.07878522585358
85.04409036050316,84.33864425893863
102.37124392381968,102.09059856952187
91.01029492959769,90.62926096079842
80.38618580139055,79.52123765683963
98.92395881422085,97.18452358497788
114.89407673592227,114.1172046232513
88.78254202555866,88.1462919965398
85.65850491387124,85.0420669027189
80.82841500414226,80.53057891485594
101.14071046460113,100.64717546668102
112.15978669246047,111.82908599596566
110.36082499512493,109.7911810058666
124.47902050051444,123.16027009407262
115.71375345768794,114.98776742443387
87.85826142348051,86.92343961889816
92.52915921656941,91.66174092217213
80.06166383772752,79.1372362532056
128.95423210575638,126.77789962900111
105.17438095020121,104.73839132415209
84.12654095726295,83.75924434496072
111.61424626449694,110.49808939116978
95.37361382033637,95.10075721594622
80.66946871691013,78.83750208892275
99.21561395526905,99.05642974361257
98.5297462710661,98.18895102297353
82.30284503733492,81.65146032796598
95.01689235470506,94.56716197408859
88.25047349420767,87.50301011819187
114.8784444174115,114.21804537292826
115.47613392893233,115.21911676894395
83.87848115395094,83.28288885831066
97.04318604273932,96.19547156127177
99.41403292408854,98.57113460498448
78.74259403407706,77.5681556260595
91.10705305440584,89.54962769667647
86.28238056092567,84.63228292916976
135.66837717169312,132.02704882339296
75.8559646695839,72.93927778641356
91.9359794295451,90.55706907624591
97.83641481029652,97.59123235451524
100.73360093544423,100.52660876374482
90.22139384205425,89.94677866110507
113.59371461920908,112.80026251372975
80.59313294456629,79.45859626884608
103.02137873010814,102.63707659390745
91.64681228358273,91.201894211995
101.96091658268728,101.52415262081624
91.45722368289124,91.2987749307522
95.96782574832618,95.47137586260743
83.77686646147238,82.05547582325684
127.19189571490344,124.57883262960314
96.96774762540961,96.66265692320249
89.00660298704233,88.588750331957
93.04792345543255,92.88609240264172
93.33872904847406,92.97564301681214
100.67731452212276,99.83437831476
93.33383317172799,93.08032638518782
95.471312147008,94.55645764379538
82.49740469185825,81.9313536948255
94.90338211138067,94.6993110896154
92.07227742977383,91.57718689862641
94.37175568266225,94.10093873580591
84.80423160984678,83.72168594953834
92.11842029002362,91.9455402709712
105.36967228549726,105.17657142606006
100.8850458038885,100.44373254222891
79.79505051865839,78.73424458206179
89.20024516328418,88.60043285594202
94.34116040185145,93.95796978609889
101.09416223892495,100.00568802587284
78.13423327344185,77.02939079208743
90.38025184834723,90.01851928697474
126.86300113770356,123.2119464605228
75.24289285112415,74.31825798841841
106.55336099130754,106.31545142785258
108.73901684164147,107.69096793638367
84.91013229628796,84.55285254900137
93.3070512062694,93.1757662449308
99.12774471330951,98.87168575015377
116.35827621722969,115.28847282600863
85.44368310658494,85.07885339846014
104.9237844356542,104.19503232332015
102.98937932796335,102.82924174530935
94.31949561329755,94.0883136783877
109.96228878711912,109.26874814166807
87.1175415757188,86.8566368594315
89.45097120318137,89.29131579338558
97.14323958840124,96.87172595905673
109.7097167335659,108.8749191148545
81.86154107238603,81.43355210716936
90.33402978817554,89.84795013035205
108.55071663073915,107.8209130793508
111.53435282075564,110.05174742954341
88.17793196047717,87.92993874174005
92.22377695789174,91.40701197281994
129.05821935190227,125.04430355807403
88.0099800909081,87.60861846467836
95.31837135538899,95.09734984551609
115.67206537721086,115.0912887874871
74.08681662083319,72.49138806620853
83.66290245487849,81.58794067712543
106.59353300827031,106.3509563997382
96.31843934984325,96.11581066427767
93.08960938959098,92.54506676915285
103.77692619696666,103.44391429725577
78.71587546264797,77.31657422830547
90.90439106969262,90.49163563872577
99.62646279414977,98.82003836358447
71.75927793128217,70.01713222747414
109.89442369971975,109.62328544543308
83.31273137510176,81.57517686687254
90.85517672149086,90.631344219117
106.4884780225814,106.08579497348336
105.12298928743161,103.80526389847999
90.2400631290271,89.63850267588163
98.30272837823519,97.89340725634702
83.19696143569456,81.81449064710941
83.57782679372502,83.1885482123541
88.95987879385154,88.58273322662006
111.82529833804087,111.36199287601622
96.21766049620781,95.97875210513457
89.67787057212459,88.41936859192467
104.56281175604072,104.0242918578904
90.00783333097425,89.53570067030175
84.32230328338835,83.37101275728493
96.88619003820345,96.6118079161646
91.63388517471738,90.28377577235106
110.59388837185601,110.21243019148844
111.0914865848488,110.00515729904997
97.19128363757582,96.54349868994369
81.63147355307511,80.28662336253946
90.16095240095312,89.61997210444592
70.37525169611864,68.33761502593539
91.13242221672361,90.14120413055501
99.8664288421416,99.03553503724426
83.42393517854582,83.13017487119325
99.85444003820851,99.262463052391
84.89941173614848,84.25831656871082
86.25100205603134,85.84828216376411
90.61091094680265,90.16800201640228
92.55434709439038,91.97052665946943
104.63502618336224,104.34457389147488
98.15665033791336,97.8644312734498
91.77518705225202,91.50266495674146
107.72127422778036,107.4153187058765
93.90013561100687,92.66255600258357
94.25854953846924,93.71795451195591
98.6415833990073,98.51235016882714
91.09564449377454,90.40776513257092
101.45474975837597,101.16245511767387
104.21337522474413,103.78034224299154
95.476694749426,95.27371759706055
80.77279213090014,79.34697545858756
94.06999488360006,93.83676348784861
106.11327092841913,104.49650653129557
89.20504264623916,88.25541703939354
88.62524846286142,88.43421906269442
84.7588564365854,84.23865741148198
83.5664386834847,82.97513090065306
87.06992853470143,86.03022298522426
94.60359121994333,93.82299349127744
91.90364069239178,90.94848748806572
101.49115494483162,100.6764150319832
99.9255730393988,99.60493564454144
103.79320610552543,103.58977117683895
99.47864502956985,99.34732078101554
100.04212597171221,99.13913551845422
98.52108517645308,98.31582240108114
89.72023769429283,88.70984605582268
125.69954745821613,124.63923981441354
91.51995448441677,91.07995552761093
101.40376733670462,100.88953537845812
82.43795459683041,81.21471664353426
95.91099553961497,95.58474466921069
104.63681225379273,104.27846517138774
98.2533748057334,96.55532735987794
103.00468622208544,102.69497182611542
104.99516297053572,104.41773216630874
107.69610118351262,107.40428328454526
114.55016328680227,114.07249295456553
84.4963778397817,84.06825405712725
96.35513680545525,95.96403549555905
99.4667978782809,99.20103414069862
105.32170583997392,104.52838850598891
109.04000038324388,108.16780803489675
106.47837711209982,105.72825056313675
90.22894218115488,89.54975475737925
88.85277013326187,87.3042092828556
93.94278649980627,93.58893986844429
97.592331142163,97.32527898050196
104.39530984859356,104.00884691031169
101.36829152671432,100.72984179889396
82.90676891586938,82.41315939318126
84.66708826889027,83.77837324185604
89.055339999731,88.69437456777055
94.84540359545541,94.72780358115995
97.97571537680355,96.82147338728645
109.85961301606675,108.65398530357682
108.10944007594604,107.63871188917426
96.02202172535033,95.69242163137997
96.6760166262593,96.47101473138534
90.45791788667994,90.29246345408343
102.00888642292934,100.71673803848002
78.4648706063365,77.66046500497653
85.95465440328218,85.23853238914457
85.75753660198255,85.40153397338516
105.13270801003635,104.795801228635
85.3618304221826,84.99634680098438
103.41332906783833,103.23911259647231
93.18733594484382,92.66809735951851
91.59683892263978,90.89745291631743
84.96419036569635,84.80524942769334
98.77986202590512,98.67035531656822
92.72091276124291,91.77715924869759
106.54008020445656,106.27660540971046
95.84275344373354,95.11703367778061
92.60396544109824,91.9980654203211
98.89137861137364,98.35597543973432
95.48222172960294,94.720257004146
91.47477839329643,90.04333678850041
104.51785229532757,104.16342163389216
109.15033020154658,108.46204912687006
94.37386918071844,94.16055719619591
125.01233073717843,123.71004806112528
99.71302823664551,99.4364679992289
88.58881586780717,88.30828556223506
77.59750965272367,73.78358777139358
99.34334028800619,99.17912316423764
106.83387764299503,106.43742153073889
97.86402806057154,96.33095265891025
132.95494862034565,131.50974252396398
81.25031884970512,80.1750531730332
87.22576188608811,86.7096791640383
85.69565192086031,85.13486323947558
114.10417976061439,113.62818895786515
93.93610056303297,93.17363421251254
118.85145777987502,118.36919446621654
95.2246866350411,95.10562859004443
104.04180711851754,103.92938603720587
113.63225314802057,113.24172453983036
117.65943387051972,117.30257674545777
145.65841133403237,142.4503338823257
84.53605276346894,83.15583542955929
91.16340951309951,90.62266484346338
90.47197031478821,90.15990193736413
84.07293873704995,83.40727278963573
83.56774323268465,82.62023719480045
110.07313679926355,109.51271965802836
109.52790750607345,108.94666294603245
96.73505912841102,95.97577727128987
108.14279724439841,106.60364879515636
97.64490454633733,97.38119608231816
104.48770895810664,104.17503338958912
109.4416855556809,109.08351078412913
88.51859145631066,88.09804978256201
107.82400043291338,107.48777830559092
125.27460030244666,124.49944830409024
87.87452891977766,87.26796721197604
77.70329812212752,76.98213560758839
101.8688102091862,101.54547608315363
97.02145829713066,96.89167402422068
101.08372338895346,100.90154832950962
85.72599259574484,85.35041604098745
102.93795490607653,102.37879725335995
96.41134228072671,96.27284371705842
113.36682275239848,111.05641921255622
93.44721514611669,92.85682941446977
94.42945238886466,93.45594457383876
95.02467404446226,94.77290237504427
96.18880445416889,95.6280562292972
104.26398833658459,104.00585670619121
84.77927617751669,83.72209221429503
76.79285677665189,74.72530952497368
138.3192646330545,133.42569961474692
82.25434189091007,81.33327152716079
101.65865480949009,101.29129717541727
89.93309487503488,89.67409761087262
110.26824706876666,110.05779866894464
115.9212078737014,115.40034895551486
90.23037250861566,90.02759139876184
90.29780039397069,89.76125339324669
93.77381633248518,93.13228090950699
85.67532937394859,83.54850486618416
109.53616179527394,108.47869964089493
92.47923722493033,92.05538226457026
91.65512148880295,91.34834363894227
77.95037088357206,76.81028241120744
110.8215922146256,110.29983233212432
97.09917618617382,96.63272242364411
95.70688248737336,95.56622454134882
98.52693973155976,98.28465502061465
94.74259806647424,92.13504116344782
87.34139771379552,85.39315080739507
103.10095131479399,102.8353843076742
101.13783367320498,100.53799265817119
104.60212828234745,104.2958748501458
105.21386600178154,104.38405463888218
93.38898171504565,93.10695954047233
93.57228875522215,93.24130620631497
89.96913372316286,88.05283682795753
82.67429402363521,81.36380867049067
105.73985342634893,105.2629322148915
82.24876324708417,80.98109640113164
98.32690309615627,97.86171845918416
79.70961588132931,78.24191625218783
83.68928245118008,82.34052201158953
103.20442792156122,103.07376362589154
107.34795798146507,106.86362207286176
99.74616515428922,99.62221787661993
87.51933457596034,86.70453917913463
93.15748465938144,92.70119739949543
90.49420114285158,90.27022600701001
104.96202211379197,104.39731157169233
109.9534644668775,108.70226307798838
101.33395982136993,101.03158488973567
87.44587661066691,87.27493466323283
93.25382064739252,92.66526181782078
102.19683643478011,101.33835358650495
85.66335549982774,84.80958024587426
94.05736109952105,93.64885423623177
99.02901513038174,98.87943903450596
87.34992167479379,87.06141201956983
84.47283955513647,83.60877185398229
127.70879408527884,126.5896620701396
88.2879193852689,88.10698115596612
74.3688915597838,71.64725009358773
104.58856775326987,104.09256316278065
84.95501968215218,84.26986779903314
84.91511694262346,84.3660943592396
74.72188403359733,73.6989493586431
102.33309666331157,102.1234619592794
82.92056525780293,82.57631866915634
98.35753596065005,97.92046006242799
92.21025377201644,91.9407800071901
98.1550877124533,97.99991026975496
73.55949872306057,72.1643688789024
99.76681807231235,99.06484183501745
81.98217158817299,81.34761353832052
112.85969542033014,112.2262868340144
84.12450766865821,83.6446789057442
97.06668833924896,96.70696729735018
105.3627386478618,105.1036187856476
91.31730432910184,90.55009990273295
103.92740219917603,103.15230074678936
94.31620394488534,94.1725595947071
81.8825204520484,81.22154443087466
92.30183821677693,91.67667301390006
119.76088768578477,118.88492681769009
93.47390469481148,93.2798252396593
98.47906896926574,98.29715543706888
99.6664462832716,99.49300328618415
91.69014563610665,91.34358246941213
113.9015260709295,113.03832267366266
90.34448504533438,89.42832634802905
124.29539375088119,122.9103726775923
77.95135520331567,76.84636925553212
107.15776088949814,106.73115679177177
80.12869383601762,78.43613452374552
104.41226261679896,104.11635367790302
111.16132162891466,109.78283545294957
118.59514463296443,117.82737766111059
109.76258177892421,109.1244903978232
108.342353752922,106.76531935212367
93.14728235219562,91.64005227140339
73.09586469974742,70.52484340210601
107.8658190959073,107.544435298618
97.91444650483889,97.20517906837003
107.06114861691745,106.82410331149067
107.98292823169577,107.57081626337906
90.20090166461134,89.12836063170333
77.52493301918575,76.4006464547127
95.86180082598491,95.70407460644107
78.69873620284565,76.25176195261109
81.81674844657432,81.41583706904498
106.82215356333536,106.56369580587995
100.70510064032722,100.16654253611394
101.81060813635389,101.08927293259352
85.30806243558935,83.26563475729863
89.26038647645504,88.8583942629627
84.42180898666622,83.46171793278207
94.23137801866386,94.09923316324603
99.725432210043,99.50903586835145
89.03516673258343,88.08137367936612
90.43231115513059,90.1039811926503
93.85236934463593,93.65730396037418
94.97280175502266,94.54692261658946
107.61212424383736,107.35045026685768
89.37676378453074,88.42410137546588
98.66075231972242,98.52750817068063
119.76910186617323,118.44846106337837
103.34898917587388,102.37357971685447
92.6732352742163,91.84738903316855
99.35207784894133,98.7702655732092
115.8069105519559,115.44423064914885
112.70641370869049,112.07989184035004
111.54646890327221,110.92863643145148
93.54268901262219,92.98986949067506
94.75709582797852,94.6572560675097
110.5964246432978,110.19563847220152
79.36845050263065,78.16886327810792
86.78142300457168,85.97785903399968
94.34877874295685,93.86247526041608
84.78886560934616,84.27868140309562
83.73384430925773,82.64802041115627
91.39022000686765,90.84064153581959
96.84847156285502,96.63046827197208
91.82034148914225,91.16406798748082
101.09330935071165,100.4492149909136
75.49915214146391,71.7247213278532
101.49602261042263,101.0338190025269
99.26531725761556,98.60952022491053
105.54883479205418,105.26289604638046
104.2168355045093,102.0280764042129
107.60223545953163,107.23516390504783
113.95865571440443,113.62315135004717
87.14332193590118,86.60992325163329
85.25313782203388,84.67708713980142
91.73037098491233,91.40770311787827
114.82028465183579,113.9688572250899
110.48312572681222,110.05582170496285
104.38064434595644,104.06823434259292
107.19712516748983,106.83983652747688
81.8980664922859,81.54369610766236
100.95167413227811,100.71685600851188
84.56243933769728,83.62647506369038
103.89345945598865,103.2585594273385
79.72173715650032,77.66979627163528
91.27390542063746,91.12138038331753
97.21681836964135,96.86241958649117
95.80694606219237,95.59942269488434
98.4854197864837,97.9637925186688
111.03406751938414,110.72445121540453
87.10015044398575,86.28730747732575
84.61648016971671,83.88142618840112
93.08393370737139,92.9370198395064
93.194728115416,92.33173295769835
95.04743213164357,94.87773985755376
108.23453518684535,108.02675883621208
98.10515086787741,97.99038436878192
95.1380972599343,94.54056501804183
117.34493981849337,116.6266553094782
100.21952560305213,99.99822178713549
102.46382932460062,102.26787636799739
85.43906888942679,84.94060214843256
85.57005099464612,85.32370313367633
87.23745608110863,86.78077443329737
100.34363541926436,99.91678162112696
78.59465234127818,77.21395273487377
104.4949118815768,104.33350725562747
117.8571348880038,116.9580543078384
86.37241545310762,86.18731660870557
79.7573663863654,78.57948624564561
92.73419952826957,92.40640959514229
62.233084345954865,59.706740421201694
108.36586299398303,106.43508066495062
107.19230156551686,106.41851480303674
77.42439477409425,76.40792164840961
103.09217786462024,102.96906198267963
102.79932864894703,102.50151329793697
90.06875508327477,89.71957227873217
78.8692326433816,78.02721670728283
95.30515834500925,94.92077852062263
103.21839130156377,102.84581836681772
103.81444926028333,103.19446844959656
98.26421701697659,97.95810966454177
106.81671100613084,106.41481739380578
105.76607463595242,104.88106403742424
95.40697721664401,95.1531023880722
116.53189388122986,115.37159081784489
122.40451393503234,121.36915020017877
117.16900802464471,116.86209840057197
100.15169602960657,99.97855844767068
75.61359557627942,73.57104390819354
96.82483749802013,96.44499219261738
112.90777557692401,112.70783475104405
91.18957644697488,90.79187548050743
110.60609659174844,110.13756151664448
98.3329317753084,98.11901039917869
93.63433856482015,92.96277985369417
89.7806721201172,89.42474666078333
98.8306047294855,98.31537694404172
87.8799498135855,87.2100520275185
84.62473363602174,84.17506246304188
112.89100897449042,112.5550942809141
92.00172049386438,91.44079479663131
97.44654376892785,97.1081977065373
115.99363390658716,114.88076470071672
102.47386811660142,102.24256446806547
122.69145875385641,120.48159881056043
95.68875441640459,95.36663841494037
99.45433120065692,98.79440906099208
88.50239293836117,87.69455510458273
87.51421692688865,86.75695004661995
115.42297899330501,114.07074935034211
95.98120218732903,95.71575468631546
99.31102415333893,99.00599426602636
87.5938988528503,86.64148045777125
98.37560407875937,98.12011326769816
102.53235292139725,102.28051051432189
113.53339594927861,112.43993468957775
97.32254971845676,97.07041095075883
100.01994353821443,99.926756636996
99.29829335227144,99.10321749736049
99.2072687185438,98.96907911148325
85.07081388925053,84.40985872724734
102.2748249287015,101.85184328244692
87.99634845519986,86.61654717033856
104.5910317873426,104.39255470439029
95.13469554832461,94.76635026246184
102.54640678996458,102.25604981239289
78.90134083818734,76.22692648169266
136.7004844308778,134.34638246383824
84.43451665566609,83.66838600914373
92.50889159884824,92.16875239666327
90.88143796159169,89.87812782960349
94.26702916614683,93.67819672950672
106.75942099919055,106.1910897238659
74.08284483411563,73.51232827525713
99.08588912909383,98.83298896144132
91.77584340946792,91.50910665329789
91.95294747753736,91.71515193683199
84.10513774986013,83.2993686493898
118.22565229944543,116.97596864404841
72.47697924557143,70.6744396095325
110.82434487681344,110.40358557958858
98.52956238482855,97.62191586625931
81.98882928628954,81.49848583897227
98.61455520606856,98.25171148394196
91.79054547621209,91.38519073976663
96.895265938046,95.8416345054251
96.2854786080899,95.96711747182447
93.09402716531451,92.87152007426748
88.8730059603168,88.25569188246627
102.57539457553295,102.28755870186244
116.73211555292926,116.29971302019234
99.03807995421225,98.8578899994244
89.54020664822735,89.05693814563148
95.4538899459396,94.84840016183443
101.79282920615962,101.7130039683396
113.58227766087226,113.09875041844266
122.82465210766884,122.38460588216965
93.83024204749448,93.12934101244242
86.35712638695877,85.4800132578597
91.04401099254352,90.85505333634602
82.82547504500403,82.38712206551365
101.36292296949452,101.10637245534545
92.90099157474862,92.58510255717297
100.51894557287295,99.75498063419403
94.49526599290184,94.07914691180721
103.11474614584358,103.0391725910741
107.40415337671209,106.26793532001928
94.75387012224401,94.65986774630977
84.40970917556102,82.01145643875606
104.78806114429888,104.4652943829364
94.7104651269597,94.08216033646478
86.6604014159448,85.11175656377084
102.92134755201688,101.99848132744513
99.78676595263258,97.64053648614193
100.3976651000733,99.97529690409648
105.68997530003112,105.19659482159801
115.88249858746263,114.41036677240726
94.08631493432132,93.75099250551312
122.27506797852494,119.09073929698671
97.20093828314658,97.02383604134629
86.96388634071522,86.12450262225988
86.75109348633876,85.5879576969616
106.83013456077693,106.6293999618853
92.6794427320945,92.23447411632957
100.61252089182133,100.52675516972833
112.20454714404877,111.94000382097305
92.1536293348862,90.39832335686297
110.5096183425789,110.04962919650276
107.02087675133015,106.80616454923941
78.49540795564128,76.77202222379387
87.1341878684846,86.39890910356355
98.9470932333563,98.1564478201232
93.70920301582024,93.28791265820696
83.69558353958057,82.47470919979924
91.28250576104273,90.67465593663242
89.17119694551262,88.76839364708083
100.37306846038796,100.16958437892595
118.66985195948128,117.24149141241433
96.58857683857856,96.35340922569554
123.19661388202898,121.88835626773322
84.74891789159295,82.78408623313886
89.95842936987636,89.43968769547972
105.7736718542304,104.33416213899808
99.19032483793052,98.9102250846163
99.94071602529469,99.80686273182884
85.49329665806809,84.04118160508693
97.62238109103953,97.5034392734064
81.67721915445816,79.40740261390246
102.68136982574705,102.44161982267646
106.11961657276572,105.97720165122406
84.87957747087798,84.0271207341903
102.78734595770032,102.44652108084053
96.41293360393963,96.25965338119961
120.16701766913594,118.15606860096767
112.86121197102355,112.37222815463231
88.10861659753338,87.70617317672458
85.73463755264146,85.04344745542713
97.03368155531774,96.25578874861213
99.6103806629208,99.37253940028407
95.66059639889819,95.21912722373294
109.97144728810457,108.35888694791599
86.17385550484114,85.83942803562533
86.825182222469,86.71057987128901
91.61661134080478,90.9024145173279
107.77748358867849,106.95849066501559
86.10175709585138,84.71384292623783
109.945879887869,109.24846448246898
114.12754165551159,113.71245823922831
113.58499724253146,113.3748658064916
135.0355353380827,132.98711422606314
91.7839028966538,91.2982161426936
87.33281236601697,86.10830910337867
116.85121568745312,115.90595249657322
94.52907973703479,94.10257935744019
91.71052259262883,91.37367586113294
114.19817384353817,113.67447110607193
96.87554906006199,96.6193559846899
125.15597727101866,124.33140003656771
91.54437453106856,91.01052037043289
77.78793379044735,76.42201604085187
105.75355288798481,105.36490068159118
105.91457908013217,105.02840487602317
115.16675061431971,114.54694297193916
97.03470797948722,96.82141533942361
80.66029217934906,77.80737449527055
113.540084172623,112.43145313013119
120.6134925235415,119.62829268341271
89.08164562137557,88.2980890823524
99.75155841694298,99.42810256493293
77.92253396971093,75.90614274315158
72.75235028431489,70.79838124341146
84.75162657936725,83.92411077925365
104.80046897078059,104.34458998860617
96.82823923628197,96.52863156546411
91.12309780911004,90.66949882078116
99.62368257907957,99.35857070061576
94.58040288899272,94.4114923571073
119.25530873763196,118.82281614925076
104.88799096733514,104.56391998668181
83.64199274841525,82.56587119508183
81.5352699854149,80.30308381974388
91.00949583495529,89.91937937126895
75.92875456515274,73.45535813504637
94.53122884191862,94.06977905657526
82.93561917174375,81.95137721008325
105.39475492662807,104.68423964384299
105.28626568404978,105.10234802950423
93.49772889055603,92.25492706110653
113.05819345824561,112.55124272725952
110.53031991346093,110.04025695048998
101.54310498722413,101.44609432959396
91.43878731597884,91.13887606614678
105.97444949061392,105.74852100074418
91.75901094955246,91.42981074716285
100.18445894934759,99.75011124175447
92.40998167079799,91.11113856909375
91.46104731759158,90.82893132306417
110.45292680679205,109.77204715662853
100.38668772627625,100.13135502721495
104.01859873633606,103.79182093092837
94.49752759177937,94.33608440786273
116.4710500290276,115.17085470881149
94.30366520019254,94.03577428803729
81.32281158156955,80.8425648304412
95.28593265570795,94.61701832497872
90.73287265161858,88.84912989449032
94.41840293562133,94.24735267776605
88.37580381533886,87.32213337742165
99.06278393900924,98.71255920186962
102.51907457943382,102.31809433830215
131.04529000940704,130.30320085886132
85.02172275706826,84.41203897212027
76.46682656005088,75.41484444639923
92.56021257440773,92.45643777204569
91.18760510065518,90.7171791836601
97.69786575504862,97.53123813065946
110.48767727814378,109.89730087652408
85.14449622605595,83.95740373132233
122.88262024584802,121.9496877141797
81.07930145149875,78.83346187431613
101.87256784518031,100.68594741790868
117.22472090267354,115.73686232933635
98.70873281805494,98.1799246838525
95.37466458991234,95.11491673615275
102.15263477500862,101.45228649340308
91.43651721827909,90.91351934803365
101.53660324892685,100.9845725556355
87.1519357118426,85.23549314711012
84.09167205785756,82.95647244399687
109.68907097460347,109.42353028318973
90.28193964677288,86.64574330200587
113.36394123278342,113.12403562531311
109.58304577211555,109.20487593841838
77.17958676875179,75.81446845593537
108.66675208318006,108.29537118797622
105.74940790312412,105.29350038108666
109.75794755539799,109.36598531914105
112.22255490930507,111.31903070321829
89.47590848368682,89.0459300959019
126.75773614093309,124.97334834494417
122.8143830907873,120.64672880917772
98.42629459816081,97.50543579286416
97.44055118780315,96.99063767311492
98.48131538752173,97.85116274598215
108.7784265879757,108.27869757924196
93.19380378198656,92.94294560518884
107.06888938719435,106.43023537581037
104.04695244923049,103.86590787020941
102.44000999122747,100.80995205280061
86.95710182133975,86.2001677869102
99.96203463133898,99.43262030667714
92.4085244841312,91.95568687509517
109.68564287781655,108.48152991633965
91.89732188382214,91.25008114104072
121.04370308113651,120.60747505589143
93.0404058661437,92.89531357087417
102.32428058225605,101.89483088378238
86.67964440827092,85.17722655336176
92.7855540277271,92.44405005816634
87.06987309097836,86.79170737748397
95.24542944951945,95.11895062188042
94.48975735145781,94.18156914104976
98.0168160818456,97.83801802417292
111.73889235258646,111.39264314980007
86.28380457125857,86.040196267565
94.08187920857162,93.72880058657938
80.4899062167423,78.72451170922271
92.88433879004825,90.71272958789727
92.75505726394923,92.24975480275486
96.32142736671354,96.16019731642403
84.14530743462707,82.73455012455712
102.12002440903808,101.99458817763194
110.03521924916502,108.90268394741925
90.89670472241102,90.17176956362495
85.03706285886898,84.85170643698801
97.2310585172647,96.7154189546398
88.02519980599544,87.25821337494716
111.62786830453479,111.32751872706157
101.81968090247875,101.62629624460844
104.63897608973944,104.35014284613857
89.84714409319308,89.04146962309268
111.38697416686786,111.14404395340713
99.31258271682982,99.17049529741193
89.2333628250502,88.84730974018345
109.46248928325082,109.00722750084981
92.24243051711497,92.08325580272437
79.90794439313035,79.67979470827139
85.35825976274677,85.16750465082569
87.37538819552212,87.03753092499356
113.35683452990159,111.38184793416444
93.34303083120625,93.06417395527397
81.65629544572657,80.78582108315993
87.08055265043504,86.01352834759135
98.51254248066516,98.21529793332056
102.51182822822136,102.3132688008323
97.0836925944027,95.59896909090622
78.5916264995208,78.06535387250281
116.5716152613186,116.01184965856747
71.76128362101568,70.87907730854316
128.01346461532853,126.87848891148191
74.02845935161113,72.92282798224956
76.98438837860569,74.89364260041219
105.74108875984187,105.55905774466305
120.25112294918277,119.69287649049659
112.27034474152339,111.61575234559757
94.86047217458254,94.70547436823637
107.51786464256449,106.51095953618506
97.08619648896443,96.7178718360037
111.27279351107408,110.7945886766167
89.8823493608375,89.38920023859647
76.1545815315633,75.16242786742686
109.11125669280176,108.37044283985396
88.74258208140468,87.86908876643209
111.6933766347038,110.98583626888876
117.64491428291896,115.96744458518188
111.83361361302167,111.32400804399848
102.87873739214778,102.62808408082684
89.73260924396457,89.25790805154028
92.74895778625952,91.85307875077476
85.08346623362112,84.45677031555084
86.44063556843899,85.7017817117224
104.69500711773287,103.37985171494371
98.10621172389611,97.60933580564318
91.55960038773377,91.14280655750042
119.50227196520865,118.95721988214261
101.5571306793086,101.37073640114721
100.87732895340399,100.55628987641082
96.56752103701145,96.40960578422823
82.717894032437,82.27385870776433
74.17390330625649,73.06394239902119
73.608470030884,70.66860426907918
91.7235590798573,91.09640510848016
108.07109899338212,107.71802838079213
95.75351768461518,95.38021589879868
85.77825740351656,85.34021944281764
83.84838211091234,83.26561279462423
90.30143178557701,89.44723167360524
91.84235959618718,90.72635250062548
97.80376578586402,97.29989645613848
108.12025309636618,107.92527563597248
107.19571113625248,106.56812845304847
89.9654553900015,89.70513427432023
126.19926247687525,124.64325623026556
111.77430022683302,111.43413468524366
92.64522262831645,91.99269753098535
96.23145964869308,95.85496058318886
91.58753457087175,90.60535836204625
87.60219388124695,86.5155984763844
88.12045783015454,87.66780274037104
99.39875686781376,99.05345195012241
83.91159907041765,83.23322601194177
99.74759226234296,99.52631434242602
93.7345619059855,93.4297465298296
89.27963772050039,88.77459086253742
79.91484190274613,79.28233723830556
110.51906955195881,110.0964063856651
99.47804511378745,99.1659170048302
100.78374041954162,100.60928156336297
94.87806898736736,94.25242929108957
87.36099844073918,86.65706829953994
89.15349753275547,88.84742367985429
85.24681737421926,84.5788117081823
110.40092973342158,109.60710314625149
102.07280780509218,101.83642955773446
104.13148537365069,103.86773016969823
95.60997424683666,95.37417322961757
86.54680767230724,84.58563139535919
85.77609658276099,84.3702822276628
98.59363100211316,97.42891101797667
85.3445169830635,85.09721734404536
99.7886896456239,99.53110070295537
97.36529000290169,97.07844652149409
90.9978838691869,90.16494320093629
98.97625819287283,98.61510356968617
83.45140501436066,81.7692795907691
96.50435271004694,96.16346484158711
84.2709684086612,82.96647016037676
82.54748426275533,81.31031927551138
83.55756176883584,82.7432760888501
71.79004806720219,68.61574796165685
91.03879973166335,90.44132813399736
86.38444609520555,85.27172757096224
106.53535411995428,106.20272131036005
90.7489779433973,89.86070148714441
104.49119776732661,104.24516805967983
73.38081445628397,72.75096394123136
106.0690222837508,105.58936578378996
75.22887207941334,73.79823994851083
95.17094894256228,94.62548131708903
86.69446583732868,86.39973301966054
91.46114117185206,90.8528289487792
97.89776830573399,96.5195847683431
102.40053409178522,101.3536041397724
96.17701970714093,95.8703965270383
106.78924087639345,106.46294614081383
92.76216925244225,92.58749547306041
91.36413069732325,90.94456285820264
95.2196895684153,95.01859886667881
87.0800155238935,86.58083714015103
104.79842774606612,104.64607459742884
91.73170205614797,90.56787835847257
122.27227588117181,121.67846965994593
76.92966595860474,76.24100243125287
101.8476066769672,100.98857767118403
96.72514057747414,96.41032369448824
109.08249226135345,107.9547591142347
83.25117544873358,82.96522845030184
79.75285726710666,79.03694805714093
99.03071490218697,98.87675805125376
102.40740482675102,102.050529317194
87.3900447683844,86.95457317590783
76.20569421246344,75.22028543175391
77.74914241627701,75.9085859391767
99.39341920402732,99.27621735904346
76.03075484300457,74.97757704135374
102.74875096912025,101.98598121108796
103.13492144318036,102.57887515653265
100.7421030560672,100.36139393517566
97.64897379824077,97.42178211581464
124.18439648645652,121.97964021142926
97.91933713367771,97.26835319941462
109.91860636708714,109.50154474480344
88.27812590529713,86.64515289122019
105.10484813779212,104.79575357995623
88.01840941488635,87.00446699573588
84.87068259435082,84.24092187400426
87.22348942442807,86.3855683156689
93.41338119998336,93.04968365897706
94.15823244602616,93.85779397756548
90.93698365102486,90.61224505734484
91.15659574332955,90.84675383685398
121.95282812503687,120.36401668580815
89.218438107944,88.97685697109428
77.9075312630529,75.184271873663
97.25569754993401,97.096655088622
86.60337606885632,86.05347015675711
121.72283062454181,120.84209165607324
83.08908034121949,82.6389818820673
94.15062665690444,93.92946053799848
102.0915135809005,101.7326289447373
94.78833747376824,94.36021694763586
119.08115070149475,117.62867516870618
97.91743916308529,97.43617805439328
85.7309940327565,84.0250558093474
99.48423385414189,99.1976807900633
89.59689745506458,89.0057131980509
102.85486899173819,102.46629476942373
104.83676379695163,104.33218380639875
96.57869561472965,95.73120017931453
101.32690172642924,100.76708529051858
101.58147562105486,101.43666952604102
94.34191291883354,93.05277908737142
78.2801014954227,76.88543461701171
91.5745190389587,91.34922743537331
95.4363155853878,95.02746329471827
129.77024518708384,125.83594422542228
89.1718148672168,88.53045127326513
86.49124416955789,85.84181054494303
97.29839717101589,97.14748674040322
114.48233364273457,113.91988326796914
93.06685646734856,92.53230376449218
97.57568048949561,96.99263375464865
96.79132061529612,96.52021405588171
91.84988781960062,91.7150648704551
93.21243544156079,92.85146755630969
88.55911295100401,88.31667052090769
104.79458170099001,103.87477316243825
104.65829494155382,104.41692740389918
98.56792249766677,98.21224617544577
101.56225284162532,101.24153047304351
94.21837533823327,93.93892537842976
81.87608241389049,80.73742677370481
104.17968390869699,103.78741906317468
98.66676547021203,98.3675111870061
100.43796906387611,99.33886167207427
95.60955761733985,94.99262116961036
104.37839040577447,103.59542780973844
80.59665751955072,79.81580512145233
84.98925176369076,84.62012306703
93.71776315731796,93.2916394487245
88.8163192427407,87.1797771569687
95.22315989065997,93.83249460438893
93.81383868884976,93.58653836980734
93.25058467626012,92.85424708879935
104.58329661891099,104.04757558136201
105.32927676714931,105.04241459374137
104.74507775562151,104.317756150628
83.19020169465789,82.8159550904089
78.26341324967693,76.92669284291941
104.87318921883329,104.7443586974477
99.30462095656445,99.05145083080731
88.31734364315244,86.30003670537963
103.63344141476713,103.14194926947873
95.25657491341919,94.6246434636322
115.06649098464278,114.21311840951513
103.16668320452084,102.55299516818178
80.78603464246763,80.2042911746008
95.17734005583665,94.66135682590485
99.3302196649429,98.81682069070241
95.87538643221556,95.4547497883327
82.60706078199102,82.05561048815696
89.43917136790134,89.11912343524403
90.88945285354637,89.86889912374806
105.48640916344426,104.9930043399718
93.78949965219235,93.64425919372357
106.36069841540356,105.76747269325975
94.63010197636264,93.91173553772452
82.92406330999009,82.32855760803373
110.65172588634206,110.43067356301712
93.44347701627346,93.16058699584873
105.09918325094382,104.80967196406118
86.64468103015882,85.30659218877553
91.25751640457418,90.94269972206583
101.34850078485648,101.09280287753168
84.9298199411563,84.34452174803756
78.29370205725174,77.08158356246511
88.82291849464107,88.3525655215041
95.4114892585135,95.25780959357755
100.60614138683228,100.03015218733482
86.09084688848009,85.23651152372052
92.14279303753183,91.65959820266617
103.90538422608957,103.79619293134803
104.49915178460715,104.35738795120939
106.23038979414567,106.048527518793
105.2870158434407,104.97019040663561
114.61648985141566,114.02730542188651
82.6182694565771,80.95613362982184
115.05372792900755,114.84465992236807
102.69038469454489,102.32996180273113
106.93384606360172,106.6553473348797
93.8194431939607,93.67773285378001
101.61905194514922,101.40529482473626
99.27009324390689,98.57224668938191
93.47665776049709,92.95885380260607
104.83965255597947,104.54637613416875
107.00250021387063,106.57758731389707
106.26400645931966,105.86309435098092
104.98488699804679,104.6243929688421
95.28139860354582,94.74287308232907
89.91683826108944,88.55561866193683
84.12085361979007,83.40499864626679
106.28876648351888,106.04049811905766
83.01399016938505,81.75722171883233
107.92884846888388,107.56297455271603
107.17762854195252,106.89556313183978
114.01278233840496,112.86265537509922
103.8977065509133,103.58495935084026
93.81326613858904,93.60680186211586
111.68119059996698,111.26786799242092
100.10497303594329,99.85127826698057
95.8100204829041,95.50104338535975
75.32394228689309,71.93873106127499
91.22883971916728,90.61064724157806
87.95895146624487,86.99905766698909
79.7266606788773,77.77297086624561
98.74915304499439,98.53059872279661
107.13278759841965,106.18957901157115
105.32000974356676,105.07967703874219
83.54546500219328,82.38267189391576
97.86587780395926,97.41998522913812
81.49080129380971,78.83193517866518
93.61012126553324,93.30744216129557
86.15502515483706,84.84960977150315
94.76400228792532,94.46022788554644
113.83613983321266,113.45631311232816
101.36556224005976,101.0378251298397
98.34117335006997,98.17796495731142
101.21396221041442,100.9907897269428
103.06556721452256,102.107198401
89.81342461233083,89.64394756492534
109.22287277284117,108.9142351307542
91.38799146727004,90.92792104694303
82.11168671304988,80.55494405038863
116.55320548771384,115.88855576347757
102.01702376323337,101.86181941862634
83.31256328288035,82.35022517237542
102.06797430657491,101.24943042289223
112.59460417925696,112.28288876139325
73.81695454334402,72.30493113687697
99.07441918889985,97.5510433304214
85.46159055682068,84.87018505123213
95.00934832922563,94.46829312981698
103.77488272104173,103.50547319163357
109.17113772800035,108.71602824622094
84.03213875005922,83.26686424129197
104.06260313971676,103.79240032613058
115.7302125960465,115.30429705738446
83.15779819879249,81.12511168446004
88.84790651805152,88.24968832083451
103.46732671405725,102.34993227856634
109.83016798669529,109.35963226399046
76.8828315499465,74.48860010821139
90.69032944688922,90.38582037532754
93.12633683382815,92.58712587196918
108.19076784955989,107.7731400600541
105.03898560604623,104.27622997157242
109.42437591751977,108.9195283762287
97.23745450211061,96.09889000806821
88.8502643732236,87.70952495883299
85.22816737417956,84.48089302112568
88.56043645998909,88.02878885523718
87.17246947591691,86.72247295246405
95.33852279134759,95.10494690216449
81.44549696685137,80.08459926191416
103.92744486706434,103.70247801268286
101.15450751938752,100.02029855577622
91.65252902821663,91.26427181037339
96.02450661951345,95.42767852860068
95.00174878421949,94.71802600938317
100.62747614278847,100.35408270372422
95.59757540380001,94.99757878560219
95.36281787802089,95.16882140202893
112.56175734951614,111.84140462320548
87.72734364813921,87.36536248729601
96.0378482393328,95.7236363664317
92.08381211456273,91.59345587321992
96.71513139457693,96.50417906315266
100.63560927143345,100.38326647510307
105.82819614440568,104.9354269500173
103.4851302737344,102.73283036179234
96.71293029047041,96.22279054810336
86.53607411016748,85.49338525279677
92.21901762162958,91.77187840378491
107.61862740926544,107.1132714660345
93.71790832546147,93.54081184975396
98.45899957349253,97.64224275608755
111.93423368714804,111.35322061892009
83.1159859315096,82.73096559413568
103.32984471907552,101.9911400260387
84.982418246116,84.19892241663963
99.50641341023922,99.16160866535465
105.28546553436978,104.27762834098998
107.93567294402862,107.67384511406439
113.14111685489077,112.69449019992844
90.45908675401381,90.2905980994047
92.11809790351838,91.84229402345879
92.29091785280617,92.1324658062965
87.5807572309546,86.56974742071682
106.38069357362116,105.22817583778102
82.42598303669455,82.03879165122754
103.42367855302624,103.07691096449119
105.07045928423805,104.35681472060307
92.5324792247422,91.73276957275327
95.88191648478997,94.74348677670113
127.96221146292342,127.23191523413905
90.64679722512308,89.49771352358337
102.78405686636377,102.42072615235392
101.98027761476898,100.9561867503719
87.11129118280465,86.14687844662485
83.512961526405,82.89797227474511
97.34066014229322,96.96379175687441
82.73573137463224,81.25332239027351
99.57300909875111,99.2793503935685
81.39974725351324,79.31123445522722
78.23769859914931,76.54729497895651
96.46189128384277,96.22668865924639
87.79404112349253,87.58103659772027
97.53273513357982,97.265634442856
107.88786569270835,107.34089914284593
68.64851671504502,65.5715527864769
97.90590862561533,97.54516733490541
87.7290120615501,86.97372868421132
88.65901450650108,88.20266765250096
119.08874474493933,116.95031137993037
135.67624477647462,133.89639096641685
110.20946038273452,109.63166609639487
107.96675018812115,107.3710959112337
117.81802415337403,116.7949672840548
120.89728839110823,119.8024805457426
116.01143490092642,115.54730682459355
100.15919909641286,99.97197529336822
98.77636491732818,98.51789890958638
93.52949511023454,92.97609846065983
118.43551221318302,118.13805605061934
77.3211720668795,75.61113972683222
104.08232301745386,103.78776634234852
95.97691028113184,95.70321205137553
108.51585575854774,108.05257272964329
81.16263108013271,80.08662070465213
90.57723780534839,89.60894932614839
86.17522808221078,85.61186668829339
105.282577037675,105.07956874880804
116.91050171766216,115.59499853270596
66.86846773275307,65.04483859547642
87.82363970899563,87.41214576971795
105.97487494505269,105.8324364813805
102.77552754752041,102.6059880152588
108.84166680188204,108.51404397089793
97.72513949147996,97.27256517971651
104.12922552479748,103.56349372466828
119.4718507894819,119.00523409740092
80.56367019565994,78.80707943832041
86.6082786221962,85.8105868689059
90.33032813351754,89.19674382232246
96.99314517142395,96.84566366864344
84.7773331272164,82.87142572595013
99.85910975620364,99.22685432633446
97.38161269117337,97.14336802665584
91.06721654914901,89.23634690108479
103.6734981718583,103.01505749653339
103.29197715938807,102.76162638280793
78.3705977894642,77.52857476297469
95.49749840673421,95.19426797245177
82.11598811119192,81.46781698292259
98.42086738835943,97.92282266355129
82.74655031656911,81.8761101779749
105.72359459962605,105.30459634660649
94.4139823436697,94.05587395521744
91.28679341314681,90.35385047845216
87.60480035187642,86.67477278933065
122.81945287499046,121.89850926279152
83.99253300948631,83.35385415337704
98.58969825943802,98.11725356113729
114.30703897213984,113.93369516582229
86.39603727144879,85.48887212284563
77.51694400289325,75.83324240985539
122.16794874240748,121.06139841876988
103.2965232657629,103.10753191331385
89.14384301693403,88.70278284728529
100.22546499143145,99.73867817618509
110.53423667311405,109.81999908506823
86.01130279411538,84.53355824179218
111.98299525770067,111.33250353239805
82.97460159396509,82.33038975054653
103.53934478253929,103.32627471871197
95.19478818453923,92.63161334121777
108.85196331723282,108.70503979047135
112.92355231483721,110.80889509953583
104.58262002273926,104.25007749938253
100.09863838268713,99.96323486409636
95.78333347747328,95.10958018355264
103.37643335624027,103.06981297981295
96.6909541606688,96.45690229875734
81.34669231503801,80.06007508033225
101.34923199740697,101.20668168727663
83.61939657716319,82.01138272343431
87.33106842350388,86.90251274484224
111.055909611929,110.84124556637992
91.53785666501976,91.19286232721194
100.34033152935176,100.08311266619704
113.46240721063823,112.49443861463537
88.44197409596667,88.274370505119
93.04499193473794,92.8027566175029
89.72707502879193,88.6012070760647
103.32816055713337,102.55814175523145
88.5694033246096,88.28973846304565
124.50965702562395,123.0555373382729
76.03310814472295,74.71034381652609
94.04798447540266,93.81090401245483
110.06748865684727,109.66482114610065
85.08181126556468,84.61621968475646
94.97924182861908,94.78238524788804
96.90687028860117,96.37918963416742
111.7826361791238,111.04006701456328
114.64406971924791,114.3024720352977
98.35627710818231,98.22594846277202
93.97617539817728,92.57947759974165
98.78625545330979,98.64346731317912
87.74196181017395,87.38114039979696
82.55296496836236,81.84652840006548
100.12809458553824,99.71560481368046
130.16173607592975,128.4306776111104
87.93557336456632,87.56331402828536
99.52060104584532,99.41064551584972
83.92773226525846,81.9806127420285
103.2368990271896,102.53090850976956
101.08754926836673,100.9128819806788
91.26069313249276,90.38850981915708
107.20928508973022,106.37283359433228
98.63137945913797,98.33629685120897
100.58818607451597,100.3090235937796
76.97023514934577,75.91927626949497
119.69053527920234,117.86846715987043
69.17285028496153,65.95608272136367
125.14925903584592,122.58088921687894
119.48100660384965,118.97604128526284
88.84812730520744,87.52085363124749
101.65915667800759,101.15905207538371
93.74657156611116,93.4992437024745
93.10197099621308,92.67652923884198
104.53895951625366,103.72056146594707
97.98645110378155,97.71234660676025
118.85370826382943,118.23054705458385
99.70556245127706,99.52916617925634
114.91638592158597,113.97247939065105
89.54409776493112,88.68448694053252
87.57963451789225,87.15677749893533
95.32033556082524,94.73776494335895
118.84139791849773,117.74816638682105
98.33753482977512,98.06779134257904
120.00009094361842,119.23949684063095
94.66134674458941,94.3666865636214
99.84466756221781,99.44461201369079
74.58631409277997,72.8325193844206
99.60827284577766,99.21396515329342
106.17790249877707,105.30554829808966
103.20594313215832,102.34758958413599
93.67889366255783,93.55176507941458
93.6551998023452,93.42966659240372
97.61358247519806,97.3370578646379
97.883084086928,97.67711518194159
108.24149118732606,108.07472815745781
88.16237029782788,87.54128856909627
114.71644474532961,113.56877708472503
103.30382468200989,102.95761113556392
102.82312374285364,102.60631827776044
101.81381893626035,101.57069384683594
107.5638415013605,106.9862164636293
94.61193827513435,93.94430136120431
91.7263851303075,90.96291879876233
107.58333000132156,107.41766759577449
83.73927382777785,82.71673970062082
95.29025567714598,95.1732942985081
94.74426503657806,94.62319023391551
96.48611650401317,95.99921027372652
85.51552842044856,84.964099041364
106.32492368310564,105.90927885920114
108.26153047860478,106.50515786151844
100.1901911886784,99.94312537047462
81.73670813511636,80.6126036068531
82.51756959709482,81.40476307511207
81.74939424534162,81.09130991928035
111.18278193937067,110.93368466008074
104.9124610842593,104.07072904095749
103.48085324690642,103.27520334521284
108.3412973507242,107.82037588802574
84.22854397837233,83.64066069637235
81.25717620187864,79.97200291299409
82.01448823759466,80.67474621996554
96.58878516637871,96.46932416541574
97.66283257707676,97.49360520991027
115.35856827357131,114.85244093585203
99.77978118380959,99.32494143768452
112.4583831305871,111.0814753132164
106.98984095444746,106.66030785064787
103.14709121605236,102.00596685515437
99.2561328601366,99.1026491230509
104.36198931789299,104.0486197819007
109.06270725257947,107.87609004702692
91.20940086012095,90.5091085387163
117.64960999899223,116.57928759355103
96.85290927624345,95.6694631936157
114.90083076189123,113.84147936929861
94.07053643431827,93.7754019389514
88.94484036030899,88.62995064720361
83.66819802808068,82.16517688370244
103.44554582585727,103.02180558916587
107.18040114653019,107.03426155638367
98.40510617830464,98.2113993549339
88.0823224858341,87.90697468806869
100.32689472484216,100.13472852905726
101.24313038691533,100.26731075238972
94.23879367848069,93.70089225476352
105.42269307385945,104.79489512606814
111.86960385481981,111.38187189506696
92.84135377276783,91.90695142300837
91.93670822034774,91.11232472375707
95.60307856186527,93.56078959684338
95.45503825837054,94.95813284331875
100.91014534247715,100.25210350659462
81.52133140419585,79.30754988292978
90.46195545102273,90.06267370926636
95.85675081667021,95.69143191263012
97.85428718132829,96.67992815682405
113.34431772449872,112.31729972901786
90.69088025813386,89.93746932955712
77.20345971197027,76.3967169056616
99.1010105991115,98.53062049181648
106.28878620907555,105.5673052723109
130.85543324545543,128.46902989856713
84.35617747387961,83.37647177489066
85.36347114495578,84.53710454001545
120.01123553357965,119.32282807807206
115.69927164079125,114.56625382066788
79.08604741561467,78.43020760278266
91.83453404631082,91.61510427003937
77.57563744678558,75.05073682272216
96.61458970773852,96.03422155014987
100.23644625700439,99.70863585269345
86.33699630686799,85.94403442266437
88.63375707626123,87.60931666935174
109.2411217123161,109.02532917228551
95.6859979546707,95.60559791154196
87.00613972652623,86.6524902265508
97.69200287380612,97.41249004573534
85.5579835098782,85.18342512315441
101.1325567873412,100.19913408748792
76.20554568967475,75.1662189963849
95.77891976117878,95.63299542915142
100.39098783909566,99.79016237803881
76.80144379468888,75.63298462621614
100.69684130584645,100.49090932928046
102.37338691273169,101.24272103504637
82.28888915912987,81.39799192311274
108.66334583742724,108.0539687810266
93.71806723081632,93.5354073687784
102.20204969801111,101.5603500422731
84.93876088778379,84.26495885040349
104.4198693118118,104.18534969765625
108.7347729031308,108.20319309716533
106.05680596463131,105.64837560110196
95.03195370999354,94.21361145672083
98.78268300547803,98.65064652018008
84.12043102733747,83.74454396127764
87.02083475752292,86.51283718016285
102.03442511802227,101.9286081103735
102.66104773121333,102.32192145482946
87.34768244588226,87.09690987004915
84.32277137697736,83.94763334377211
83.46352058801226,82.84538796658133
96.67194189012935,96.07175053576664
98.17000682406541,97.82359267258458
84.73951882707874,83.17917475519002
95.04916542356767,94.92335706929825
90.9456005379216,90.28296040104819
94.49961207348308,93.98014162167306
93.02667376537225,92.86552097979757
91.7695910620527,91.57542710077114
97.83324929471941,97.29173858542738
92.64925455158864,92.13483614840246
115.14823220916463,114.46072393402514
95.27845850812915,95.19025602789245
108.30701972251569,107.73604285707772
107.13076813732827,105.86071248346042
92.83424897050861,92.40716660954865
97.51734235420537,95.88402533213583
96.18174848410086,95.92701420770456
103.16416557850647,102.60291056398894
94.6261640556469,94.39273230787954
94.1545637321574,93.79497004300539
79.18876559842712,78.00086348107945
125.02284706847686,123.85714925963046
79.2015210707129,77.8672099236784
93.85290149448285,93.398022887537
91.40960210806567,90.51214796052463
108.47661084596108,107.51168926276254
94.07717892599165,93.98859978997152
108.86039554678486,108.59093530324517
90.98729165286458,90.71587041830544
125.49969855515238,124.65730729117762
97.2782168467233,96.38854155275422
116.20870816407076,114.95783089044068
91.35601423637681,90.97006754616031
89.52140389346317,88.64623428317934
96.11841741818697,95.65176235770988
93.79580839381552,93.61470387699539
81.30166544234655,78.18694873138097
94.37718447313911,94.04975402266041
87.41027225162512,86.56108987494177
110.96977246249611,110.59786150433999
78.21941119409381,77.70366892202756
108.67606330716639,108.14119417543533
105.61817398080257,104.76010276997607
87.0615479513279,83.89022398279675
83.07304288025716,81.81429071929502
83.10634547089079,82.61134487095724
103.87766294081185,103.17699886104359
90.32458961667109,89.87969697636153
99.2849294970369,99.16514439318881
91.47433915880029,89.27951224518748
99.41434623306858,99.22745766949333
101.61626472497045,101.02820772235063
109.70086167154328,109.15417628838486
91.33249311176003,90.89578026879627
93.75991161018003,93.16019945684829
89.75549224953023,88.20053199013076
76.56993754099817,74.92815770098389
91.36070152821846,90.80955332494446
89.56261630493164,89.18690128673244
90.35676172098457,89.79079226851
99.65972416593699,99.3537487539721
88.34165781168497,87.88904025048446
93.71316533478421,93.32519273492386
121.7623572973456,121.22077240308144
95.11443870095394,94.83359889237195
97.18854528876585,96.73011713947261
92.44663544381216,91.9270577722275
90.4681312804083,90.09091843962521
110.36644603162091,109.52707065700102
100.64894285464933,99.94490576475745
91.7733638000037,91.50576162328812
104.25552929188696,103.75459863960752
77.61231423744154,74.94940696291724
104.5167829654132,103.99405911228261
106.48995750280032,105.30026097081335
94.80885542082065,94.65756406825892
103.52038127479742,103.36491288459091
87.34640279046953,86.41062369674894
87.42455789839154,86.84886714612536
86.55698092099749,85.9261406754848
91.31713625815972,90.26921353740036
106.90707420547014,105.54843743921924
100.13775795070252,99.6299870204078
100.67269385814272,100.45391105137935
104.56053753594092,104.21304713911479
97.01452021521008,96.56206882742292
100.02737397967887,99.82018937508418
99.99613969057353,99.71716690978101
72.39923307894016,71.32755897479376
101.3088682772726,101.03915088061973
79.14198975875478,78.05721081085433
85.79578509642297,83.76099434272722
101.21604810158074,100.60572002997439
98.83088856069777,98.69049136672656
100.39340719841532,99.04186835295015
97.64762217784275,96.39585958071274
86.43982496598608,85.7754280728547
85.45146942294197,84.77201050313148
87.51858640311073,86.77317273032236
95.6394965946185,95.3303032906109
108.15856886635302,107.45679740972356
86.73451535972052,86.25445024927988
71.95238932359493,70.33712494166144
109.15635235096285,108.58972885440217
95.25882156826786,93.85269193350783
97.12901976241241,96.79568235362379
82.12551536237007,81.51905772131222
82.53021490755353,81.672389642208
100.90835438161929,100.78562589113457
85.11967856834015,84.04490284107285
93.28879216453633,91.31279157247093
103.64996955526621,103.20678349535723
100.82688325763385,98.81898090536528
84.38852787205359,82.3820413394217
92.18825349859694,91.88048847488498
114.16262615181313,113.83786600268891
82.19843275218578,81.4884180117832
83.6509762360656,82.92579923169484
96.20755099167484,95.90853275567575
82.34568491525191,81.44885590282092
86.58314900018853,84.27475586607349
90.47487072677295,89.89206548344347
122.37148012230091,120.14363730479646
87.41454172925297,86.99543673919025
92.33608921795283,91.72326957560863
99.83188283940663,99.27027488876232
74.1772800916601,71.37322956362067
91.7472298010751,91.01334127672587
111.94058692003844,111.35564797685818
104.71423957715088,104.51898672804258
86.05294165036446,85.65912491939375
78.64674854951825,77.70447746016926
98.85208412847493,98.59565717730707
89.21995967692254,88.24096840838193
118.94298581257263,117.83351607189489
103.82684719554993,103.51779230081628
110.14598960076987,109.24356742607304
86.21651117666312,85.94447495221858
86.92206475763673,86.40784084018158
85.58859611046984,84.68472318578488
89.64451268293287,89.39566135744309
116.89041902817281,115.56061964612807
97.61824442087405,97.05826037541979
94.08277070465628,93.9442131981877
84.87066751753204,83.99541519206069
78.09257367400502,76.31099518732391
98.68344014683903,97.98595363696464
72.43649567734579,69.4984886612829
105.9247468300252,104.08174243208501
93.3918592570405,92.90843875448385
95.75893010312733,95.47548884698242
98.11589855103544,97.87025328924892
86.85814294949763,84.83939785888491
82.93255935210085,81.9089556780403
90.13000743692517,89.67934576502948
94.57336655575895,94.27760274723433
107.2138893186291,106.63415577013146
106.50548536909821,106.14732097416092
82.39698241040574,82.00620929819695
91.89430480953816,91.18698090171829
88.23997167517648,87.90351489815619
87.37753154899059,87.06251362374648
99.77133938970793,99.65055437055499
128.41138612077165,125.68275005977395
105.50596043940364,105.11820482962416
83.25188341655503,82.28241677492221
116.64503532767732,116.27553308231187
100.2063900235984,99.28156046121967
94.07495507502408,93.42939511007053
116.25509196403581,115.54370601703184
94.14201018019027,93.76165468900473
77.80930224661411,76.89281461726239
98.43064155019334,98.2720736658381
106.325369347678,105.8533135094959
91.67713639080442,91.43555487398328
85.31193867058751,82.68970181841247
108.18622808693941,107.64284671534757
100.84275560854226,100.68527279759536
81.31993219347638,78.63941886373345
84.13805653364552,83.16176018176496
84.76760760167159,83.1183654828681
138.08933296377876,135.32495369119843
102.40780174559093,101.86041385413756
94.66266321486857,94.40670843573162
75.41038550396081,73.90688034498308
98.23277605665491,98.04593473163935
93.00736370376924,91.43588336557296
103.30430651785682,103.10315542853401
101.70331905255571,101.36571827185867
95.23164526120094,94.64981377307225
100.00094197990033,99.00720898587984
112.3801260037938,112.17550341176772
117.10775123382226,116.3586025555605
102.55971026065025,101.91032732996311
86.83831620973497,85.71988515507775
102.77492488417184,101.81466590116321
103.50960757065515,103.0271449387572
87.84361606653258,87.05653670195997
100.38037323358057,99.76660766446922
83.28472282643655,82.23349972196702
104.25382409528729,104.00938417724815
114.18729749863373,113.59231396433003
98.35333628496302,97.95944698727735
89.56682891908997,89.14878471636112
114.43290916014934,113.21311474161615
112.40664261114522,112.04001277561201
101.17199265795757,100.45731063909308
82.96434208978859,82.05764386700386
89.07061110251884,88.57565480827238
112.99999384740897,112.81005457410724
89.29271148998164,88.94707206934766
115.02533310495835,114.70167396648489
81.39238135925528,79.74851026856369
98.14436577024873,97.77575436118768
119.27405587176469,117.59244081829172
130.52135075686078,129.62483946740448
82.3715779262528,79.76787605675507
98.96976705313398,98.81806601354178
118.05464991136131,115.71261821561893
89.8420838896514,89.64226655039468
104.62570322838498,104.45753142390416
94.15126584853734,93.73154200371395
82.74028620814879,81.93851665219276
89.91665458286685,89.56140963120507
83.14428872345943,82.52243153740814
88.76403888640901,88.28752627610676
95.27069847838443,94.8991171190708
113.8811033220656,113.2576859867472
85.55424701014141,84.85731539459181
114.27955032188285,112.71068130499786
129.84204973254742,127.17521822564909
95.28770990573808,95.00243930982425
86.49497517287227,86.03080106047109
97.64863858357748,97.47130847982201
95.30512228011827,94.61924810464988
93.2732791371798,91.41735496837792
84.33613403080776,82.74113517552688
79.86809051695802,79.1478152873285
83.59018614145545,83.12278566036429
103.18449302065481,102.6394079913005
98.71462847662879,98.57399732042028
107.02476080941103,105.96153104235667
116.48118726320229,115.40256209369338
97.30333489210996,97.1125242551857
106.98504559879582,106.59859311694547
88.94466599051793,88.81731644329048
97.77247026164248,97.13699985206758
87.79727694844722,87.31976145849248
103.47695821923057,103.2783419080928
102.68501320454536,102.4627345487254
90.11418433182617,89.64189348323825
99.27413172862853,98.11312976162138
118.77714033752723,118.20973929756666
92.35314838463745,91.74057507942678
88.14956868251855,86.74785178886076
108.40905233776417,107.86944392827004
90.19763157477001,89.11894368553645
121.56135344310081,120.56013855884396
97.7182047316664,97.63892331859272
84.54675380726647,83.92429857895826
129.84064303349732,127.72514057238057
113.19502592510699,113.00439160011553
108.97857420636625,108.35645648513669
79.12568728394855,77.79274915748488
94.37186490702553,94.230893108676
104.75362077302535,104.36767231410195
94.66172489102739,94.4144024659056
103.98719366671483,103.57899940993038
103.0524583551543,102.78539856166464
97.30144746309804,94.9251797990938
103.10243769752678,100.3808081887184
102.82797432860927,102.36381260774868
96.41841052001767,96.19423418760059
99.43818680351096,99.22318775302368
118.1425095385453,117.17353315207181
107.99404718123886,107.24222001471522
92.621097481127,91.48241479780378
90.42212391332833,90.21599366602258
78.23444261695607,77.02265866310785
105.22547068772488,104.8415073780123
92.5388851494976,92.04682939406972
85.59448847435355,85.19041575525064
99.10174569587747,97.72551451638789
87.48350795073438,86.93875965217251
97.76377654571871,96.96360837752947
80.57532261067271,80.2832095859178
76.115540737858,73.34410574546911
82.3623388412465,81.52002673205048
100.92264187714598,99.59646263209594
105.73722034015832,105.62342770023852
106.05332082501842,105.80237464211565
126.17141185819939,124.87359257411251
108.15925180666285,107.38866548093877
88.08347952798326,87.2281480635476
89.92068035911696,88.08049849292463
93.75136794768099,93.49917708954122
98.98971381200195,98.01110831033333
102.23405560318677,101.91850480851512
88.77871221205565,86.11299919495069
87.16666732696545,86.77874223473259
99.79987844281574,98.60506322007946
75.06238393412762,73.86607034312716
69.9523275783781,68.85546025268864
114.72641153690282,114.36702097102024
115.83138823129177,115.65406586661676
102.6038328785616,102.10506804330892
88.13056646696829,86.56485514123307
92.3570127242485,90.75783171980194
99.25124713768966,98.79639731251729
90.51371043731699,90.3193526427292
110.39182539099012,108.64258416588818
94.55748797599887,94.09095806895188
85.89275480306299,85.02622161549426
97.1856287205655,96.67731680495284
89.53115618512312,88.52003799033214
86.50000417312768,84.94497500136897
112.4576374408568,112.1126959215181
99.99561936143957,99.28737407390524
97.94379634821956,97.59845794379845
99.58599158305111,99.21907048999917
77.84708865689095,76.72382056144616
101.41939618638298,101.00598056368142
103.20185412539641,102.35223849014332
98.44695618954421,98.29840462520683
88.27082512211733,87.27190108515816
95.68902008212712,95.29280163623888
107.75650789486734,107.31981200023631
110.52456996126595,110.36808296851486
97.54009970892841,97.33490605860314
98.81841482327417,98.65426194472137
98.68564226008299,97.1545594138063
113.82484651263698,113.38520320307192
109.2677524273524,109.00594197882727
92.17932950849992,91.69714531700022
91.4491429174975,91.04816790495872
105.49658037925018,105.0153263957015
92.40180129923043,91.91048079248219
87.95639650922587,86.48457305093903
77.19601853695532,75.79078469262332
85.04524095930616,83.49508409516238
96.36251871949082,95.80380198897848
109.82778537893108,109.52163985379417
96.11720858099042,95.90965838460892
98.35014287842782,97.62492098964196
102.27691054281749,101.68995520703798
101.41343400077851,101.17852804027872
94.60486159302343,92.67306934921386
83.64583103411294,81.37732862176387
73.01287798195288,71.68596640559765
84.92067490569407,84.67005645199164
92.70178700419495,92.09663457990288
83.13134252502961,82.24878821732415
118.80351359712962,117.85104017836271
90.02248682960915,87.02779152400483
96.91228051164835,96.54030781503124
94.69945930107959,94.23317651431536
96.96753081130043,96.35460988611648
97.19383093024003,96.38856713290127
82.36929430498672,81.81130047166467
89.19338484099261,88.76387923853281
82.69054344963756,82.31160049067732
110.73161812328823,110.3314706350051
82.17302497245923,80.3072211928488
107.1299041134407,106.83209360500288
85.02297085533252,84.24444174131789
91.77489619701015,91.54488799170213
122.88374715483586,121.82954550711847
100.48603291860722,99.02187785613502
100.65678273447827,100.19889541574626
127.6799381380867,126.50223994618528
85.98444558448391,83.44401261748892
76.57144446077592,75.68996199871759
90.16349903338472,89.3639497076459
90.43845129094788,88.64023112903419
114.90931561001999,114.42072515762723
85.58640051108914,85.2451695087565
100.60797502417127,99.94697936253343
102.38545854682634,102.13066578319948
112.27388432715857,111.9829376221775
96.93629448959659,96.74942019348441
84.27891310559411,83.4988191090153
82.23422123778475,81.31288682862089
95.36829367770501,94.90684144260864
117.96968318775276,116.98592228225212
96.9861997037732,96.12368930257254
95.01372385889508,94.52473638339605
98.84542202839684,97.86284661920115
108.46782413693401,107.85938045921901
90.31559148515947,90.06322536188699
90.98773609371815,90.52890702037375
100.84034517899259,100.30801095378682
106.17946669083412,105.67779158709966
98.32582252068431,98.17030834973374
108.90773568814376,108.52901178056102
109.69717630565253,109.49728620349896
94.45028896481905,93.72034865425256
91.962726135508,91.54475156193097
77.75356776632029,76.72751900662249
109.53530411355338,108.63779823086291
98.51053840398156,97.87110718431306
69.89943253268292,67.56383307815526
104.30055900996537,103.494626881485
112.02621557718707,110.97959123639437
82.29058062890209,81.13420636178806
87.86715464974506,87.63691437292782
94.10469229759174,93.87742836567018
86.29041198715451,85.67640518547381
105.00189826092678,104.74048677873448
116.995838979054,115.31973826745798
105.21607869465431,105.01400519734513
102.05605678481157,101.86923681486883
94.18042301955592,93.9125446824297
106.92086975469178,106.20192144828331
97.65373113391347,96.33416710229199
109.05592372178678,108.12051569997976
108.0234992718926,107.50599026946081
97.77610874163229,97.50955053636892
93.47333967117116,93.18303203207155
80.07456299445128,78.80242984788667
111.30531320344373,110.9040644700137
88.80273636582396,87.70245125928976
82.94844656637841,81.33058372591474
92.15760302147307,91.68434159497448
85.61793980853555,85.18062864379814
101.84555087147436,101.57908464609788
120.17985329029067,118.48824280182394
88.03116727734108,86.32244402127137
106.23127350260313,105.87627719813673
102.3289106135131,102.09191513111496
100.43718935976995,99.28516414810342
102.00209810891413,101.72194329009177
87.69827075720934,87.52183436594213
106.90643029897161,105.67541041790086
93.70964327490637,93.26739230675072
95.52403330422516,95.11093483349266
98.02347515877706,97.85002720237834
112.2382459643143,111.33288099934484
106.09731347616307,105.61942535809632
100.1701970292081,99.87018314194015
85.21067361555006,84.79836474246098
94.57419148953191,94.42182308785517
77.74801329019964,76.41167971739456
119.34971088268918,117.97614608748391
98.86919630485443,97.84836922040796
80.66308734827868,77.43006759207893
105.6356334023414,105.16060632789417
108.42818709586717,108.06451646001959
116.40387298147586,115.30050284989905
110.6967669382772,110.4840246656658
93.79191853124622,93.3494497979782
140.73388686326672,137.3299266313778
103.78548884963706,103.65024329433861
116.49598356329298,115.09008580064756
113.15466433142343,112.3534470178723
90.78133952403081,90.38442771129253
95.1133310402429,94.75840974485402
90.96910442094672,90.61426373243161
101.08409814372499,100.88206107058517
102.98431394976635,102.5470343098024
105.51903530840674,105.12948781298978
127.60790024237366,125.33496639383708
87.31432377391444,86.13614021689226
95.72042303532108,95.08717980230143
118.06944869073831,117.50966760670244
93.10024961661162,92.9683042688125
109.24295115292836,108.91777455266563
91.48049192501958,90.17256272574333
111.59772403283496,110.33562424147591
104.6608998736801,104.47228905770767
101.88818677330767,101.18908411091493
84.21699329269148,83.20316584327922
84.83951772029538,83.37667506933398
93.5469887498868,92.63469195398704
84.65378277570068,83.8323999329178
83.73906664504779,82.28967572292088
95.20601904149329,94.94495907727404
82.94633349940113,82.39593881077272
85.22790785059338,84.94723624568444
120.5046420484225,119.32834924736994
96.88587549246512,96.57478132266363
87.6248985332199,86.85256933795269
77.7991000494342,76.9039341628775
80.54820640487486,79.62876845582205
98.0523301885227,97.61831356969596
105.1150433470191,104.99511900775806
92.86168862221729,92.43030988870255
106.7348755487831,106.27766486139923
101.76778836688027,101.41072366603146
85.55970727337066,84.32472178882169
123.87844178127534,123.18930853082577
125.63188749686594,123.5369110282432
110.06615776331302,109.44963100030262
104.61447361695575,104.19755098601776
97.2045070277861,96.94419131711224
67.67642874538964,64.47982647638939
120.16840278062136,118.72875483386197
99.58594141527107,99.30468454130431
91.47208048800282,90.88787959942968
80.09151673261614,78.43401611663776
78.61793696107286,77.93490607658688
118.1932739665988,117.33561087586374
114.15221257033835,113.73310269089524
79.72348136095056,77.05179361534294
114.00583889358919,113.41157216400758
75.62934206987028,73.22699313734789
74.63957134399674,73.42222716227452
95.90995894660645,95.50725099739297
94.63276113707389,94.35225708906724
93.27926895656384,92.92291568626284
94.60230761085924,94.22533032329828
86.40247230094417,85.34491719092384
86.92613997676649,86.46667750454955
90.63981603782636,90.11864731224966
93.63739009608084,93.43475198844945
91.03208961794222,90.41783144616956
104.73845874985085,104.35695577281895
109.13634668851032,108.67965440311933
89.26657820735076,89.02715750284976
96.64648692821153,96.27178306753781
81.35403641767458,80.57610385783315
89.96515285287323,88.95040820378858
90.97942728597826,90.6499279114827
84.63145204301235,83.3338508812478
116.08737927308027,114.73055619531665
97.9915178247094,97.63150258638034
126.84286107066373,123.89896291217414
93.83001570325023,93.6655540344171
80.85708889554331,78.86288953176071
91.41592414566232,91.29926204232945
88.58411441306204,87.57650872735881
83.55046916720735,82.76860988965373
101.126022492028,99.98239356547006
98.39315079476154,98.31290752452446
109.12319986885439,108.70446882007583
98.11326009328486,97.73023774770483
104.90959259219088,104.75444366859466
110.70993712055238,110.04659349495032
77.13141070079936,75.79625599306733
98.46343139093335,97.44610878203682
82.74388686538552,81.72869143535769
100.76160594713656,100.63172392214359
83.34715026645934,82.98365538535057
107.06916931763571,106.83797558027517
125.07286204019522,123.9903063414072
75.92065335933053,74.34084552502408
99.38526065849112,99.22098265387874
89.22862122649492,88.64248332415029
93.99581048794239,91.12681225577985
111.70529782633696,109.5376326468845
88.53791747988961,87.39319469836705
92.43447836533169,91.66181115012836
89.64937134543852,88.90584353135256
89.33265203973576,88.25866567461954
104.08498675074775,103.64934077895158
107.9279608570189,107.74237690157828
79.03820790650798,78.3128547122997
109.52909409842059,108.81272832542949
120.51474931336948,119.03969728788333
97.8719750772093,97.51300884382862
114.71581242726614,114.07417986062798
110.82475290949671,110.40586975921796
92.46807222821892,92.29251950377478
87.87061977261476,86.67261134843012
93.18775351683306,92.5678432990443
114.66475660231325,114.06193600956303
122.16259154527408,121.32331542522716
96.19228354262683,95.86323608484109
85.43056053443091,85.14858629049249
118.42073079437179,117.55021422046195
112.5810591867719,111.98983472123764
104.20510370058697,103.01313212201156
91.29207741460635,90.16546045410253
94.16888705858271,93.56557899955043
95.7843026470225,94.9643879237446
109.14316345089152,108.68272150690527
99.20471903005193,98.15258314701481
96.69686854687747,96.49601458308221
99.8965464495171,98.87798933098549
114.08029744623069,113.57799142745063
106.40350866334634,105.50358812745596
96.59956896060261,96.1826556598146
117.00991912992802,115.60543078151254
99.62010407901522,99.42841401148087
100.23490751158107,98.97219472565057
95.69690826055248,95.07715375143268
102.35858798748416,102.11679641665324
129.0213706217603,126.35047743640298
101.62129766093831,100.42685485519755
98.93293600565528,98.02707499595809
108.1213194425062,107.85082366699353
78.22331059057177,77.45730618836625
74.19369125844113,71.28789076392441
97.24733437849876,96.79652044247833
99.71683633420415,99.5246918733491
83.18054376513808,81.4379334504896
103.09792841801642,102.76272138200119
113.38694471438643,113.09316862420265
114.10168229357326,111.87443655087544
100.42233716997428,100.26326192901199
112.18230049381535,111.84360430050602
90.49902683438864,90.01553374661023
111.92743153883006,111.51888993675448
79.79523092484807,78.38813272241806
96.51219349731453,96.18947591088113
134.28882137243235,131.87431537524154
110.22074002599267,109.95889571533944
103.7714956833655,102.90346853303716
104.24498509955428,103.52242434652263
85.06198738715133,84.76199409860934
97.52215985955391,95.59704686921711
87.36280783559803,86.80543217538555
132.6939030985462,129.55525771806396
95.36125871720228,94.44366822946289
87.37045912740392,86.19500528678273
92.67687764174893,92.52206173715102
98.26102830552742,97.46120125801814
83.96304571511773,82.49333822676417
112.7482445989128,111.41860498183483
90.46610523736133,88.22964676498026
85.50581308734108,83.97802636241218
101.7757282876444,101.00628416811918
100.77291665786326,100.22373203371797
80.33870226129493,79.38656543039221
91.54218561316533,91.33592763375319
117.24095595267454,116.4157815289084
89.84544785723182,89.25736617229103
94.91802797935057,94.33144480412335
95.72848598924185,95.54309303239194
81.29477157075017,79.8225790304841
98.03060901127245,97.52884702139812
79.27693612789128,78.68376945149326
91.72852044476585,91.49040453748309
115.07619547493522,114.37673609769179
108.30540549483753,108.02302931160273
79.6421863560328,77.36100592852522
85.22074735654094,83.82955394232421
89.87065296257634,89.45525806009314
105.9229810894015,105.4418440313932
104.11711785661439,103.98924744287164
94.55838274387216,94.15393450921873
127.98338505408506,127.14099175397527
89.20378892295976,88.99259211711393
105.66761379185262,105.51499829696456
89.76546417286062,89.2203718028301
85.27435051424956,84.88916021984483
99.11323643568225,98.78676304611265
83.92650295917963,82.85243872668657
85.84088622394815,85.36092112177558
88.06344973882725,87.64666874012843
112.01905442305905,111.79534798972259
89.88265197862894,89.74266365300755
83.10057795795007,80.58900379213856
76.52170826222354,75.8747609975054
85.49894300258778,84.79710288506885
91.18395422737686,89.62569660860898
102.0088228882845,101.72121874338742
98.49352926759366,98.07108563722406
92.81971145410601,92.39607213793171
100.83504609593386,99.37597109507348
78.63509739691294,77.65290745037616
86.1530365379251,84.83308852757732
103.05272123525555,101.9739829738186
76.41097426750186,75.34439012069502
89.43494145566676,89.0918443354702
98.17706252884378,97.8822106442203
87.93475707449696,87.49323886857923
108.65190448491536,108.2621111479855
105.78566140154429,105.58881941974025
114.552665944742,113.72069198041497
84.58096177627309,84.08200613338799
106.58046187671859,106.20924061456816
116.6136772389552,115.435528461855
88.96993632199309,88.44987928004012
79.78796040924765,78.54638422090513
83.7159104840687,81.53587888163464
93.31602922035044,92.94758354435318
102.75473513958254,102.0239062717682
85.42907730441338,84.70434997841038
99.4942566349675,98.94772246461532
112.76143068125404,111.1241434431778
91.9104929814995,91.52376437282152
102.29400980123943,102.05664963441396
98.75178163345609,98.50602267344814
90.09847982610034,89.64919538561756
110.15259197635929,109.91434519959373
103.63710137526864,103.5584650945014
106.15982498520498,105.78203180257994
99.76927717256869,99.05464512916487
101.07836408983093,100.33737779118066
80.3725109573593,78.79532701854302
77.72639485832521,76.26506447677535
92.4004122913986,92.24365736683157
112.26315917172431,111.76117325841592
97.07554896007129,96.77006529497707
92.05063648932763,91.55916469891235
94.49620993351263,94.15006876870899
94.18155249585504,94.0156282612131
84.57409687456416,84.08382208125171
96.01099687557713,95.65891077679825
108.65442449042177,108.01827472238372
77.05954371467433,76.0037412388653
102.7349527436838,102.09553232752657
85.35321850063929,84.70672704468817
102.02436811576437,101.75409223185751
87.21044766237746,86.54072483667292
102.38463328282522,102.30174619958348
88.06077355366682,87.52557400604312
108.46000570612308,108.00679849276887
139.61070049702914,137.04229216049006
99.34433467561563,98.23366247573398
102.51982565342095,102.0495724089483
105.73728133150007,104.98131917228416
109.93282522671954,109.58469989282378
105.81771427793521,105.18688555090799
105.5232007949479,105.26091081301111
95.54514082539846,95.31260942231847
119.20087382526728,117.58899585918984
99.28650157535252,99.1480934420651
86.93327182825554,86.57145661588495
87.58452095198572,86.9047829093621
93.46214821263952,92.30688291128095
104.47302723403857,104.07024295088779
98.20006839158934,98.09257956489891
104.40991904580954,104.31989465790927
98.54048174732146,98.04177276170059
110.50599145211334,110.32911526679817
96.19081541987107,95.89265088782693
86.81275642668906,85.3246185499675
94.61450507505825,94.33518942481685
99.43934560950233,99.19283197034441
102.69768961014206,102.46916881854355
95.17354066895099,94.87453062530514
111.86731548373616,111.20135967229527
93.51630303199846,91.6092289127056
120.87232986088357,119.97584475586821
104.3403172032822,104.1505565945407
86.9067836536694,84.53581641083872
87.36264162744186,86.74328355947284
97.71509540341238,97.34786020585778
98.3569927256568,97.59372770353572
118.18305022138011,116.53949184671112
87.29093079154369,87.08892643538674
87.0576628362614,85.86426567355714
118.04116804949147,113.76134673593249
88.51388886662083,87.81166516302969
107.51988685205703,106.86186175068273
91.43044254610692,91.15647281880398
105.22122106055389,104.91934157444686
106.46453373784871,105.1849454920808
97.67452899103228,96.6058767973152
93.54332712126147,92.9978194005603
107.91897783595653,106.50969235853827
113.754122044826,113.12808083697998
102.50206857692947,100.31491779962225
97.69066774378767,97.41738771654661
89.93883972743153,89.80971795257798
92.8762042517774,92.33148746420693
107.65103067287276,107.46078056853912
95.74677052559792,95.34198623453129
100.8941999941223,99.7993376603665
128.44105330123227,127.14652945991263
103.68454627927896,103.48491926955042
73.99834740915209,72.8337871918996
88.89824930215495,88.11553262096598
76.15431730368353,75.11992252725409
83.88682286661185,83.32462404227316
69.1806340079411,65.61472961439146
88.61835838468896,88.30684877102009
97.63406443699392,96.83009172357222
101.62676632616544,101.3937697586978
91.25267252969293,91.07882736100234
89.07615819221232,88.3687880306805
78.43055143892965,76.68953275610758
101.86434346657884,101.27422091728236
78.9264255098709,76.83067963339228
89.95814026549057,88.9842208115669
96.48592209235996,95.97852063223557
108.59285884548085,107.88862591253879
102.90565640417199,102.48756950997654
100.05325831659589,99.8272653099262
103.37253646046615,103.01436003325351
103.3628511745206,103.114301280812
118.45980720087529,118.21223495984744
134.60510624544594,131.15388033239444
112.64391753095659,112.15696463944869
108.10964470993265,107.42111490772069
93.9492424211806,93.73759477877331
90.2837309832879,89.96423600917124
88.13667001116956,87.7924931517909
98.70103083127478,98.49977441142448
91.7212394644519,91.30956638955846
89.86935410881424,89.35233624286916
86.86868019534138,85.11954451485772
82.28747475914541,79.67415694513275
86.47775777528913,86.09637942652671
97.67145181276375,96.83765220234076
73.32125363306024,71.34409432703286
98.3717924689678,98.1056865000151
83.77826241184677,83.44991302870706
87.00403405016648,86.37097864188502
83.11541209622779,82.45409259127298
109.35610192512388,108.90561739709574
86.57609451748507,85.95355794197202
98.46849333784752,97.86489091887192
93.97544433732688,92.93214810268859
76.33434760121067,75.38194705812539
90.61331594839774,90.44216682269332
98.34993144507071,98.17995468332842
104.3958912233266,103.18283729062122
96.23931540562417,95.92201646554687
99.99711423231898,99.87364488856957
99.48686762238522,99.40815343786002
105.36162705371173,105.07948851602625
113.76875151180366,113.40157027409379
89.33140999883943,88.25859541122016
95.37599101552,94.92353345589835
99.75468738195563,99.53451314353794
106.25273182383903,105.76786251150199
91.28499994698595,90.61148510772526
78.61866193454028,76.78778062645586
104.42315474427649,104.16389293608977
85.11946688621882,84.3385967062172
83.54923345399351,83.27654453454407
116.75106101089713,116.07771248440997
82.62074309301785,81.49394198329969
91.67437445998621,91.46006058448819
93.04108889603098,91.77227189100783
80.72388189251464,79.2459217920673
107.69958202443209,107.38872650874701
94.68868817839615,93.97165583322113
101.96864710656419,100.93431047024511
99.39357133203723,99.11768071954435
100.61952170449992,100.10357494263071
96.0846488867242,95.59294380796851
84.94337697046312,84.17804679401259
100.5595789171328,100.47561388034028
117.62179420871594,116.5858897468138
73.57277069765105,70.85543743831222
85.46818301988587,84.88132613463358
100.90645763569292,100.46404539939071
84.2361430492188,83.56208495505363
98.54317563975883,98.41565136662717
94.12714008014298,93.4692147980262
104.09758531446886,103.96320936163507
112.7413028384057,112.33385064541007
92.40837994837308,92.10048583404128
118.67329733153346,118.25249402077125
95.1367844540523,94.56214701064445
97.27713034244515,96.96187069274758
86.3321071776885,85.08312205055671
115.91681227248868,115.54357326069257
94.34502914444705,94.1925100940592
99.94744216905661,99.40876152620429
87.73630599505277,87.50962311015167
87.94717039730573,87.34839486898665
109.87189086606583,109.22283070106862
118.73247726942114,117.23492550705457
95.171714180116,94.52631185243384
102.4306584084798,102.27903978826667
103.401840254287,102.97252032327346
95.4518353674684,95.07922510053098
106.17444426492764,105.76972201957099
90.99196295248477,90.7065180760864
102.16444958322762,101.75629338701877
102.68146343790693,102.61419297647753
125.51595406508126,124.801837446648
110.13362622899407,109.50948627783927
89.19966808277213,87.94236631651701
93.63140113312569,92.70281284124707
82.04985403598735,80.92846133964387
102.37250097725907,101.73204572445742
78.6151243064304,76.16809034594989
105.11593224685578,104.7193759566912
102.32313942130564,101.90563772717346
113.77291949331916,113.3497963493566
101.68606639831849,101.26769209289583
81.19273617267561,79.97198915037409
104.22305644693681,103.73264456000739
80.42474000951728,79.69772403424503
123.47193104476816,121.32133544599347
112.599362170183,111.89271100701662
103.83148341220243,103.62891314427351
108.49944441802789,108.01698336760285
105.69895804050782,105.4884902764021
100.5559909415213,100.21521343431407
91.76887524063034,91.59266219960809
110.89282596406635,110.3013108118059
106.9468773400092,106.48777527197558
101.28903289040875,100.80755393237476
77.67246266665161,77.27243901336114
91.1415294724252,90.59226101599295
102.13047082814143,101.28611689208296
93.8897421291642,93.17995127982348
102.15983657295112,101.76583477838815
100.22179784714926,100.04351551534636
98.56612034201565,98.01597920076108
84.03667119242695,83.51675506714668
103.23876494228321,102.89442305791616
97.91184810204376,97.51176463383212
98.83948819805877,97.46292275919932
75.85835409449794,74.72439619548571
91.54182007582565,91.2847147660284
115.04013421809344,114.51944917042991
119.40854933895058,117.91172417260391
86.07884549998397,85.65621774527331
107.80994371370153,107.15017673780234
84.71362541160967,83.63163106214387
115.08037943507297,114.78645637779525
93.62392088993916,93.3823858022909
76.93056734607416,75.41434786411178
88.30481065367704,87.87464458393237
100.21933342686921,99.70365229101044
91.78715740973038,91.27693016601829
113.05913304037247,112.65943869120629
88.431610507316,88.10090582354923
83.01071849253782,80.92633627762058
85.32493195717531,84.53196852145426
105.08461791373352,104.79607744885844
90.64058921919651,90.27098970540713
94.9446065614332,93.76621094399545
93.88352944453106,93.44259528474953
93.64528299195118,93.15454064991985
95.82921831042312,95.55002464508237
78.18281979257708,77.17152235960545
102.529272649164,102.24474846307879
103.03969013714428,102.77858317456928
80.38974971217975,77.02865763047632
95.1364363142323,94.95234400699101
83.58508340403856,82.667333086956
99.01503456183941,98.75144620999988
112.7381148400649,112.34753272846424
111.78371157661479,111.27452433393094
99.4996523346485,98.29699589551726
86.65849047773014,85.96713038773017
82.95152358561116,81.93907280032384
99.05589349601287,98.89674584253866
95.6438639091255,95.25789411320835
88.28080402239618,87.86655035924798
102.52903206876508,102.24068033124051
84.30263416557418,84.09407289655464
89.46860333651686,88.8938428254362
85.22819462904597,84.70373580534323
118.47760841849602,117.04307897598345
89.25770511526187,86.98330929009124
94.55976585429521,93.19875393423374
89.93264657646866,88.69610650676668
99.496475599401,99.31615127342543
84.3130661285946,82.08845555176363
94.03080932813074,93.74120921560369
113.63448527849152,113.35410697421784
102.15512539511103,101.64025353078902
102.00330626375857,101.79338108417804
88.79553505719025,88.11574723976219
109.39614013748432,108.28071174299929
89.59154650528637,88.81231226020361
119.70496689508528,116.4753450838169
86.93849648748795,85.85907058537718
76.0743311323257,75.34049553778316
98.49101808743154,97.91295996106614
103.5719937419482,103.14137556828521
100.4412475851187,100.10709744139663
97.75394498093154,96.85080691906568
94.98121793920909,94.87060600181779
127.90057240864206,126.61219177394032
107.05752178449379,106.56699103093143
123.52757008928972,122.77318229169673
107.89442270520348,107.55024283002054
103.71983733967883,103.28119872998984
93.97479494704201,93.79682914035317
94.79252455965539,94.46491611670824
82.30138921956437,81.12278053247505
102.88146891944936,102.55255927519732
124.08266477475063,123.54763484149137
92.05314894912507,91.38609102212898
98.91834182659886,98.70611966515824
108.46310017828732,108.15510922373713
87.01803420419665,85.41815875719558
88.09158773812402,87.84972206593588
86.2768307774032,85.17825850781638
98.9247113872814,97.25310394904183
99.17160452663467,99.05417131504812
107.63758938471696,106.68802053117552
88.31813731066266,87.3113682410319
92.22113278003789,91.79052273714665
85.14081346270768,84.22681474249362
73.75634612549958,71.7370773362103
94.74622005097088,94.47282205018178
103.5855567136542,103.11406162853514
99.06207973493417,98.61219268495232
87.2522038159433,86.82945727733167
115.89248303942747,114.86414247334879
97.0089697905207,96.73598096609999
110.33075397271875,110.14829346916872
107.12724008889394,106.72767157882991
88.74599130753796,88.50581740065455
95.23089226779925,94.03897913815469
94.35629703174358,94.04759590687168
96.40845389894567,96.23011998899872
96.72849712812322,96.44260504584032
94.05649985450768,93.45297916906055
90.2088650723292,89.84296119929975
115.87041521513653,114.7988405610937
92.06877622867343,91.78069800621523
96.17691526402082,95.86021855184131
91.87903041198983,91.33042612770319
106.14149809036074,105.80587122924716
103.72432931427655,103.04782666557935
83.66218646531233,81.54461570487831
107.03632853849471,106.8908563569299
120.76457830994748,119.83076434650197
92.74925754496876,92.32201786779675
87.9753567444679,87.75899164116946
128.5888831981579,126.92600853030817
97.889011056215,97.73533424161275
107.07938394955508,106.16856321685401
82.30515937736098,80.09263961620931
91.64906817717983,88.5898651270044
105.86018829363177,105.31653337745514
86.64500523377058,85.70347709100588
95.32880742824004,94.20504169468055
62.50917634477028,59.71854323045737
100.1045324817436,99.89689926106182
94.23708004596739,92.7210742951061
91.633885347095,90.76844075005882
84.67447991102821,84.2102350633752
85.85613864999347,85.35911129826611
95.9593122761222,95.75050058395104
85.0617601479704,84.32262524508825
116.43189761571698,115.9435508248648
116.48086934710857,115.17421557794451
88.6795559863859,88.46561865969565
85.27065151798416,84.59101680944407
96.33957413016185,95.60026851895432
128.36665759992212,127.10887101206917
78.31135451242213,76.31114937782274
118.30334983253421,117.54364407486051
102.16107066329344,101.91608314878984
90.71001721324136,90.52870658393853
96.86059163157877,96.67886265931223
110.7192205391636,109.86829237669727
96.27161692251497,95.97914899537793
98.59411786834401,98.38657236822262
98.49274121493323,97.74116428520178
100.29539614658002,100.15094511114694
102.21163480536194,101.7729391306106
107.40127017755601,107.31777666625761
88.40403832301328,87.90476019341718
72.81111314353087,72.21522198784982
93.45547989434225,93.32685675702551
87.36074968312063,85.94044808777176
109.9766865472514,108.63225239103174
96.26382406190052,96.05788506684335
88.84947891877428,88.49900078208437
119.96727650128872,118.79117957669983
87.44574323056696,86.46541602620454
88.48750326900061,88.02375503578443
101.67072713833183,101.05298857924272
102.47128736643626,102.21904622618179
88.83217074296255,87.93375145343661
72.40708384798491,70.02696761002561
113.31513000097995,112.76411105047974
109.73132466168363,109.43288396420498
81.484317051012,80.45261044617081
71.87709727203126,69.74650852182523
86.20862116111749,85.95154474181679
117.51031590805086,115.01602713651612
108.7278184859304,108.08997770109144
97.61652271847997,97.41057691207297
92.0007452139014,91.71923952807313
117.74103002595112,116.50871424999197
81.42020700452355,80.97496734632684
82.75945721240099,82.22697765418121
128.01497326524748,125.38882626252706
117.91007490652947,117.46346394504387
101.91513464029505,101.77802249280036
121.68045972705912,120.79306829778568
93.35668574604031,93.11350164261148
96.95695703793251,96.84945371600574
95.87757492399446,95.56100183955331
94.3336592156919,93.93596535892844
86.71407579731877,85.44526752334708
100.69526433565156,100.55567725610936
87.39941997686441,86.84219977521535
86.948389751005,86.46474094858436
113.10167698022106,112.28657334769777
94.6762127426712,94.25348971571869
123.2519320552911,122.72216653235786
111.89331873996605,111.46533220279528
100.69686850048225,100.14543972872536
96.17808213021128,95.16101443253136
88.91988620142607,88.63962238305578
97.28403114592798,97.03563126219237
78.49155997633031,77.68482405461381
90.74638375397063,90.01177538259871
109.6178993214368,109.40154184171122
90.68624318627413,89.83355212013879
81.99864944086924,81.3382226681611
92.94951851490936,92.55398100246707
94.62284934399244,94.43766044292818
112.9877458982018,112.25779069013527
103.55297295745062,102.99386001610092
92.79958837079955,92.18214158614282
76.64278256182952,74.86911026092159
89.59414336256252,89.13609802237697
98.16459712366589,97.56053320589778
83.3765921995933,80.1741272577737
77.87865722930992,76.5539208766086
89.18396369806423,88.80292326634392
68.32315963565057,67.03416870065544
116.8883139066457,115.63007009180845
86.99565086905969,86.66939951622034
93.05355597723359,90.24517345284961
95.3322706577142,94.74798393357588
95.6285624535476,95.25119740926294
88.02862217865939,86.3734490346343
93.20798382243849,92.82754400672445
81.28845390474747,79.58164468621762
136.22283264399874,134.09897750276315
80.02926202096758,77.56709582781869
83.92770187743152,82.94546552993403
89.5475681464053,89.36604328338903
119.18446331161687,117.7893048477362
90.88053931449423,90.60358068128023
116.02926845311103,115.43378509564792
103.75485627299767,103.10538025417648
80.22932521518746,79.74177436493204
104.81973889917083,104.54666116301182
78.33832033756889,76.9285778374076
82.61680452032421,81.82012724626576
99.94415897831199,99.60317138071237
107.56471374715251,106.57269205390915
104.4191065807635,104.2853269851267
106.2054325943501,105.54109768985356
85.8971010979181,85.50025835487293
83.24608345200936,82.42616593730514
98.07841716863432,97.83524871005561
99.42545149687088,99.23089993291828
107.98513609781335,107.33741794264203
97.58693906207861,97.48494221810492
91.4484065509425,91.3167644431905
101.89389909289439,101.34241805674132
93.95466265026361,93.66120870618471
84.47155862504161,83.38317620142357
102.68026088283229,102.33805217632866
100.42300000976773,100.29330542157744
103.49228690756978,102.47664008009454
107.51475828342083,107.21494154122107
91.24999617072932,90.61332493724758
97.23681238482567,96.5974072678664
81.4660814941754,80.48642100933274
93.72878485394416,93.59364954492109
91.74306362592598,91.2678772496774
110.99028863893878,110.04839484909441
89.0380261743463,88.58065289339788
93.4357081455997,93.20324864624263
94.55218005840797,93.97662238487706
89.71984124450168,89.28908673906567
100.46930255924173,99.15409067750232
103.1308255848256,102.90837748305631
96.63827935776257,96.2808428066165
94.66969556099426,94.01078244850552
102.25867418811978,100.78017441384686
102.57699230124244,102.24439582020662
106.15520628688469,105.84168760166133
104.65007585832413,104.34252908982295
102.71644653911407,102.51652812400079
94.02642175779691,93.5317973937579
